,variable_3,variable_5,variable_6,variable_7,variable_8,variable_10,variable_11,variable_14,variable_22,variable_23,variable_25,variable_28,variable_30,variable_31,variable_32,variable_33,variable_34,variable_35,variable_53,variable_56,variable_60,variable_61,variable_64,variable_66,variable_70,variable_83,variable_84,variable_87,variable_92,variable_93,variable_95,variable_96,variable_98,variable_99,variable_100,variable_103,variable_106,variable_108,variable_118,variable_120,variable_121,variable_125,variable_131,variable_135,variable_137,variable_139,variable_141,variable_144,variable_145,variable_146,variable_147,variable_151,variable_152,variable_154,variable_155,variable_157,variable_159,variable_160,variable_161,variable_162,variable_165,variable_166,variable_170,variable_172,variable_174,variable_177,variable_180,variable_182,variable_186,variable_188,variable_189,variable_191,variable_192,variable_195,variable_196,variable_197,variable_199,variable_200,variable_204,variable_206,variable_211,variable_212,variable_215,variable_216,variable_221,variable_235,variable_239,variable_240,variable_251,variable_253,variable_259,variable_260,variable_261,variable_263,variable_264,variable_265,variable_266,variable_267,variable_268,variable_273,variable_284,variable_290,variable_291,variable_301,variable_320,variable_324,variable_325,variable_327,variable_332,variable_334,variable_335,variable_336,variable_340,variable_345,variable_350,variable_352,variable_356,variable_358,variable_360,variable_366,variable_368,variable_373,variable_375,variable_377,variable_381,variable_384,variable_386,variable_387,variable_388,variable_390,variable_391,variable_392,variable_394,variable_398,variable_406,variable_407,variable_413,variable_420,variable_421,variable_422,variable_423,variable_424,variable_428,variable_429,variable_433,variable_435,variable_436,variable_444,variable_448,variable_451,variable_455,variable_458,variable_460,variable_466,variable_469,variable_472,variable_476,variable_479,variable_482,variable_484,variable_486,variable_489,variable_495,variable_498,variable_500,variable_502,variable_508,variable_510,variable_511,variable_516,variable_518,variable_519,variable_524,variable_525,variable_528,variable_529,variable_541,variable_542,variable_546,variable_547,variable_549,variable_552,variable_555,variable_560,variable_563,variable_573,variable_577,variable_578,variable_582,variable_584,variable_586,variable_593,variable_599,variable_600,variable_603,variable_607,variable_610,variable_612,variable_615,variable_623,variable_632,variable_637,variable_639,variable_642,variable_643,variable_650,variable_657,variable_658,variable_683,variable_690,variable_693,variable_694,variable_696,variable_699,variable_704,variable_705,variable_706,variable_731,variable_738,variable_755,variable_762,variable_766,variable_767,variable_768,variable_770,variable_776,variable_780,variable_783,variable_789,variable_791,variable_800,variable_807,variable_810,variable_813,variable_820,variable_821,variable_829,variable_834,variable_835,variable_841,variable_854,variable_857,variable_859,variable_860,variable_877,variable_883,variable_885,variable_888,variable_893,variable_895,variable_901,variable_906,variable_915,variable_920,variable_924,variable_931,variable_936,variable_943,variable_945,variable_950,variable_952,variable_953,variable_957,variable_961,variable_963,variable_965,variable_976,variable_977,variable_982,variable_984,variable_990,variable_1000,variable_1004,variable_1006,variable_1007,variable_1022,variable_1025,variable_1030,variable_1033,variable_1036,variable_1040,variable_1042,variable_1045,variable_1054,variable_1067,variable_1096,variable_1100,variable_1104,variable_1107,variable_1112,variable_1118,variable_1121,variable_1125,variable_1129,variable_1133,variable_1138,variable_1140,variable_1151,variable_1162,variable_1163,variable_1168,variable_1189,variable_1197,variable_1201,variable_1209,variable_1211,variable_1213,variable_1216,variable_1217,variable_1221,variable_1224,variable_1228,variable_1239,variable_1243,variable_1244,variable_1245,variable_1247,variable_1266,variable_1280,variable_1281,variable_1282,variable_1283,variable_1286,variable_1289,variable_1290,variable_1300,variable_1304,variable_1307,variable_1309,variable_1314,variable_1315,variable_1317,variable_1318,variable_1319,variable_1320,variable_1322,variable_1323,variable_1324,variable_1326,variable_1327,variable_1331,variable_1332,variable_1334,variable_1338,variable_1339,variable_1356,variable_1373,variable_1375,variable_1387,variable_1389,variable_1391,variable_1396,variable_1403,variable_1404,variable_1406,variable_1407,variable_1408,variable_1411,variable_1412,variable_1414,variable_1420,variable_1432,variable_1433,variable_1434,variable_1435,variable_1438,variable_1449,variable_1450,variable_1453,variable_1454,variable_1455,variable_1456,variable_1464,variable_1484,variable_1489,variable_1502,variable_1506,variable_1509,variable_1510,variable_1514,variable_1518,variable_1519,variable_1530,variable_1550,variable_1553,variable_1582,variable_1584,variable_1587,variable_1589,variable_1591,variable_1593,variable_1597,variable_1599,variable_1622,variable_1627,variable_1640,variable_1644,variable_1648,variable_1652,variable_1667,variable_1671,variable_1674,variable_1676,variable_1681,variable_1684,variable_1687,variable_1697,variable_1699,variable_1703,variable_1707,variable_1708,variable_1710,variable_1713,variable_1716,variable_1717,variable_1720,variable_1723,variable_1726,variable_1727,variable_1728,variable_1729,variable_1730,variable_1732,variable_1737,variable_1740,variable_1754,variable_1757,variable_1758,variable_1759,variable_1760,variable_1762,variable_1765,variable_1770,variable_1776,variable_1789,variable_1795,variable_1796,variable_1798,variable_1799,variable_1800,variable_1827,variable_1835,variable_1842,variable_1857,variable_1858,variable_1861,variable_1867,variable_1870,variable_1884,variable_1899,variable_1918,variable_1930,variable_1949,variable_1955,variable_1959,variable_1961,variable_1972,variable_1989,variable_1996,variable_2000,variable_2013,variable_2017,variable_2018,variable_2026,variable_2028,variable_2031,variable_2032,variable_2034,variable_2037,variable_2039,variable_2071,variable_2078,variable_2081,variable_2095,variable_2097,variable_2099,variable_2100,variable_2101,variable_2102,variable_2103,variable_2104,variable_2130,variable_2141,variable_2143,variable_2145,variable_2147,variable_2148,variable_2149,variable_2150,variable_2153,variable_2155,variable_2156,variable_2157,variable_2158,variable_2161,variable_2162,variable_2164,variable_2166,variable_2167,variable_2168,variable_2171,variable_2173,variable_2174,variable_2175,variable_2176,variable_2191,variable_2193,variable_2194,variable_2195,variable_2196,variable_2197,variable_2198,variable_2200,variable_2202,variable_2204,variable_2206,variable_2208,variable_2209,variable_2210,variable_2218,variable_2219,variable_2220,variable_2223,variable_2225,variable_2226,variable_2228,variable_2229,variable_2231,variable_2232,variable_2248,variable_2258,variable_2269,variable_2271,variable_2273,variable_2275,variable_2276,variable_2277,variable_2283,variable_2294,variable_2319,variable_2325,variable_2326,variable_2327,variable_2328,variable_2329,variable_2332,variable_2334,variable_2339,variable_2340,variable_2350,variable_2353,variable_2364,variable_2365,variable_2368,variable_2370,variable_2375,variable_2379
0,0.6758710761198011,0.5772589323721117,0.9734761831876027,0.939539425903138,0.5928004341842544,0.7937317884938256,0.9246530448940807,0.5103540608311034,0.5493524863750311,0.6242374289771929,0.7211765957141714,0.5060110098778341,0.4813495382290725,0.9180168606658791,0.27913269532225976,0.9564823939516058,0.5327619553005088,0.978361890237196,0.5986037191784279,0.34507510919880385,1.0,1.0,0.2907761557106728,0.6528017464354093,0.43325801691308247,0.6815774608445946,0.5232269798207951,0.8527335235960037,0.8514270606638549,0.9442294951527849,0.30790247664592146,0.5198981476378692,0.9040924212397788,0.38617255988240534,0.5590717398132113,0.5497324876166956,0.7134227619849343,0.4334108359265038,0.5478680288158225,0.352585413442368,0.4626594535383031,0.5148967984774157,0.4335656102976471,0.2611171197865417,0.9851086317058212,0.7100540456133669,0.8059827145897833,0.6949779794456913,0.7100379663516934,0.49683633422014645,0.7859913912686076,0.687481463445205,0.5820853186741791,0.5124810227113347,0.673221998918818,0.5012855021838092,0.8176165426844304,0.7306730132080165,0.1635964752583226,0.8069758120770119,0.30562511126803077,0.019740219752347264,0.44881457869780467,0.27976902904370754,0.3524214963930181,0.41521171622590825,0.8953115863882241,0.31559488087764404,0.516947760101909,0.3275198600551614,0.8924497387636763,0.4156443512636885,0.4112390777708988,0.1669651343335796,0.3197187207468241,0.7891975891557111,0.2716388095670732,0.7327716623702087,0.6735673415791004,0.1770178605893863,0.7740920075472268,0.6833030800588685,0.45402826429343507,0.08006143561223485,0.4293572410431906,0.25458657514041555,0.28853764802460613,0.570533673803977,0.9662809523245328,0.652678586396822,0.9695042846775893,0.7567118107544633,0.4905983219469478,0.3919825947720023,0.273409444959349,0.4827554593201194,0.7308157983865806,0.7588286128842218,0.5629336414392424,0.7267682417417249,0.4949895710763147,0.014658538990885733,0.4644474143204593,0.3591959076659899,0.8447155093529359,0.8509429233844858,0.6881767998785482,0.32334967331954323,0.8417156192901081,0.38963228140421335,0.5030645402177348,0.5853363361068855,0.708186528511108,0.3573636684123773,0.3379661710341211,0.7457684043146918,0.3585717512805701,0.32310021119017185,0.8532001937599268,0.5285552312567584,0.34519222811123534,0.9532096205592012,0.8202810223350964,0.39560667079930417,0.6125823711205729,0.3073949887476716,0.7996607992288808,0.1399341921538838,0.9716599366418709,0.44077107741217436,0.39802511925770273,0.43118013102106645,0.6041091502455428,0.3163763128513697,1.0,0.8132975379231101,0.32968306414748594,0.8111748757113059,0.5962271341586799,0.7137576962262596,0.7378162773040574,0.9495898525547779,0.9064711445505615,0.4036424668387891,0.1938856300245605,0.8915959615654392,0.7038252602921116,0.896146169357878,0.40914463554736874,0.31902352834842945,0.5486887548098094,0.8878668122322345,0.5938699748535694,0.6017027019423151,0.7465750293579039,0.5630182298306087,0.5681538250863217,0.37393095221034633,0.0,0.8383386356642244,0.7548415796985908,0.41853284685448155,0.7124961780497406,0.7650414942397588,0.6519863484439368,0.5491812676666906,0.9401106954495827,0.9871900673826021,0.7528133722781067,0.828957115376749,0.49429936265967206,0.30616902408007385,0.8214221669806172,0.8391817835921282,0.7944791037337253,0.6737553253146941,0.35795244192414843,0.355753480408045,0.26593989375800875,1.0,0.43774213032211085,0.9625254125255167,0.9596041279481441,0.9468969718632299,0.5704676101890788,0.22167422641729115,0.6293663828674356,1.0,0.6316577871758483,0.43286608296612505,0.6853414837278924,0.4277178509410613,0.5112353006979745,0.3161484010749707,0.2534995138193775,0.49324288787819404,0.45968005865236444,0.45598811969277553,0.7306320524864585,0.5760247629557449,0.7853646557508086,0.4596349935728805,0.7886437393461959,0.24607440238921172,0.650779566763736,0.866312566604532,0.12233163344606748,0.8674953827131558,0.8729111336339378,0.5911933695174436,0.8544392918108669,0.6372457553811183,0.6971564573312931,0.7094957541701291,0.5593261332368651,0.47197343268040237,0.43352064070762897,0.697410934358546,0.2516601461735735,0.5718281382962925,0.5950266103421632,0.45269516176717267,0.6987575765389082,0.6946471507332952,0.7304158585477757,0.5226108490879403,0.7449495632173188,0.5260354422226773,0.9569522036929645,0.37735738014750336,0.2861021699602428,1.0,0.5174864797566795,1.0,0.39674205565730297,0.7377868990111676,0.37947926236467305,0.43367670062662805,0.0,0.7576197112543236,0.9755301313820347,0.5683131219080282,0.974403151354466,0.537919438674866,0.043553178171839825,0.7026184903828593,0.16320578926377322,0.6881666136735295,0.7272670087419749,0.953036836998879,0.720086301177604,0.15460280018192077,0.04934002284722832,0.570112986914938,0.9706129042465247,0.32757967931175896,0.7125594387279159,0.5721206389774065,0.6227348350226124,0.5446793393610767,0.2376267244934191,0.5829192007590753,0.5525041448985158,0.2900809385958301,0.5488099957810154,0.7941181970386226,0.31486485435770645,0.7948604788508777,0.5640929438384876,0.7407480182269853,0.3998958713923936,0.7474880735831987,0.7523943097242181,0.5885859038102632,0.2553693788181864,0.7374273432929217,0.7303540050604668,0.6924461177592853,0.8161960495166718,0.5738069626097267,0.734118813179041,0.4876537062258419,0.5710183324775328,0.49094208875941125,0.4679929435495202,0.2778375421789006,0.20380853317961928,0.6260520471330023,0.9148941798863559,0.5808272267631266,0.8944743515064635,0.9419418766756109,0.9589670320411979,0.9997026653143474,0.9780182295332789,0.9673180321319922,0.9454299606363065,0.395836032576472,0.8852260507224948,0.5857027408684308,0.8370268257665203,0.6202465945367622,0.8555981631621864,0.33206618455878006,0.7140933299699732,0.5602097035106941,0.7454369693713879,0.35549954889079094,0.9870066631058917,0.6030192930522844,0.02521036153680473,0.5366467514711682,0.6534772486871876,0.41160625866860595,0.7005546320789782,0.6914806271867119,0.7103684610513362,0.3626846364165603,0.5852658095407501,0.3798844672616242,0.5805256357227084,0.8741871072300628,0.5531951808024762,0.6214612913608372,0.38711954540188903,0.9680296828819522,0.7318566712855094,0.686677085372422,0.7273301937599993,0.6447366509239059,1.0,0.9742914641514199,0.3682467074683639,0.9359429702818837,0.6022072579475389,0.1713506895023466,0.6093650010516944,0.17552522322787592,0.6311781233912063,0.5125418640044008,0.49955998923409173,0.706259772286772,0.664132951344309,0.19039483312676048,0.8024007947814124,0.4129164182205999,0.40120466064024296,0.2785582618426614,0.5986184991229324,0.604662408941533,0.684782151065869,0.5551885529484869,0.18061455177397115,0.9414007060298142,0.9292784298171315,0.9301004845704698,0.605059957907498,0.9213794151724728,0.6471501906591999,0.5220807113707361,0.12643630251226204,0.567849241415312,0.3894409191245053,0.5626114731687868,0.4492340882588882,0.5005265357955307,0.07165275156306669,0.11775431604123235,0.7941174775717976,0.29372118602012587,0.23191546548036612,0.21396965256254752,0.5422227175450992,0.8950737200758179,0.5841607051079555,0.916686877732731,0.8037821703460185,0.3686765186180456,0.97391385256345,1.0,0.7655878779769237,0.7055123249931697,0.29105548794507663,0.49213063626191955,0.4510264785214542,0.664333091690937,0.6515744239749097,0.7028557955700011,0.6978385524571892,0.6675210696206714,0.6920268181006228,0.7147180029697794,0.48952308261838,0.8174163764842168,0.4694960235087406,0.4200454541867072,0.841170651137988,0.6524926004786343,0.22559370750617846,0.6561874165842491,0.6692444447614561,0.7728929301669683,0.7278284796797876,0.5678902419095282,0.526713619936596,0.45986901314763867,0.541548258542634,0.5376879363304369,0.5215942513784371,0.4500988962459492,0.4015561661192518,0.7602270855861156,0.7634767600990812,0.7882787951679205,0.7767911603940787,0.7017889031844957,0.5667346475218558,0.7133119398439718,0.7226115714070365,0.9772621587930491,0.7046677416119431,0.7710210323017541,0.7783623330887013,0.3914439332337068,0.31623881085999656,0.355319104376467,0.7132775185882663,0.7264669717900143,0.8326033912639633,0.24998022557029204,0.6986175673719223,0.9659237412957068,0.6840667980300714,0.6692998467833338,0.5253402343338962,0.8856867185688967,0.6587664033468541,0.6356678839540953,0.834776227761729,0.803302563481391,0.30972622423437945,0.17078345073401396,0.5377807239202496,0.8589197270105687,0.6128071064360883,0.5642976655797585,0.9757064988185076,0.7925189242773751,0.6001074823337924,0.4435883832472367,0.2941938020560991,0.39712146821730027,0.8642982995308385,0.5687848906064596,0.8937325382363958,0.7404923649998645,0.9768562042138753,0.2915453078254954,0.3437201288118384,0.2973833371656736,0.8638190480250558,0.6376775125366987,0.6058252150466509,0.9826054358552934,0.7709724413307373,0.3324294603828613,0.3273877846493125,0.30424960816121505,0.4555775524002364,0.13206484704247617,0.4873904186341721,0.9778108931865875,0.34174320195094005,0.6101834537673677,0.49999199021978796,0.52143186768268,0.5015207638089367,0.6012249170203152,0.5913117583850866,0.8918149887530089,0.9305069003845775,0.155775829351087,0.6312880714982605,0.9404925281286741,0.5904100444520156,0.7584192180249734,0.7678911377591011,0.8260481113259844,0.8277078596899267,0.7580569090362959,0.7500883941872394,0.9364738253860223,0.8817750201594469,0.9333208128975434,0.4580307130851527,0.7320197522743638,0.3238228840262295,0.41018340456317076,0.49358934463097204,0.7385750983625181,0.9314082016481692,1.0,0.900154922972375,0.48068785515818774,0.43085050170415296,0.9893899816908078,0.6266431966684791,0.6382566614751342,0.6144440758193707,0.8262462390692447,0.6084045636341538,0.8076430932764295,0.6418729180905499,0.6070991655837621,0.5615507814270472,0.7425323859758979,0.7084628701046447,0.5507411227510063,0.7807392392321567,0.7869595713411284,0.7931010517364524,0.796397126719188,0.8086413492327417,0.8432260201772162,0.7161647666843284,0.9428791198681671,0.9945894202324129,0.9907318152399481,0.9171420255788225,0.9565520632068242,0.9353116595337703,0.4994376989136105,0.30636259968675233,0.9892176323548703,0.9251078605586368,0.8426045993341936,0.7668201100089876,0.3406845427025228,0.9769604883022108,0.31884994995424326,0.9806244798199735,0.8546594831106348,0.4966874572825214,0.8402714072844195,0.5315423003069598,0.6484014322570604,0.7624343597187239,0.1775920392559923,0.5942539216763801,0.6249859737969574,0.9343399018534845,0.5351284584662944,0.47598221598211365,0.9823632265267233,0.5500778498069593,0.950290150079405,0.9672592378456778
1,0.6669851830643851,0.8239652870981359,0.4064411495583354,0.4132707744072117,0.4567011479587674,0.7131759081883255,0.4512983972995252,0.5764815205952017,0.20335825021158965,0.3689538740981503,0.2724737211780578,0.3165352785056506,0.5951163003053731,0.41315259018214057,0.2682840607049989,0.4284825952830439,0.4056624362688655,0.44091588413250893,0.6600686809494881,0.8025780569240702,0.5206059114951088,0.7042798419061008,0.539877197994892,0.5804474125254077,0.2714365800675097,0.3098136666705648,0.552950029784053,0.7732864047286396,0.7642779923477966,0.7203392717957212,0.3088592514991418,0.4601806630686708,0.42051996942633246,0.38400337565945064,0.8066436413792285,0.4847583273099482,0.9729768804701314,0.37437215427082177,0.8120922297231788,0.25053491630768515,0.39947487172741186,0.34349464884398684,0.7114027940940174,0.6650839690556032,0.3203943198719828,0.7320637076473743,0.6812853005298932,0.6121204209923841,0.7343239381892989,0.6544913779361957,0.6512186595176518,0.6930917984236104,0.6523126953234261,0.4286810234911291,0.677111866113042,0.4814093936455054,1.0,0.7977674876380073,0.10619609748616159,1.0,0.5396863947679333,0.1900943842077172,0.4280787028287508,0.5781799763304981,0.026967497103645554,0.10765434710191538,0.9506194863243458,0.32349159323235616,0.898920511038331,0.45277742598540716,0.6317240045292984,0.8040729592578801,0.3625756997388716,0.13226961371622026,0.7757510338694904,0.7751957909679467,0.17871637179654865,0.43994947199016193,0.6797146185549396,0.5628404445804207,0.4292893300919554,0.39517276543464736,0.5041062430086265,0.5357395152879396,0.5361591547121791,0.31752839277289374,0.16813466264736313,0.4897159186270284,0.42608722428406326,0.3850789776160804,0.377015748232948,1.0,0.21569237446085784,0.7578659744043494,0.6986027226633553,0.3570511435575331,0.76859561156614,0.6373509303070838,0.2933366796334687,0.5917773093158889,0.792299054793461,0.6077798829612354,0.3565227464267552,0.4066452177132336,1.0,1.0,0.5055083562830663,0.35206613004111803,1.0,0.7460161460493799,0.5355123509897411,0.6426782568873003,0.42251912975605477,0.41276664937289637,0.3726150323347732,0.6742106706838359,0.4163804945787765,0.7147236497756458,0.3690708139928388,0.1782248793215487,0.24328245360312015,0.71128483849936,0.6688144374147006,0.3006203775016892,0.31294027344686354,0.20665863843018503,0.5068430665560533,0.3297458117806903,0.8692992379680725,0.8488639817583147,0.3640421869617338,0.468841885117412,0.3165725344679304,0.7232742521140231,0.9412260473937141,0.6446795431697117,0.3111823102950046,0.6967989333920847,0.3656813184822663,0.6925058104353622,0.597262488510898,0.9440148824444577,0.8842508634404842,0.4587285078526939,0.2311680571209734,0.8692834720776256,0.5615460423236927,0.8710626373325902,0.19618908908347005,0.38664952776839834,0.24601289462932244,0.8737597466430278,0.356650517323336,0.36774455480689194,0.3707902335681708,0.34761568813531424,0.3459918054422662,0.2811682660831079,0.6282837722093649,0.3469007101954169,0.70458905443651,0.2585133040895718,0.6733834935941396,0.7383281615248488,0.6743811980256837,0.5562100962526155,0.719002528496197,0.2574432572959033,0.8031648350956164,0.7763764959158195,0.6800682953762501,0.34800370181329937,0.7449223885770538,0.47521535184732444,0.7282622201819853,0.6294470820486494,0.8698044019429338,0.4792792294244205,0.41182817397196125,0.8522914738680641,0.22748494014455814,0.41202153431295685,0.41917949212175765,0.415186316126199,0.46886594997312925,0.304871340591535,0.5092465689802148,0.797037630179107,0.5069985066327461,0.4055735488308713,0.685102528314972,0.3826264169891792,0.19550079422349811,0.993065168946418,0.39905827928971804,0.602167716831621,0.7269343632452632,0.46092477080441974,0.5020338594296271,0.5440213726564254,0.6606435622986038,0.3105393183407636,0.668637914571048,0.3808493871953158,0.28202221761988094,1.0,0.26891000041812824,1.0,0.6765705376632092,0.44611439231250066,0.39814455656290915,0.5260544224568364,0.8979577599313591,0.4145771381912823,0.36006932435113836,0.1970210946918046,0.29711271971705727,0.7699907589400874,0.06731399590416264,0.5611970129507484,0.4981135350815869,0.39436056510497897,0.5558340069292667,0.4048518787572021,0.5069022740726951,0.43056977182245443,0.542428161228315,0.4180744028933531,0.4045979239640107,0.19007386513730556,0.3081789173858755,0.7177202505966299,0.2733786064537342,0.7152980111071487,0.32533354944209847,0.6156733758224027,0.30755342990424284,0.2584434088226836,0.7111594012603522,0.830278119092754,0.4281429397584352,0.4841284506479175,0.41158538527494304,0.43762419941890063,0.1992727446956569,0.5457728065329465,0.2125810473283294,0.5283444522449473,0.6865897695511788,0.4293430338767779,0.791824013041206,0.13336657756005257,0.8234674962240989,0.6478397621554077,0.8317371904195434,0.24188797040536622,0.7982700206578556,0.5073905574082348,0.4785647800612405,0.4781320654678728,0.387880860597122,0.4771920658951718,0.4688675273385568,0.17222628887734834,0.5005151823795493,0.6860504569316482,0.28072679535385137,0.5605046236630123,0.5530417542012039,0.7692208305495938,0.9101166780334872,0.5721450771853306,0.5408255310612634,0.2743285302703067,0.2423083136363829,0.7219938834096488,0.6595062019693506,0.41890758829934477,0.8852519585405849,0.39397103320189797,0.34241959764517443,0.6852780102315842,0.4966053641380315,0.5808086524361952,0.31373267879582556,0.5169895578809074,0.36145427396713675,0.7782049400140996,0.4550665956722251,0.2837758471692086,0.6562751606223165,0.44415617493453025,0.7875610242358274,0.9783831216152689,0.9819242239358068,0.4259409263910206,0.42033113595647065,0.17647606091119206,0.9370159353864389,0.7981045861004974,0.5788956514282747,0.7523203211842656,0.8320733890295283,0.30969543460820625,0.7985407891954286,0.5421935509289435,0.3622967012638211,0.19913952094324952,0.9951926303206196,0.6399795459297688,0.2995934832064544,0.41566139304116756,0.4677490186922929,0.41784552603094466,0.38843408873180063,0.6449982682180039,0.6641218560604094,0.13207941087469005,0.5019557829431072,0.27246728654397856,0.5036037017695284,0.8139904531054983,0.4556705288859853,0.4598496929583126,0.3393589814370332,0.5827975136515717,0.6179576889996558,0.5809431422714503,0.7882927647593895,0.7220186750074173,0.49082786669756234,0.41591763272145343,0.12172436323127919,0.403907620880172,0.5156919957777658,0.22646268932448635,0.5263277129111197,0.2156781537481895,0.5480664966399248,0.4142536637732121,0.45882587142023484,0.7437002691330584,0.5622603281471013,0.3013991048776271,0.818138121147959,0.33553241539658873,0.4279765987267962,0.29734035778042067,0.5684610192838304,0.6183842055055162,0.7667262760232039,0.5348342809569564,0.187274696562093,0.8756172122118301,0.9331055166814944,0.9444876690913336,0.6190352208035014,0.8816669372807208,0.6325509300767204,0.6101128551757823,0.19440911634057242,0.49076755074038086,0.4268913520296887,0.4829770961224438,0.43766964838702277,0.42252959874231366,0.09483669541606152,0.13780048311803317,0.26626418822738046,0.19212500137488564,0.28888629959815104,0.25194379041140647,0.6320396929578307,0.8902139966300268,0.5082907084128725,0.9121953281704634,0.7593925455172706,0.452832841786588,0.4327660132542046,0.4123710557022758,0.7421122228039133,0.5955257210042102,0.22288851307532148,0.48707449449578316,0.47145350628052496,0.708923354051441,0.6861855528853782,0.7461887963876804,0.7470077737888123,0.5743633896622174,0.7301553003823765,0.7379330667850813,0.44600485559667546,0.951584374179238,0.2539363809438393,0.12696174044026393,0.42728153770059385,0.5245891090134678,0.2171392914345936,0.8718734521532605,0.8989490501042228,0.6975504056637258,0.6413730993515361,0.7118045122893317,0.7764809688228261,0.7261419359979122,0.5872601315389375,0.5331227961604934,0.5737489807151979,0.3841913813661681,0.24839029627723555,0.7871787634158002,0.7875293775460456,0.8026799005035065,0.8250749173226646,0.6686448627383709,0.566842016444029,0.9002498425968144,0.7956079605000229,0.43395981537172956,0.9089898441259927,0.8123533963760627,0.8283010420315919,0.3738492628520273,0.35519186464244784,0.8523632359421841,0.90456014155722,0.9302034355098261,0.7597750099467264,0.2631955515484362,0.6300910181023672,0.9760288593892569,0.8948016553758967,0.6011716035923619,0.14794086078811478,0.9294721791670169,0.6534946640587288,0.5938416042665152,0.7699779929216288,0.8463221734619293,0.3060296966361378,0.2345024113106285,0.460249552894753,0.5732914508792573,0.5555981509714606,0.5983877889669097,0.4114728497515861,0.7325749423575808,0.5076106995048297,0.41828130828444676,0.26380982918479373,0.5427818040316522,0.822565319456121,0.4269055735015939,0.9330046105035531,0.8850469102521763,0.4411289798189846,0.09368452893881557,0.4209664106795446,0.40627598616630833,0.6983871853514497,0.9126320069941115,0.6395435848371647,0.41833328403747183,0.8131717443769026,0.48252709869245364,0.5453990654237875,0.5252624635693272,0.5136010230566622,0.2755391806950055,0.6623811791280607,0.4086696949862647,0.2694736450256652,0.8258221142483583,0.7434324956828923,0.7638571042463003,0.7810132197161872,0.4765404735977114,0.4541021960571896,0.22717273072390237,0.288994274716966,0.12746230859035113,0.9584144478978154,0.4256003559404996,0.9557975171846197,0.7913673535527035,0.8033874214217633,0.7053589466954778,0.6904916180800872,0.4353951190959281,0.39732471925228896,0.21243160299575745,0.17565228617758452,0.2435251710355265,0.7185450867858111,0.5536440782593678,0.8734395510867482,0.5100480347244589,0.7044410989580383,0.7258882977042946,0.8052052089322774,0.8871201534315775,0.8729916781204026,0.6937151692814254,0.7515823008414114,0.3874135574680238,0.8585201068933211,0.9744340438664508,0.5327288761956275,0.8735957925057725,0.5352865030221309,0.9322992965540451,0.5637131100679599,0.5469746930875433,0.5265464834047799,0.5927726185669171,0.5591722638007628,0.9808555466607897,0.5429102131334512,0.658783201910191,0.6585287805016454,0.6726748361867139,0.6858487419087574,0.6493940256286169,0.7268536940570991,0.3731508393622334,0.9510660739761869,0.9759192921690482,0.925845819455997,0.48539339784282687,0.3420836858111375,0.49182818464662187,0.6628184735689366,0.4144422652767906,0.8347201592858562,0.8191749419519881,0.5228130150348728,0.688469650471679,0.39671036716040436,0.7479779285803271,0.4044030558261493,0.5482314657278846,0.5592462263333488,0.7342457812855615,0.3761857288777828,0.6751085295495396,0.8111239787932469,0.6897893863062076,0.7953820391351039,0.7318135918900234,0.39695752880003826,0.8015339699232237,0.4544085321895706,0.3840957899320639,0.4370012255588319,0.4051865877896454,0.446109106117014
2,0.45940474108758356,0.9360513382606273,0.9596672365266105,0.9380265261986224,0.48552910845430747,0.6175609808985991,0.7799220904808307,0.4963098032612726,0.5473722333952382,0.38017359372412185,0.5819631128737534,0.434509479377363,0.47913999183452216,0.8411545050888419,0.26476962290627487,0.9563515709011964,0.4343334109807834,0.9343082999126879,0.4021515046431636,0.2877952829728157,0.9742845391180096,0.6755978853393362,0.34344758824480265,0.4868585627442231,0.13552286147945378,0.42783261247383647,0.5676997746205269,0.6678257961146706,0.6605833037294433,0.7550991678317359,0.3269826787000007,0.406229966962278,0.6954913589447873,0.2980475414890849,0.67269093034402,0.43759844357326044,0.6437787764804128,0.2804196949776605,0.8689865223123141,0.12961827278486254,0.37950530487354434,0.33565717128246414,0.5849815670204765,0.5325483040722532,0.9733909770237955,0.8580540483955692,0.7490520828202996,0.3799929713030635,0.8587142000088525,0.4996267816396643,0.7340737314269073,0.7014683221142338,0.31478771457780613,0.37991442060982933,0.7032756606471451,0.4178480739706199,0.8861701420883984,0.883533313032473,0.1956557073399039,0.8749186903168599,0.11312666040261712,0.059847278100208755,0.5744726673288489,0.31591102701329954,0.3502232470200555,0.14076766471699,0.9930004948174999,0.40555127372465877,0.7584175666535834,0.28419417397130275,0.6751994763899959,0.6589510551885097,0.04033574239116753,0.29670150340178914,0.6072276081417541,0.6770612869272349,0.10669248258378211,0.823059931984379,0.5118654073568328,0.32210022696979546,0.8271012065373788,0.4501821950638568,0.6449864840296126,0.09635334839066333,0.42046866439003405,0.5659511120282686,0.4680760198317678,0.6253477017770653,0.9644047449094911,0.6319956291205507,0.959025277466642,0.8978779952134381,0.2638825717258816,0.7784332194674117,0.34084496894771305,0.24613622441033084,0.557626254088161,0.503426275044284,0.3631647095961217,0.43526784552642844,0.6287848154862166,0.3783939150953221,0.27968056531935576,0.6833746669022184,0.9528346799859932,0.950407931641294,0.39543497249760245,0.2613161059649974,0.95956951167126,0.7721204915370844,0.5621067184650631,0.5185987837716821,0.5349349850640347,0.4692028241128281,0.4875021195747319,0.5723959196080326,0.5189208191971609,0.5774548401362967,0.8122149053156104,0.11986758019028924,0.16615773670139766,0.7600767305641316,0.7436380061098976,0.33911157629938576,0.4517580151670958,0.25609928649310787,0.7353835916483453,0.32375254743013876,0.8716772534861355,0.6902965018518478,0.4869669329829387,0.431261055918922,0.46946743206168523,0.3789909067150914,0.8907886646857954,0.7051932818826862,0.19135257452264617,0.5580718787215283,0.5734687559431073,0.6333360845925521,0.40160860935965476,0.9319116108797858,0.8263416728691133,0.5423082591039322,0.33134153123848165,0.7145544312669914,0.29802025070869487,0.707100554714813,0.07922871350872625,0.4554571503996476,0.37824993525008954,0.6707554608976998,0.5730657708403561,0.5785237502680384,0.6714145886537648,0.5561280857243341,0.5694523442418188,0.47375104598858,0.779175353131694,0.6357284570171509,0.5115557929570683,0.2981591755513763,0.46897294307829906,0.7527469386184156,0.370938347599602,0.6528259709386659,0.7448880802644638,1.0,0.7164880767513576,0.3688242376743969,0.42449407272521783,0.46064880521220647,0.3556339959607455,0.7506595646268177,0.15910458422702184,0.35261564887443,0.45707353581816984,0.5757376017429379,0.5324964824566861,0.8783825098502122,0.4800317188927156,0.9537502210762878,0.9636573440750921,0.9525338809975795,0.38538616310304613,0.32456129184309507,0.4087710141183723,0.8368758314085897,0.4375769326725045,0.3467210163600725,0.6935356339751185,0.5753078016782301,0.5514169483883302,0.3874305068411318,0.29292696804008517,0.5976901203209832,0.5473812678274534,0.3399817785211339,0.7984881053657338,0.5567323727776929,0.3465842514984363,0.28349519085013647,0.35700999256946064,0.046341390970142886,0.4652205864044044,0.9061432258961872,0.1123122509785399,0.894464787212562,0.8615118751664786,0.49713886979793814,0.8508736092957438,0.5703000858101422,0.6223437401731482,0.6078797431544538,0.43384991203833273,0.2659415464891948,0.3665429697134562,0.8727286756850658,0.3054312846271422,0.5414565582234148,0.5213389593028149,0.521953227048534,0.42151453524087146,0.5831087212369873,0.45193870135051023,0.37051583970118157,0.7368814773778533,0.3818310095803077,0.9335283497519112,0.26146446771526993,0.26308396288871305,0.7472600325275975,0.40779091989691585,0.6846138760451173,0.387649864871884,0.7292695392522439,0.4086488218885146,0.2951044523742565,0.777919897341445,0.9189454214320322,0.965375504664631,0.41827531998610457,0.9515454111849085,0.42850365905887616,0.05106922450994083,0.3863187293607281,0.060773298163345466,0.32958967206285544,0.7106328365953365,0.8656013939758064,0.8937595829226043,0.2523402471502544,0.4106977218490614,0.7821635619747944,0.9307371453109006,0.10399556196120484,0.9112021689593275,0.5751840893441631,0.6154568446162009,0.5530112062228352,0.3628302039748552,0.5459520932448012,0.5298993481821846,0.18819359210664058,0.5501126217543046,0.6309646925545699,0.2107816614647088,0.9379520015104916,0.5017112998854699,0.9453410474219378,0.5525327094502133,0.6812270151102359,0.6728056064781665,0.21670417260378122,0.21133992552748324,0.6817093150439189,0.6603661792815883,0.8346982360042094,0.8427110494923237,0.32950050666957365,0.695651989961033,0.6689953021752413,0.3667854888685856,0.43874531756756957,0.5866517340102825,0.2086781802027246,0.1848115449653734,0.3612458819646906,0.8783902176657675,0.44201531849771153,0.727129402709375,0.9819928531706186,0.8869629598696878,1.0,0.979028638019236,0.9621063738494106,0.9635941563623935,0.17677136513906627,0.79272882570072,0.5583076706413699,0.5748801540219795,0.7397988693750113,0.7601489479515945,1.0,0.5707303787546133,0.3554271624661396,0.3632782852401906,0.4650131862935336,0.9869783097153503,0.7100095247799949,0.36633037685858216,0.5356543714615557,0.47766414317076195,0.3410252438087045,0.489769248229303,0.670012053634909,0.6844921336464188,0.33277340299684977,0.44454895760539215,0.7524543581869879,0.44798483307271963,0.7321814826951156,0.3996698915268299,0.44151039641677037,0.1221593002657989,0.9097392597943047,0.47658519112138553,0.44352018673243016,0.42921107189157826,0.2932723397612148,0.9326846616400062,0.9629814199968021,0.5493900854926164,0.9631647092173562,0.45422314071057995,0.5959537985630222,0.46199247069298444,0.5646420703332795,0.4953663318165467,0.4656984843800689,0.4628223378547536,0.6253055877178028,0.6590504382299497,0.3290335356763434,0.8440029375472878,0.4471727320423835,0.29612457823053456,0.24607744847621982,0.6349370455357508,0.648739352750588,0.3763816268639948,0.6143154056710325,0.24843118098896938,0.8761849889287967,0.9028983793855264,0.9036005803906306,0.6186208726368284,0.9066056082130491,0.6861372069240687,0.6514134934035395,0.16086831582616912,0.5228503098864508,0.2393816293875391,0.5302839985904922,0.27112404085549346,0.4507801822621905,0.03051425648142615,0.1143057689252137,0.651288165339048,0.246079014888981,0.7142287528198324,0.6789696729717034,0.6187695895000267,0.6060358783872778,0.5302488979176512,0.8866093074795101,0.7973243377529223,0.29051933137695113,0.9618062500379155,0.9515078446862509,0.7246340415653554,0.6766717902588432,0.18974312096043905,0.27952633637956864,0.2776615607246021,0.25847751465137186,0.2762979839865525,0.5009702631827396,0.5290371485576331,0.7477078158194645,0.533617725568139,0.5432934066267557,0.3851873034165514,0.6218630175814222,0.42173250082081054,0.30912628508217393,0.8664019074022147,0.7266595727207531,0.1679594626072563,0.2993713721543922,0.28786655285755636,0.3626996882896074,0.33190824892938653,0.27890397044259124,0.32632120441361895,0.3307134682521377,0.3435153453947858,0.27702209441331865,0.5722716773341119,0.36248861881736766,0.38569717851456137,0.37929157549606957,0.40533169965824806,0.618643051545897,0.622180536195311,0.5456335201318993,0.4462814348307415,0.4327587928623426,0.2614382905518182,0.9665309212645687,0.4162297671537331,0.3999851859831444,0.5357464713509663,0.3186583104764054,0.29466371566590255,0.2451858528564363,0.43154455872862063,0.4372207408590836,0.5159499299548291,0.17818625676876745,0.37574306372071814,0.511061262685849,0.35164568766563103,0.2415018322051186,0.6325459922702943,0.5540013324851422,0.4561533992344817,0.41637521056553445,0.5238674342186286,0.5828845125467971,0.2614275161369163,0.2876244940524944,0.5323769857819294,0.7934473651720401,0.09467276885910399,0.7057743901366351,0.9614708947951244,0.3829313543244727,0.5663513950555658,0.4215798391924528,0.21118555588297547,0.21774754235885904,0.6925256001012331,0.5581652241181413,0.9106500571267533,0.7543957800370542,0.9710482003744381,0.11648576230754351,0.43933611230441205,0.1628878114497508,0.7619970428219779,0.9341816950635746,0.4901466421902756,0.9502219683261132,0.6720619370160696,0.1968809795472684,0.5651670587775985,0.5696830907419327,0.5218111338215768,0.26036852508575303,0.563501975868236,0.9796187156359026,0.2818082229307858,0.7730735187483508,0.7390355232645714,0.6228539661356927,0.6184163441138544,0.40140068002580875,0.39487863075785445,0.4096568090086734,0.48575062769722854,0.05497299061454958,0.6904313823690583,0.9218515486856237,0.66486953310609,0.7157747858629269,0.7385796557954013,0.6417208284673365,0.6243086467084404,0.5309265800144544,0.5038583802980058,0.5620793340408297,0.5473528910963162,0.6869890195763454,0.7866944172209548,0.6568466962468761,0.6418833094051858,0.6108202562152996,0.5932075619459316,0.6363730891142753,0.7699023776338485,0.5581166727356228,0.7996937881580816,0.5690253108908889,0.5482822419453401,0.9749984013020526,0.7846789055148095,0.8733655242439275,0.4404699501575486,0.7431594383754969,0.43719693427664785,0.8186424251396864,0.4740045341781764,0.4404183090808047,0.4489385203967819,0.547941752723434,0.5919872102427313,0.3794949833380224,0.39397592157416284,0.6311091008245706,0.6295061698899224,0.6298742290923244,0.624632600591466,0.6875638801311285,0.5256903062540397,0.9516953915744029,0.8084015662006256,0.8630073389334142,0.7898082482479745,0.9583336142810434,0.9266110653025178,0.22093398147818713,0.00253299938844274,0.9752218918675387,0.6921785253771727,0.35274073890480323,0.46662955551679375,0.3641702766158275,0.9756402329124404,0.5037241594346753,0.9665570924517168,0.4970000622073452,0.2659940946719392,0.5422212198561595,0.19302830134050014,0.2897020406581415,0.5581772624978262,0.5721148349720196,0.45040380513424516,0.3098462894375601,0.9533756443143708,0.46079723692653174,0.4498921489672927,0.972902344729945,0.5083196894700198,0.916316942947577,0.9459981168083362
3,0.5468345339518814,0.942162589348458,0.9666953294671774,0.9353749983639584,0.6853287167851608,0.859735204670617,0.9467758837211128,0.26739349447630373,0.2329952843010673,0.5007331431301353,0.7816351753491417,0.7023835652581069,0.6463543463468241,0.9440551224987707,0.31305413970543083,0.9605470314587693,0.4059579518678967,0.9610107433401479,0.4973958128415317,0.25250920262394255,0.989040541593289,0.6598288262133093,0.18030317882993288,0.5364146754645875,0.4943338385148012,0.815878249928626,0.4794569525933935,0.9117104527854847,0.9109197252361556,0.9765263217088702,0.3250428517917121,0.37228895099656534,0.9275917404866945,0.2800010630555,0.48747256353097457,0.35597720805506544,0.7099888634461882,0.4360049776242192,0.9560162896003064,0.1727178974659883,0.4620982862386435,0.262558331035418,0.7081050219930154,0.6763229849466248,0.9843928476259062,0.9233224146195569,0.8347904195142927,0.47448107000403916,0.9238369007447957,0.704788332441859,0.819336682432498,0.7206986219329038,0.5295521462596147,0.35733941921971346,0.7217594634978466,0.3857203637487357,0.9199313692052534,0.7436520634569976,0.25762045086033253,0.9089234284319864,0.167397701079341,0.10384918988919306,0.495080750779312,0.3293190252875546,0.3264363158287497,0.5715959687851424,1.0,0.12602359519248846,0.8679375000217895,0.5185260782255323,1.0,0.7658245123412128,0.5963784815762302,0.2721122550701542,0.734890971909804,0.680989742024875,0.23345786531191146,0.8124053294225984,0.5765754923404612,0.3157841024186149,0.5164552813145322,0.5586321448830959,0.4401924292564324,0.17342439516781658,0.11941274547285781,0.7569330649720449,0.7019237268802083,0.6213347827613785,0.9734679197110482,0.7475603823486806,0.9858052976998705,0.9715563075888113,0.2868168736670027,0.6916384689150259,0.6073749039847649,0.46530143294023935,0.8786498478914051,0.637456472654317,0.5648479271397544,0.5678626918171507,0.4622001323622021,0.5734302710962441,0.48681550847584837,0.809051126894518,0.9612449683238231,0.9618988328153103,0.7588596100929751,0.2710544579022489,0.9735684903743922,0.679528756643402,0.5760447007511498,0.6192970004198448,0.49379983289019935,0.35148031285993475,0.41522130414510955,0.6180572996313257,0.43897181739388785,0.7353695878654366,0.8894805222760233,0.27605101607652616,0.19009485287724082,0.807237475612469,0.7481236032635037,0.37571804026612127,0.4568596438491685,0.31397567057924713,0.8450406504888298,0.11530142645465583,0.9247257096460039,0.812455411230114,0.3709987231547494,0.47452797350835896,0.7118694143471427,0.6565422583759571,0.8273737425675816,0.8140017670838445,0.17335370586581011,0.5538186288816146,0.6190258377259398,0.6943443532111199,0.3926318138341767,0.9452106898347962,0.864597260121227,0.4815618945540677,0.2840334078100632,0.7969652655296793,0.7862168457451003,0.8105576325716535,0.31546891642958835,0.38572364751659777,0.3753390237888965,0.7639740382675787,0.29669764082084954,0.3019108897482954,0.8066178431670151,0.30606381091259793,0.29489456041706436,0.4503977487661684,0.5554175947875587,0.7170553726432355,0.6337473797538273,0.16965628131925087,0.6215860631566107,0.7843022630853302,0.5342881387195625,0.6430814268280216,0.7310776403571642,0.9909304106697007,0.7910631349909257,0.6651349510610174,0.5326734167435208,0.3904599193688941,0.6309266057815925,0.7531303356162599,0.5577899742280663,0.5232945321998331,0.6594464534726926,0.4900454464124401,0.4136005916193594,0.590351687427239,0.15072088980139642,0.9668820305617419,0.9659871245313355,0.9731230130273247,0.471276331442396,0.18177377877251233,0.4100551658869016,0.9427302455740733,0.4335403787177146,0.5124337200815708,0.7068318465931487,0.3804857449778826,0.6484321359887091,0.2848620029369857,0.2674324390319938,0.7065374891488373,0.7023169058641575,0.6136725681679348,0.7589256748952051,0.5004412832647869,0.5484321735639642,0.42036741454924587,0.5222637782315612,0.2032259880986605,0.2571772243722935,0.9286124139449782,0.13513122531123767,0.9220072089606108,0.8490818821954548,0.25419966720687176,0.8748151369795878,0.2882579810610896,0.5719732950945382,0.7194973407545986,0.40144473176732703,0.2427499980569892,0.24221417104138776,0.7115867350671627,0.37664418340916384,0.5576940121810853,0.5361776889395456,0.48847594926856724,0.4630931897299459,0.49255775884957775,0.4126714786838003,0.34721669356804663,0.4807522586443456,0.33516961397330086,0.9569607267985858,0.3224978916793847,0.2327367776261217,0.5826234672708486,0.36244369004903,0.5814900052263655,0.29559963640370185,0.7291054828165137,0.36374167447410627,0.3023592529575596,0.5460701038514747,0.7726995662491294,0.9734610988034128,0.41829337042762105,0.9783977863739245,0.3629555543124195,0.08343501428640872,0.40666101547922373,0.12090928553987568,0.38333641889060216,0.7147309389110137,1.0,0.7331836945108815,0.3262729523401099,0.60608037326133,0.641742672934787,1.0,0.30112650542645936,0.7332702059470113,0.3245870102918356,0.5063777794068998,0.31717900936250826,0.23020514228638136,0.2526870470976016,0.2460628735194964,0.20496438762986346,0.2851620237212596,0.66140793601702,0.33130686689052274,0.6627722060378926,0.5574442470140911,0.6371294587956777,0.6575736744639146,0.5366354554190846,0.46571910009295253,0.3525457015756999,0.1885379733336968,0.621222445058085,0.6512369391569919,0.8400873831593488,0.855738754623538,0.33557881697937897,0.7827471813798671,0.569408123390674,0.2678846392795049,0.29295020243762737,0.7986640618451302,0.26648880689983334,0.19656389269533858,0.2687583962228835,0.8647519124362263,0.5199157383120737,0.7543505544625578,0.9820977496202601,0.8828539616096711,0.999387133290744,1.0,0.9700463565744488,0.9831412481249233,0.3686513314754455,0.8526213028771412,0.5002157548486631,0.5795365164002443,0.904629454585722,0.879184107358084,0.522663319097927,0.5242195581766279,0.20365346303908174,0.32675054477496157,0.47090396333794077,0.9901090256475775,0.7494877500298895,0.21835816164927974,0.3228455513856215,0.4417774962053006,0.3515846122945605,0.5484077603153478,0.44920160408878873,0.4681757989069937,0.4023317549029822,0.4164242845010591,0.709889177395821,0.4216489378234349,0.7440632180102557,0.4023884958008288,0.39447511044614714,0.24415766218371365,0.9141051512818008,0.4780680759882931,0.45392724201814066,0.6088523945021561,0.5001965485568853,0.9733347586554912,0.9752737229511191,0.6927383554139419,0.9725676003534709,0.4215095562910562,0.5509390671025861,0.4313572547373157,0.5427812842304288,0.46244023205320095,0.5518791090079938,0.4374388281339982,0.6444495124159633,0.28737454034294224,0.6324568703143095,0.7261911797794086,0.4569550100202602,0.4006724692065393,0.2270260480707255,0.5371566120285437,0.5585504859422883,0.4831729510929557,0.5174087982398601,0.22337094205541197,0.832092626338851,0.835601719421511,0.8555657129149808,0.6941850302874087,0.8611067196020759,0.68204666706713,0.6581193617289175,0.25737664878328953,0.8265334402875281,0.24643274348021246,0.8219669970723061,0.2571513265936158,0.8097750878707742,0.0,0.0,0.8908669694148976,0.42800865021559636,0.6244125045581883,0.5849686796187237,0.6312303533145895,0.5706098886788866,0.8080682364838707,0.9038241719719022,0.7842302218678124,0.3770047568402659,0.9739031579485671,0.9573925865704768,0.7765666895986494,0.6606023689411137,0.7154710460739107,0.25575468617924757,0.31412657562570645,0.648677052796638,0.6339460962567207,0.7786089106005616,0.7818093006716721,0.7837971547134056,0.768082054472661,0.7727611210135721,0.4783048805748273,0.3507018057040116,0.5138044064301858,0.25470754575025895,0.7978960048168621,0.5254511792566389,0.1757741008579588,0.5227577023057588,0.5244816398881672,0.6999129597419219,0.6342482801927031,0.6118557763139789,0.6354059149871217,0.6057848347276785,0.3305382280277244,0.31873971679222163,0.5181935375827298,0.4055442047223799,0.36992048610024053,0.7509297637374754,0.7577725661975533,0.8499810338150379,0.843074013554345,0.8250826466197041,0.6176355020075763,0.5860685449383017,0.7203519559345787,0.9788660172238579,0.5782378207778129,0.741884345054479,0.8321630152857832,0.4157367747495277,0.4030558370108501,0.3029626756828264,0.6070363897090514,0.605675243110145,0.708551835487662,0.23213546886427494,0.5004935731167566,0.807761204633478,0.5371733754399609,0.48094542304467525,0.8221339540061818,0.9044012697104152,0.45120654457654924,0.439637266612494,0.600906128003973,0.8978928288446147,0.36298670833107105,0.2584384335402725,1.0,0.561560173292716,0.6603981250580574,0.8556002091831143,0.9750036133006584,0.5860140207810904,0.6947959936628931,0.48174473894081726,0.24409040050671998,0.3748417072391573,0.5804973279731891,0.6361065361411673,0.9405967378661702,0.7376575776617423,0.983759942257571,0.1909543493564258,0.5055349552731347,0.26571367778656874,0.7855142759029582,0.9846075306568177,0.5557413323140703,0.9811849451001703,0.8431842009784003,0.26960416980483926,0.4556181354534065,0.4227835118347537,0.5026809622825836,0.30274673004646824,0.41724916174053905,0.9814163158488669,0.3710379065792026,0.6875518908259431,0.6372577043759601,0.48054251616106347,0.4661573473313464,0.35609110052205467,0.35127779541531157,0.6211980147502394,0.6843710797150263,0.18979970227398923,0.5956978896275699,0.9552039036500733,0.5663242853261754,0.4928267614377663,0.527444573049512,0.6447421377257507,0.6859036481789286,0.5763185873935537,0.5458833118717219,0.7310142201977838,0.7350000962376201,0.8634160963960723,0.27600706100341477,0.6026422510389371,0.49422208931085504,0.3380813738995018,0.63364072371017,0.8081483307532572,0.7864176230245766,0.5725002399252261,0.7132102567661758,0.4944464928178004,0.5187050000130429,0.9904400341225853,0.5299854618716943,0.5831262863103641,0.37157889412518097,0.9425255634116726,0.38257367529234343,1.0,0.4026252804956072,0.3949415237584497,0.38089906314414157,0.5201778597380352,0.5458335253671167,0.9009752255257687,0.43457312261243797,0.5275754320384468,0.527357854834552,0.546854728491785,0.5869880064878701,0.3881254374278075,0.46367131323936706,0.987320126893987,0.7642862088548522,0.7709068093816316,0.7745245848055969,0.9702663389256178,0.9380420705944781,0.315378903690068,0.43574471638726664,0.9884833224072062,0.44938770654416643,0.6940187126000671,0.30107053921985366,0.3755095874477669,0.9816822632377076,0.4257534322114286,0.9812873676751123,0.5605863562733748,0.48799013041458517,0.6010504025518835,0.4367911869977472,0.6617582568689668,0.8090436307456004,0.5642253327099702,0.4878639575725434,0.6025297343617251,0.9483968439684519,0.5204400661446009,0.017208080127642814,0.9850076693083507,0.5224510185649166,0.9382990835434899,0.953028384534192
4,0.6068631838176262,0.5240306523802097,0.9586808893529565,0.9231107378546266,0.32901116469373387,0.6770389792107825,0.7743173474556312,0.3802944545121099,0.37261548279584633,0.4440269524287502,0.5498401812083312,0.46544953378352805,0.46678324798451903,0.8114317382494501,0.3971150329506306,0.9594913081238151,0.006780493341871468,0.9614383605557482,0.4822320682927372,1.0,0.9288358065396985,0.4230387690074522,0.3106826521660301,0.29536408399101843,0.229532997673252,0.4519855035602302,0.48084847977259415,0.7291085876921596,0.7257213798149239,0.7334757065197541,0.3041377357480209,0.119870450774578,0.6975333172951801,0.2745904544505927,1.0,0.20546996898326023,0.9003310924688983,0.2553953678532289,0.3126058529179166,0.4708822903809217,0.2834526130759577,0.35622808906535053,0.6617122848450617,0.6256693810287973,0.9741775373266837,0.7643729349031464,0.7153376261367709,0.10461428443665584,0.7680914671885272,0.4757758386414541,0.6850869563251968,0.7317027512236912,0.41652657488514183,0.10814911178148465,0.7203978775737533,0.14890370299150596,0.2290106165968126,0.21980114376183263,0.30645379132121076,0.20514042689593479,0.13552433234227695,0.14949694852448422,0.42264076637272935,0.2560777484407051,0.38752097960539644,0.396487880257476,0.6552907008468986,0.5538699134023738,0.7659863608529475,0.5531058081095872,0.6165865138055711,0.6668107921795593,0.6365545194603769,0.21459092307463265,0.6093883035905934,0.7356430248676277,0.02869093124824644,0.6627321553951678,0.622774936372376,0.16530214401301072,0.12906482097985647,0.5402844729583335,0.27307155708178643,0.1789092967680174,0.30197048591586473,0.34237636044620673,0.19218162982742545,0.6241349857456413,0.9638941878185172,0.6699058325894461,0.972848357804754,0.43198160636489147,0.13406495837829768,0.03191047303663912,0.1827743251196145,0.3578125168571301,0.7076421436930459,0.5120413782686553,0.4206647296213169,0.44959430743166384,1.0,0.4037327568020099,0.3038829946583705,0.46163908375874196,0.2840715442142495,0.28549288676395845,0.35069759457343697,0.19485896308592654,0.22161159457300914,0.06566605209496866,0.588452975494813,0.46822496762583815,0.7788796473514201,0.6750045440275968,0.23305082826294365,0.250830125055605,0.3161743965336586,0.5560742307850914,1.0,0.18051242764111183,0.17354768530176795,1.0,0.857318852273053,0.45416851430680943,0.6907999974888013,0.3897190191953516,0.7870866282739029,0.13620971373306626,0.5918295279998224,0.7013530680104347,0.5089755087146365,0.5348197159109418,0.6434384180133594,0.43015213061187046,0.8871854199610423,0.6453892075641645,0.33124543609161894,0.3989229738411262,0.61954230163044,0.5095224294686137,0.21956135629398882,0.9091501016470439,0.7710422215553693,0.31137558249901864,0.1028265963119443,0.8332194592739567,0.49189719862816583,0.8220397625875805,0.4726435080939142,0.22656428722612956,0.6416358255966068,0.8452231294837786,0.41160682135051924,0.418537937768565,0.7055136966878681,0.39286014256227664,0.4484234435438387,0.31229808654838115,0.7010070243665911,0.7935349850759391,0.6652511880537875,0.27833360528170553,0.6493342995604241,0.5956286930195761,0.43267949287075635,0.6545386492744545,0.9339054121664101,0.9984242367232578,0.6897895826237399,0.3657332687903923,0.482319900308389,0.26534086591795225,0.346144832709669,0.6683311176401352,0.13303263441202748,0.6350718119008637,0.48317328647213537,0.3602737016225354,0.29040823848316566,0.40319136417346124,0.3133885065426002,0.9594346860694767,0.9627806075332351,0.9383740958625136,0.24229112098798383,0.47950217206287415,0.6049734040279918,0.36229660506515443,0.6095479287015317,0.1482938728946681,0.5296037809989816,0.4531255915538331,0.3495712365352031,0.2626364495628339,0.2590453561601809,0.6000600737565007,0.5301454894187474,0.4740453930874815,0.6716110006697099,0.7337703644777013,0.16674802119996204,0.4420076397653708,0.20548568811388213,0.23391564179462415,0.2093112054871198,0.30483199914934517,0.2570890531253449,0.24038199911803718,0.8351414587462994,0.5644297291106489,0.9532761914751652,0.5882475139426744,0.41809826270596034,0.664600372101598,0.33991736278426915,0.21666070274918542,0.3675242048502882,0.19721551042165242,0.8558245955371527,0.5475775482861823,0.4219695708109854,0.32587908659290854,0.11111464160644444,0.8794455289699064,0.5590578590756698,0.0859508599221057,0.5872426374811365,0.14344250797031532,0.9238778547845375,0.076605512034809,0.2504844290550006,0.2087877940991302,0.3121135486582143,0.11948061609120739,0.4290985909005866,0.7212870812425247,0.3645185385553885,0.10228899313370746,0.7247047468528947,0.13861069277224966,0.9644820502333485,0.09294693238920297,0.9033872320049773,0.12196686893559354,0.0987364572543291,0.51536416715782,0.3469989615348062,0.5064256091402283,0.7075195813824197,0.9740566688984684,0.10427887805993794,0.19866938754684718,0.2973104836686835,0.7270938134911418,0.41076102674217163,0.5226786537069599,0.08408197804207272,0.5538993352830656,0.6209632865517892,0.5148973389169206,0.4871876412670266,0.6666073912543715,0.653622569088118,0.0919680512619452,0.6622314360469481,0.761518235449058,0.09092754254915351,0.5724779666615353,0.6510597795287756,0.7279940736756324,0.7004552834361611,0.5084012135002349,0.46774278395297264,0.29208390017109426,0.31401548301656174,0.6462267320730954,0.6098326782487656,0.8371459495546666,0.9143752102337028,0.3098806320960389,0.857619207609737,1.0,0.4145821034251155,0.4074054544504294,0.367072718748044,0.430199997852963,0.2873144537352698,0.49768695313374967,0.8622497238543086,0.5645007537029875,0.8117800207150808,0.9564861682143742,0.915184187489205,0.9892794592310539,0.9701229813840896,0.9568110241347215,0.9637265564451162,0.10695085065218321,0.6266352401065463,0.2535564573324843,0.5583110932415631,0.8087088361034152,0.8592108772331266,0.6579991606548775,0.6931231644404069,0.1303980827784476,0.1982151236462925,0.35546843100225756,0.9925749984431582,0.36850629668288126,0.45643908645312703,0.4916069410829359,0.17965505505258894,0.3523908778780509,0.08034251171683385,0.6967577967639142,0.705087595275823,0.2935716883158588,0.15218700681861208,0.44994039035565647,0.14595205158193728,0.6172713725410082,0.08378276239601298,0.10346626490648414,0.05513807089025592,0.9303118353747659,0.42397606867506027,0.38362802394401957,0.6205640306453146,0.5005391974945704,0.9218908110926728,0.956546634693609,0.3545903753469889,0.9628054147815452,0.15042083549583177,0.30874657558821644,0.16413558096634367,0.292877406019131,0.1646741744510539,0.02079120845726369,0.43984829970470957,0.7495511126983232,0.620097263130816,0.25885828478920997,0.9491114540900945,0.4368903523084313,0.18881480180119256,0.27625121769378835,0.5372799554430502,0.5348250584371952,0.1459476221145306,0.510836581692378,0.007653295516249213,0.9531945357435679,0.7127062294067834,0.7244020307577566,0.45160356994625955,0.7261213180138949,0.44995565962480877,0.4610114310032287,0.12056978555908694,0.6486544857858514,0.1766285634363419,0.6423582491359976,0.18682409145066617,0.5852563911329487,0.04921814966793095,0.14629813984529683,0.5302841683993965,0.11187484597938638,0.2578771517098828,0.22181708556182675,0.4874150361293241,0.6712069147706355,0.6538829375409055,0.9779171064407055,0.9086188359236501,0.40678671209125966,0.961363060655045,0.9365044888678574,0.79852242528072,0.6752326591419163,0.4983737038238483,0.2094423653245175,0.22139373546415567,0.3487540169007685,0.351349021061515,0.48896119942936933,0.5211673814000755,0.6416727087322246,0.4893069986615245,0.5113170679176772,0.5376400152189922,0.520990942666511,0.12819922571377593,0.679768743384838,0.9276514417980818,0.8080666692228449,0.15236246599284675,0.15003647566832337,0.14158600181082745,0.3127295736199862,0.2932135561797001,0.2537204707948413,0.22671663478192597,0.35444683308737873,0.23080273994121592,0.20009971057274067,0.557610203708856,0.3617444807033335,0.5928542425275898,0.45786951180444263,0.4716846127990145,0.5914497357014106,0.5930446031902086,0.6008817237936389,0.39286290724827283,0.2794110937383939,0.3502806242099563,0.969469550046308,0.27492680543685755,0.4205666333183379,0.5417068266993859,0.4676310236251297,0.4374161598948706,0.2041569414696151,0.29276611577179995,0.21656345279797448,0.4525914623674135,0.1562114853857853,0.14667263262796018,0.9557338170912565,0.17907891448960905,0.1307399577121218,1.0,0.6158077991695149,0.3073274827969469,0.26663744339043394,0.8683024751669794,0.6294773899289449,0.4886331581001377,0.2444584050706679,0.6527949866975291,0.8113631263535621,0.648232388063928,0.7044518799691634,0.9678915144609127,0.4076080886220322,0.704157527097904,0.6382319740158938,0.2155313000577127,0.1776790377160722,0.9142179118797931,0.6164181166735856,0.9218051449693101,0.8964714439434959,0.968239243625664,0.4555220380308667,0.015365547369453066,0.19423590221391882,0.2906058217923119,0.7182212979622914,0.3576364803494475,0.9796317957333368,0.7133958275692475,0.15526197414920245,0.5744875882231586,0.5812807440202755,0.5900267996993234,0.35886568018840925,0.7036884220163608,0.9692707299159783,0.6251112011798403,0.5054265075867969,0.37218534235292744,0.19618691821492076,0.17291629652650864,0.49626050821420076,0.5067287584888523,0.7854104633091072,0.8255127893425344,0.15047348522736492,0.3469085133756149,0.9281167408903073,0.3309231205150132,0.6046856538233667,0.6304142666403943,0.5650317192607065,0.5316444093148346,0.5571465327615722,0.5321769254607145,0.7025111544611775,0.6989967525256802,0.7904541044567819,0.51175902392742,0.5874423153553483,0.1841798163945844,0.766558794859514,0.7715389366540684,0.9490818161628962,0.6804909004241804,0.6351743988608954,0.7992375704321519,0.5003422408515105,0.5103783146249683,0.9782179843634731,0.6486903756676321,0.6836756904019552,0.14312814602209267,0.6324074833869024,0.16696636965850803,0.7797181342727563,0.1708898886925374,0.16069866879195802,0.14646488099899035,0.16543211874500727,0.23342252682449177,0.6336367220222027,0.1635180714572176,0.13413299185061733,0.12265833611275402,0.12132869979906383,0.1781482441570345,0.22685203851286465,0.20332833604215944,0.982641668920888,0.4844649993057427,0.481977210294614,0.5396525475301058,0.9543369361821429,0.9243891943637577,0.20138068625256633,0.14685452725317988,0.9756672888340054,0.5771476564998297,0.47616530891889863,0.5153700159850749,0.36975554649733966,0.9758977079506141,0.40558093666780076,0.9691263636555966,0.46391200714016584,0.2881815980663059,0.43748825006076425,0.5409710174822951,0.3949767225009212,0.5358416650234653,0.5240915130389205,0.4767330672683289,0.41471248119286913,0.9488852971402333,0.611004491042073,0.30644301842530497,0.9687796820107117,0.49739259750312187,0.9272233369809092,0.9588213340547295
5,0.5470228873200075,0.6999924555212007,0.9790293257213589,0.9449228295484162,0.4861309235084252,0.6585384991771697,0.7554260461492754,0.26353560706525425,0.7405772172118149,0.36514618945111693,0.552779764939083,0.3753145574426934,0.542848447651036,0.7456833939307677,0.3141694193128813,0.9760193327707937,0.6426103049110051,0.957507972263307,0.48163195325662894,0.2592279019555041,0.9426251617390535,0.6761819330927291,0.3787803129638501,0.37885723453043063,0.2572172764141544,0.4976281137732184,0.5165075795613331,0.7106876308511016,0.7057265002423597,0.751563806546791,0.4212421009394323,0.4031503991187633,0.678597238066519,0.2660327580983161,0.37624817529912125,0.4907968272031138,0.7705057535118933,0.31310281804840634,0.7267159873883786,0.25753485021336414,0.5325308409334747,0.2857866433429827,0.3505406256206153,0.31822110385676805,0.9745726447715799,0.817330878296135,0.8582190656250215,0.4010954562849978,0.8145327292758655,0.46095959406073944,0.844479659383108,0.6482071501899004,0.5234264220811036,0.37834820210962344,0.6507418366274537,0.4287051825295166,0.5416616720709075,0.34731962963251434,0.2715794182509944,0.5110191403339797,0.3981932143412216,0.16583223345384376,0.4715471821876876,0.2808852305989601,0.3230162180430494,0.22797088837146448,0.6271280110919524,0.41922983026911376,0.4443991550151643,0.4054288919220751,0.6319990509717454,0.34499416389767024,0.3662185426594323,0.2761545436077943,0.2769653040420299,0.6599541829472294,0.05677105147650686,0.5322795727896584,0.4697700859741326,0.3063755127678482,0.5066023260402576,0.4243696581613336,0.30073036490160515,0.41420668555382384,0.16220693225244465,0.286856691317914,0.24148172491727418,0.6242616788291865,0.9813450853869958,0.485357027131062,0.9803919558953906,0.33832113202308794,0.1255675664767521,0.675391028879067,0.3170096633853293,0.3165005755000653,0.6226952102620759,0.4551954176317097,0.44301513820501837,0.35120769850475503,0.3166070936024519,0.47706005619753555,0.38804261434577003,0.5870030538544568,0.6019258862282664,0.6029702985042447,0.6339939219491859,0.31700272278940433,0.599843453727909,0.6555945377896555,0.6397228362972839,0.5059731390435048,0.29362863771420283,0.5063615906180955,0.23620931622430577,0.5363969765906474,0.2865557197114726,0.16911058991271954,0.8544927003304558,0.35683341878756075,0.1460900299166259,0.9209777580600567,0.7709062756826536,0.5340704707323813,0.49567311764301764,0.4582296146012321,0.7057129452574687,0.3754948270744239,0.5786350690904771,0.37152275008026137,0.4452043527344861,0.47784474080489814,0.40224690647417005,0.22635958517929056,0.8611540357860626,0.7299291770398425,0.23202867279430167,0.4798366169024439,0.8172566819955525,0.5505586191750145,0.3124850326629775,0.9178955380916115,0.8455503048761872,0.3161430853920261,0.07734576427148712,0.7908957645445727,0.37563427888765305,0.7989108095784381,0.4086889507064829,0.18690445819988008,0.5089973677033703,0.7986948373254922,0.7418489910827006,0.7331122294977497,0.594562806446827,0.7245408835545168,0.7272431090843622,0.2641579609657139,0.5524375240793111,0.5410193518791846,0.6340308058242561,0.4590299218826045,0.6283750012749152,0.6517043242347718,0.49358147617888876,0.3793214436271522,0.7367583405652378,0.5194604077017898,0.7069539849430824,0.545351388940643,0.4392355045976589,0.21072462682619966,0.5153931937995436,0.7124958208628872,0.5105653457086331,0.4477598462364167,0.5245622545041065,0.35090405572147443,0.30018501437391126,0.36981830341606814,0.6184580934909955,0.9772155137733821,0.9795288590069854,0.9723340860825128,0.4684569853264418,0.2285324880795778,0.471170827117384,0.3298901399079669,0.4895899757096081,0.1395041928060719,0.5317244766906492,0.5210904512333663,0.5156324042147747,0.36757327904403836,0.2580774056441872,0.44415172113403567,0.6548501735948191,0.33703696259235294,0.7981454087823298,0.5910506225329544,0.4888814956061879,0.6066262615015868,0.4647576189624542,0.42692325177654905,0.5997013162128287,0.6000700674338701,0.1414315996985317,0.5802257041357604,0.8725632355016455,1.0,0.8696610959576688,1.0,0.5435833148524688,0.6378740248404052,0.364282172360231,0.27112556027449763,0.1874121236458734,0.26681746551630225,0.4432560389746738,0.5896126694402466,0.42302346051264417,0.349315518274124,0.44607694653995794,0.6996068380186795,0.270750371883295,0.39186666199964704,0.8754056027825843,0.400240929294422,0.9492658419200392,0.43499116039900204,0.23693219656281797,0.1742034378131414,0.32941699553991777,0.004485832566413683,0.2863496539363349,0.7871631145435881,0.18786503435632465,0.12704092256365443,0.7692883631065954,0.3144219277854,0.9861372447070433,0.41347592728362476,0.9646866787562673,0.5336462056672306,0.04061024861015674,0.38222394232202617,0.23685880863956976,0.34153587190637663,0.6975315033723669,0.9458004576475164,0.26893977283765974,0.14982571830448915,0.42641636626596713,0.7811077968350185,0.6375046695443154,0.34385672841574816,0.2866825412666971,0.7578309297676061,0.48384342629694554,0.7347751451018264,0.6673668563989027,1.0,1.0,0.15075910780408255,1.0,0.7840941314890646,0.24828423557777746,0.7848956355545719,0.535964403588388,0.865817827647846,0.5687250823435754,0.45852570398317016,0.4223098156185056,0.21254876348221305,0.2561388923516623,0.7223938253706643,0.8622893378164157,0.8466811546502229,0.8402604492396814,0.49618252491109716,0.7831042255541226,0.4054656870198242,0.4307809936378592,0.23574005157570324,0.44225434648944506,0.23605354811670817,0.18630011804389712,0.4895840844444981,0.6519503733706379,0.4123614470256222,0.7771176302833394,1.0,0.9052620624919456,0.997805108318519,0.9600397433111014,0.9815709496785199,1.0,0.33048805597475955,0.7052383168431825,0.9534368796064986,0.5635460886634774,0.3018141853802674,0.8395351893944658,0.4455931619659023,0.5106659696315706,0.4168069617055184,0.6516704211806325,0.4044210567329958,1.0,0.4386990005418244,0.12164750307691664,0.6470859744809858,0.4605002389198759,0.44245865268504736,0.38738096455505133,1.0,1.0,0.3332849364782741,0.4470890539675173,0.5080310842063968,0.4481879940566931,0.6364124072150074,0.4082313300521046,0.5037228646430166,0.4558408769165961,0.9579319610833715,0.8477593055745836,0.8182565413576628,0.7704865450094303,0.6515631089688236,0.9299210474022831,0.9863446762286708,0.34531409680846975,0.9803548725351829,0.44794470936682323,0.3943768424801798,0.45968932145994446,0.38954541094877665,0.4847493179203289,0.34987475657520994,0.5520731916899783,0.21826570696602066,0.7170146763500566,0.449292186078243,0.8869080735397116,0.5366676621629366,0.4350559465931186,0.3282757984280877,0.6504047444711133,0.6541325185223057,0.5935188003815778,0.6574060860413621,0.20552332231154988,0.7959880840466477,0.9354290190523036,0.9276718564834692,0.7178259425674512,0.9006896897694386,0.7260239764813703,0.6508486847407731,0.04965064887652413,0.5986384744758715,0.15568814069459944,0.601466117250455,0.20041659690601954,0.5555396727717739,0.13603119141544226,0.3182978704205353,0.5318225211694778,0.22130523098881166,0.3648581479881715,0.3274301418180833,0.7117819469470976,0.8184880429045364,0.5782960851213175,0.9354576871026985,0.8992095870326007,0.42968893396444274,0.9828319065566282,0.9581240981553092,0.7984250676114325,0.6946309014156579,0.36362483255232003,0.21671508995083985,0.2428603178556879,0.7828548375088054,0.7787112784898506,0.605643131824653,0.6042275103635804,0.7828084023215119,0.6254756399121844,0.6273858250310071,0.4147414351353261,0.6736312760676552,0.6777544686757526,0.711248337097261,0.8625601560106517,0.8084906160980796,0.12182710357623563,0.5923823749671283,0.5998446054125539,0.6180847035166852,0.615240192439969,0.48907018906941746,0.4976282562998711,0.4422095539030895,0.2282607487777252,0.19577194283182395,0.5489963627486321,0.5113967427937983,0.45753923842298067,0.8665599704210744,0.8595328265543821,0.6836792276201478,0.6598700857475759,0.6212965589315618,0.48376365160702195,0.6503246402805398,0.8498541801501815,0.9976914461516603,0.6492675892273382,0.8485999463121208,0.7004954558432647,0.3659934230799076,0.331995218100311,0.30460635787300705,0.6457230910149154,0.6578982325937517,0.7477589059495313,0.1352609814102448,0.42932624529975644,0.9853845105347661,0.6152239327768306,0.47833108212098935,0.8880382388202507,1.0,0.2985868814146851,0.28576585988042846,0.752636042150469,0.6958936295030239,0.32983455783154914,0.11619527659366975,0.6594706422980439,0.8555198974007637,0.8355577840344643,0.6314911402901298,0.9858652418588784,0.5568623463584761,0.729902761302002,0.47762540965889533,0.16950430536558952,0.29477276455066503,0.893453818615664,0.5808797556488395,0.8869695165611114,0.7656972747756617,0.9866764762559088,0.2703705559401843,0.07028988682496856,0.10858029818309983,0.8630428510483342,0.7139745184049905,0.4000696148692405,0.9861930078821984,0.8835505089536114,0.35549651681483857,0.6104130132398304,0.5827607724479759,0.6737792370173152,0.502196504771128,0.5918556328773186,0.9899430663353692,0.4205950660303422,0.6280825572655488,0.5126867048539528,0.523705210435724,0.5113143031457579,0.567946464076449,0.5590038238158792,0.6927645515458637,0.7418630827717841,0.13424302303454017,0.6393282884929171,0.9758492514351469,0.5986694455234974,0.6657079617311918,0.6874725871822458,0.6295385181072203,0.6243538168374595,0.4879893785611663,0.4656436300768116,0.5188763135607622,0.5137816638910697,0.6058789687819096,0.32723672172362667,0.6330630683369439,0.45703879676519266,0.27163995045847955,0.7652078729186235,0.8210374433546802,0.8493297703207151,0.8341559559316593,0.5720536591510784,0.7111319782015278,0.6349165097695842,0.997514308615388,0.7597312151006733,0.797940093884337,0.46440441700606894,0.8181730847090581,0.4573506284301536,0.8417947614142257,0.49673921860584574,0.4608298287574186,0.4287721338976313,0.5540478242989436,0.5737687047733955,0.6490051232978732,0.6867925270412153,0.6230577326998097,0.6247286480921623,0.6167185989801364,0.6582904419457132,0.6837757590195522,0.5688636660651015,0.9894976186970332,0.8520226412973089,0.9141315707934509,0.8336160212792814,0.9950021035969452,0.9744976838954716,0.3202273642174978,0.4001440256803143,0.9928132316824123,0.4110643778806258,0.7051814058039085,0.4674018594785919,0.3693204785553416,0.9621232543717594,0.4676465809090811,0.9781954145734727,0.861951923200636,0.6784201262861536,0.655849028707334,0.33592435377196206,0.7155800134185434,0.703299762320605,0.4498568571959549,0.6099378124282497,0.6596661138585709,0.9798359921273021,0.7633778783901196,0.4048967173489403,0.9972756803758982,0.41855492068091804,0.9272750019903424,0.9847594173005058
6,0.597017287556754,0.5829313925725508,0.9345411536964345,0.8994925919880656,0.4677519823680967,0.6728282689535163,0.7974035891898561,0.12350484463381685,0.12608823595626734,0.3830554693768372,0.5254863319375285,0.49461891348021575,0.5280521014685391,0.8171563394935649,0.8532691416713671,0.944330091415222,0.4679681867298131,0.9520820227183244,0.5045561566854169,0.1752238174531156,0.9142982536784072,0.6973211182990042,0.37581193103599864,0.5735938581291874,0.1446877146786574,0.4934706485866789,0.45331112141422863,0.7153959538540823,0.7062904518042115,0.7781655842848825,0.27261558915521183,0.501760706134494,0.7009111220173303,0.31373231436909343,0.4126410920845124,0.5115452567715989,0.7076426597052865,0.27425022251487263,0.4973200502153808,0.1683544739133629,0.17552446160465038,0.23683460740587592,0.4515334120954339,0.38177822683105633,0.9616922635436335,0.8723723810946967,0.7165565520567322,0.47886597532277286,0.8705989506806853,0.49215746022927226,0.6873243036212311,0.5792372865690535,0.41657485930679333,0.4896892413786444,0.5729506575244108,0.5222475535350454,0.6293303463737323,0.5447663564096896,0.27453165059642054,0.5992502686811602,0.2002131209080273,0.1418951977848502,0.5070767506091292,0.4059275405009067,0.31161826315985924,0.3675276039251583,0.6863902303567432,0.05893619917095899,0.12169181817285867,0.31584604520664217,0.4608782722882576,0.4396023020059857,0.5075688243677112,0.21055213439175724,0.3726421235702323,0.5621985479272025,0.3140962734873745,0.5332283843259141,0.38039108308649966,0.262685101558657,0.7426076389576334,0.42540543291068683,0.44776450273481755,0.24886626699771083,0.3293290739650988,0.2751478077369828,0.15850256758947737,0.5802802382346485,0.9499677452225755,0.7206298796023023,0.9675634092093032,0.5404593741064846,0.16916783650880554,0.5198417036968952,0.36743266826901255,0.24954807831749432,0.6207961422643548,0.42147835114452764,0.31414063683490184,0.35584502422495284,0.32912102094859697,0.4642689131128571,0.4553880655805698,0.7254954875742134,0.7150278234292775,0.7346556838997739,0.4203252948803473,0.320737515335096,0.7126098854988183,0.48472908003887016,0.5242574451867565,0.5125741830411715,0.5266054583943041,0.522048254617193,0.30254039456153037,0.39313710451776934,0.35072724183636617,0.37355059093556214,0.7755105572527163,0.1752738755946038,0.12513352272896347,0.7189056111572476,0.7602131247305918,0.5561383934155312,0.48711756132760137,0.506883444503987,0.7859700769569407,0.21223956039122463,0.6225738586524481,0.49505620658713934,0.43105913335119816,0.3600317171599164,0.5820144487928987,0.2804733225757948,0.8582000963076095,0.6546504504187178,0.20132387265461968,0.38431503587200727,0.5932898952044666,0.5938169881545975,0.2184046456322741,0.9278539026547821,0.17004117753162176,0.37429181829631314,0.12479272990368999,0.7879377047142921,0.4320599861002726,0.7976618329808042,0.40831057578634256,0.24384628459873517,0.3576416000402357,0.7793989509156494,0.2833438448732773,0.2900965029385359,0.7388159491162399,0.29023771291224815,0.27412656586255263,0.37240716395552775,0.6680716025554064,0.685578718998654,0.6475962001100389,0.3109767509914742,0.553400456187587,0.6381113726312431,0.6527709375356522,0.6838043894439602,0.7245535007030658,0.9563397795425914,0.7091903695334881,0.2747947784371572,0.6004044730947121,0.3005486966900075,0.2712842566625707,0.7069978552599526,0.37483890715891627,0.5051769723433597,0.6532140141593724,0.4149496207554415,0.3593242741534745,0.4574904688158243,0.0,0.9443389092066904,0.9451487769997887,0.9185537703287233,0.17468160599529892,0.2839557360389472,0.33692865724061516,0.3724232426138044,0.37745574077156463,0.3577744595575197,0.593715827369978,0.531793171648629,0.5031515581256594,0.3651441319683231,0.22814422000368703,0.7524410307861058,0.6546165143135027,0.6640470189996778,0.7810676968455822,0.47878392451125545,0.3618446380318722,0.5110719234518417,0.32376246340950093,0.30865712539690443,0.07785576670673013,0.6794979918596927,0.17209493412032806,0.6635812913503731,0.8941410334242821,0.43607791316988975,0.8635116693594183,0.47627330061980894,0.7038097741247616,0.7118968578269218,0.25169938507137,0.38425151914224676,0.17041033627129012,0.47603888415822354,0.7931272538484867,0.5038957161447681,0.43393073758677836,0.3645875705896272,0.4744300432083772,0.7315307958192094,0.13668750780844596,0.5034476538936613,0.44203696459236197,0.481868803774609,0.8973479338125815,0.4730935057910017,0.03992048689597735,0.39701793115253475,0.07762745914381522,0.3665819655465265,0.17905626793879956,0.7011330677594999,0.14556851943648086,0.01116130333676871,0.6300315186180118,0.5347290399649198,0.9521306745511564,0.5333172173766745,0.953779634685538,0.5460709537411184,0.17001673544251036,0.20769319812796722,0.16555196045286721,0.06700624219984921,0.6797108340902953,0.8619650779946084,0.49685834298672776,0.17484522302254046,0.6736139135098681,0.7072248592240844,0.742212041843202,0.5039582142182412,0.48063612576526493,0.5118808310059187,0.3587385102479113,0.4881476130779186,0.2993910605053509,0.5174081634189367,0.4943077735474796,0.0811910404388992,0.475081754135084,0.6768442975634076,0.25352511540074524,0.8115428725920635,0.5179550712097551,0.786454735300446,0.6538273904553629,0.4114064242833664,0.38467102158375754,0.2308941057487081,0.1990768642729445,0.6607595103240957,0.6054615792065403,0.8543438992560558,0.8111877959727407,0.4212036421799207,0.8635650810594432,0.6093241491630252,0.4003992831190806,0.3393024291404777,0.36111467192120794,0.21217024856350658,0.29139209357769746,0.44122461649596767,0.8312219757779743,0.41127776383434667,0.6179959564233384,0.9455296316909071,0.8432848383674661,0.9811297266592103,0.9521274846272846,0.9454545348390095,0.9392218309058683,0.03992653870936148,0.6965882724567433,0.6213280747072685,0.5623002907098164,0.7637770162336408,0.662905276920109,0.3260946293470592,0.7146303425765259,0.3140524342994144,0.33570112587882067,0.3736334111447772,0.9910328854225646,0.5166759783617132,0.18909966885062818,0.46921449900940515,0.6081861861675737,0.36546424654158105,0.6743859537384492,0.6034336660255354,0.6162260598490803,0.3115988870481482,0.5574337363238134,0.5455944301708787,0.5466223626184437,0.5877570013386141,0.5043125239185914,0.5417670535048743,0.272329881511364,0.8904924866059458,0.43626865367381845,0.39691521991973544,0.5018713007631632,0.45090416303691777,0.8931683445790463,0.9447460645933297,0.39638997329129194,0.8850416697535729,0.5537587263635809,0.35939481657233285,0.5660663588887769,0.32023310207908173,0.5853310806109295,0.43721517539355714,0.4232025376609608,0.5441487938292051,0.5922394761987058,0.3699097535448004,0.6756939974241416,0.16057517806488994,0.26462198508694124,0.26428923289479056,0.6026417852381942,0.5914789704750173,0.31824824476039487,0.550031119169564,0.15818726077413897,0.8307701739887582,0.9891914999862339,0.9855135228152129,0.457365312582197,1.0,0.44742268543713465,0.34405755672830657,0.10086013045732578,0.6672989949960358,0.3394334877583244,0.649885360547423,0.3840036775239868,0.6265835992797544,0.1778894377596615,0.34922835121923174,0.133182246178047,0.38905317777577486,0.32163809808301025,0.29603211632842263,0.4539759664728851,0.7924234271753936,0.6503188800964034,0.8329281114939852,0.7057654787866825,0.34768033693938594,0.9408611461955617,0.9283586656004799,0.6146455615326675,0.6050422290387051,0.45273798045198915,0.3915006796176982,0.40552031898494323,0.4725692805970404,0.43928005618049915,0.5978575955648445,0.6096938639808464,0.5541549431039661,0.5932472128751372,0.6085648842080918,0.5496565818308867,0.8160887474035994,0.41409986004379906,0.41960012674031727,0.7521191090545134,0.49423261847102307,0.21492236792258984,0.5137427925708525,0.5320155623616172,0.6229360355140783,0.5838145763903053,0.5063257140133841,0.4582631916504076,0.26497821089494406,0.4366783731579291,0.3816744643371833,0.44563985743489953,0.37023615515970904,0.15727695839049452,0.5707248590957319,0.5777075679444746,0.7195030246271258,0.7345384154241402,0.6721715948891319,0.5088931428889488,0.625426880432764,0.5290369078289651,0.9516069204953294,0.6233751623548566,0.571218473218197,0.676887482082517,0.4734326888399779,0.4694465811267713,0.02694452361528985,0.620741271791445,0.6569948010051236,0.7334028661945685,0.2173135556777162,0.49094926033752434,0.6159246592694984,0.5582147889619448,0.44569084860163094,0.22652590935545316,0.7600785975584967,0.5436045000992378,0.48330322927747116,0.5501084525775071,0.7113282110843929,0.46043651147701564,0.24788884258227648,0.3874551839097248,0.7179028067185459,0.5213438101234668,0.5105459865347313,0.9449729624847583,0.5523982631394281,0.684801655230941,0.6009809478789011,0.29132368480529286,0.533889001873732,0.7695333239244901,0.5788197258838301,0.5871724584977353,0.726532321052714,0.9501669964268774,0.5771898499551157,0.20204589328053466,0.13428217059129882,0.8730912224080956,0.7331471948351976,0.5612526477760454,0.926706993069953,0.49483039361589276,0.4799340751944555,0.6184085619657239,0.5819534222407355,0.5590198155876763,0.3503372359553587,0.7116203613792578,0.9572566684863133,0.44895084004592817,0.6660520543063156,0.5954669324795736,0.4521054988370901,0.43118396312200774,0.779967823307996,0.7855033538413032,0.8445781880783422,0.853519845912758,0.10558074293531133,0.6194522864053982,0.9280561546036286,0.6231768314301377,0.7054782941898371,0.7143627416270175,0.6875372833905956,0.6924052940364814,0.615364213440779,0.6099100869639297,0.6488815247439714,0.6024114201918402,0.6521651479023431,0.6130617853127485,0.6437482150010749,0.42054040124469694,0.31100279231822325,0.7708795549776956,0.7806801748733974,0.827108576886797,0.5787524072074633,0.8898407430418463,0.7751602268093633,0.6845881581479851,0.9650832527413317,0.6324502451296533,0.6581692503944666,0.5778642992818646,0.6575053875325537,0.5678061577695385,0.7161261484019166,0.599629134602908,0.5697593291140344,0.5597438133098753,0.625100966012677,0.7004881654933632,0.43952770629462223,0.6573092101325891,0.7757699163597243,0.7740066303637088,0.7910239999001784,0.7982073900244986,0.8750609111802023,0.5505201361357706,0.9506693344251704,0.9341265739698696,0.971848278318818,0.9506730045999039,0.9344103905676974,0.9216998003636696,0.22152442221170712,0.31540904767409556,0.9625039197099035,0.5361364890036528,0.67787742815221,0.40484694095664847,0.3033660364922932,0.9529501601938658,0.5338231530855584,0.9506371117031006,0.5746316346892146,0.40802235923713176,0.23239941883475515,0.21858697871744046,0.44688020285782987,0.688351055627316,0.4416831290296103,0.6064439216500941,0.3822947860466832,0.9395208798628325,0.44199681186865664,0.3432851478590508,0.946625581402923,0.3822380346312629,0.9291239411187043,0.9498073436718036
7,0.537598891598024,0.49693586593363476,0.9348369373721224,0.8961125345178622,0.49978324163690435,0.6300160253293217,0.716846675819603,0.5138856033708373,0.2803156092830401,0.41202025666518943,0.5763153906026148,0.3534670305506451,0.4948816342483756,0.8452896525224362,0.2215051105533645,0.9348902938705612,0.498116511701284,0.9440146087618824,0.40457811007558814,0.35594983929810564,0.9204880762615267,0.7906208566512646,0.3075683141432955,0.5787117890557134,0.38637794734633646,0.7904743029226511,0.4140346663560111,0.686366355380721,0.6666097589235976,0.7001957534074272,0.42057186158251475,0.5459800375025291,0.5626900014319048,0.3098774167537336,0.6017753629559045,0.5763855018022495,0.5788286602243942,0.3583380606168149,0.628396180557443,0.24578211400204614,0.38423050310887863,0.428874857277232,0.45990225592610345,0.38040908686650504,0.9485905221680411,0.6960182052713892,0.7151160175341771,0.6402580068663665,0.6872465564667739,0.4661256467285652,0.7031093561164142,0.620178031587598,0.2795432312803124,0.5223945800257137,0.6034200141583261,0.5971020916324555,0.6790156416909771,0.7149858710242983,0.3801651970878807,0.6455407436562355,0.4198116236004546,0.2754489198489558,0.23090118837320325,0.20831027088696155,0.31124799385593477,0.15669122449139003,0.8161307239065814,0.17248821328847258,0.5725163988018033,0.4621116327008332,0.6563563425389731,0.4711875289564127,0.4516097513923752,0.18890248624630215,0.39357949352319327,0.7353499231934901,0.28840682327969364,0.7301551302894395,0.604698651782429,0.09010865701338527,0.690504257622964,0.4803198263188107,0.38245797784477664,0.07195017065153217,0.4473170963912781,0.27707904665092686,0.289643914113388,0.6155506262850244,0.9414626252135401,0.6718884289561672,0.9377861467081844,0.540981129866072,0.24782034642321485,0.4026806165662778,0.19208162597384065,0.3521970505792624,0.4463055092326759,0.5753418937738529,0.18857924412138885,0.5130523454625607,0.5586127525211325,0.12853440669896918,0.3936290264582588,0.3000239112508283,0.7454878751518662,0.742987277993569,0.559140696460542,0.24839316690831667,0.7385863167939343,0.39659559956805923,0.5243401358120799,0.48326990808251785,0.4575431635521511,0.8761752017365085,0.39652643099816987,0.49809928604597065,0.39898930903976043,0.3520961918263654,0.7901093018131623,0.29253236525154225,0.13840899250911035,0.8774146573459081,0.7171645694764409,0.6420047033248142,0.42101330519696517,0.5941639941075415,0.7558394122645994,0.33235062493923706,0.656766933028079,0.49515999167904384,0.38240695317599205,0.4320079844930315,0.5063030905676723,0.08336616654480881,0.8322639596547082,0.6822165536681963,0.2567933215194041,0.49206525618026536,0.45608750237908297,0.6558872528533627,0.3313635689760926,0.9327009426421035,0.8614814475765806,0.4536513113626466,0.25935372032332343,0.7363626727059054,0.37558074091757465,0.7587487696670814,0.39005334417688736,0.36483146625846175,0.4792180780064525,0.7335052672340028,0.4187783589254365,0.4242193733433605,0.6953137486686313,0.4020691088538915,0.4254946486440372,0.45968219187414816,0.6817749649271211,0.732719327752517,0.5940087304278804,0.3499985807036306,0.5816504573556709,0.7675028080347948,0.4265655362186517,0.6462478148502802,0.7093085595622973,0.9708768951891547,0.7326935593335143,0.513637856239495,0.44584563715411796,0.3904417128721843,0.4963515423535691,0.7709897802235223,0.3644438951697859,0.38373775503490254,0.5283067206129206,0.48178491955636715,0.422193417400435,0.47095733523777084,0.21406343617996068,0.940622493861491,0.9263443428417047,0.9430099433880944,0.29792349676580165,0.36053741075066054,0.4141717185408472,0.3904735432468703,0.44686048805007905,0.3879494548588191,0.6229627101549586,0.47981809199725617,0.5603837551103164,0.3460501221953829,0.2935965863525692,0.716946873651921,0.5488291929076001,0.591252947270075,0.800137198254382,0.3473338243860214,0.26184154002516824,0.29449678221304226,0.024600258514603908,0.3713847298744949,0.20556595647483958,0.7295566666841438,0.2120315643621719,0.7168312408060493,0.9016214471460685,0.5105849581394016,0.8226461536886992,0.5620737664373727,0.7327511132751138,0.6890623404314988,0.47406896054361847,0.3868006012182385,0.3405742973165652,0.6760499608364906,0.6842047833125805,0.5273787564258984,0.4374806437936661,0.35270215559377066,0.6121783688496086,0.6192125528912154,0.5484307934038476,0.5453932331432617,0.6081781124211594,0.5178196259271166,0.9361143171139417,0.1948299586312656,0.27090967739317356,0.30608166721153224,0.4668274909254627,0.3167037451014144,0.26678860077735383,0.9286065457439114,0.19021052926000703,0.044477406422441065,0.7123544782830827,0.737428372803509,0.9412350336357275,0.5877781570631735,0.9070242126680056,0.4709755647685324,0.1496421389272213,0.46175028285613884,0.31518641468979675,0.45017853711760086,0.6771089819450016,0.8212823340154686,0.6917028521573105,0.23560288638954463,0.27009084806079253,0.7359713213593703,0.7681104590251271,0.4130997824900851,0.6898511953109612,0.6161018579515894,0.5043141295326742,0.5878803904423622,0.4268406513051105,0.6962366350341372,0.6841674586149534,0.12748854530886233,0.7004240595912828,0.7363225857120973,0.301394882859048,0.7771447417353112,0.520602489304072,0.7795643823875915,0.601722086090178,0.6357492363015259,0.603075783181587,0.296574058468944,0.20173364525588816,0.6154511192741678,0.3705231461388389,0.8031353417005334,0.7671508668140222,0.4072848712133314,0.7350112321017919,0.5394583881678029,0.5149678209667186,0.3262536891997517,0.46617497575913275,0.3479762158118442,0.32350652891606896,0.5693067659597667,0.9241675086370019,0.36891499147343004,0.7597755806939828,0.9078695520327826,0.8949765398375392,0.9763892665624659,0.9276538904174734,0.940547143851707,0.9465401784756035,0.28660950153148923,0.7968805460102749,0.6989952148673783,0.41594020794320147,0.6334054742050933,0.7185568814981305,0.3654717978181172,0.4832459020603953,0.2789117982295187,0.5211983587297682,0.25228257443420377,0.9822435202009362,0.5729727912908933,0.29589970864034354,0.6072901547614812,0.5808380448218549,0.4449567011819419,0.6222914626157335,0.77531416592822,0.7957082144962028,0.2522519665377284,0.6152523560513355,0.45082786296147176,0.6111675624993789,0.7511553903611216,0.5684892383164142,0.5661725027765265,0.515420081044365,0.9422818022340423,0.6669128563115604,0.6237692563325561,0.5917386648880015,0.4596704182527946,0.8673853544080435,0.9438059625430488,0.5127915841123296,0.9296575067219414,0.6156426757313114,0.26174811853656527,0.625612898974543,0.23346093106722057,0.647392599781075,0.5450466549340245,0.41633147572866697,0.6607337834602905,0.5096857024710213,0.39448920089375783,0.7662440427381204,0.4353147094899896,0.39106570923725886,0.25684247477333855,0.5194713619136349,0.5393716475398517,0.5674182760284956,0.46712306159021005,0.07295723610543907,0.8114834284433007,0.9286523241657281,0.9053760166528491,0.5203173562078635,0.8677479222031849,0.48246845827792506,0.4669064479903664,0.11013376216596832,0.6035087335578617,0.3728628308339979,0.6017036208362763,0.3855573355795833,0.6044016877391098,0.09324494053049047,0.0428879026982152,0.5316388396130779,0.29442266958353813,0.25096426309674563,0.2126864899796842,0.48832051622968253,0.8920996180600939,0.5729141385772236,0.8496417113382547,0.8651238468957577,0.28591919243297614,0.9431020558863277,0.9086015475581718,0.6793227715789277,0.6437454628172459,0.4661406591515733,0.4685347049965995,0.43354902586216465,0.5990294953884029,0.5855809681703155,0.5323620158506361,0.5458062343178143,0.5834613969300905,0.5154245275322272,0.5376870785280771,0.4961081835448178,0.9318396513746106,0.422261167325445,0.4493447342236955,0.8008589630913243,0.7477375990615438,0.2574301984099922,0.5158776701813844,0.5254185961887718,0.5764981153806109,0.5396957477422822,0.39767171926656847,0.44627215818262894,0.4651919589421213,0.5348561353617538,0.5588121563978251,0.503962906845661,0.09806361636630619,0.3725700051312655,0.7168960601695995,0.7015651927348406,0.6482407519567992,0.6425259382992812,0.5927935108583304,0.42821011806789316,0.590565083846017,0.6489152168335407,0.9526433454032536,0.6027763553185402,0.6944380536463929,0.6183574864412886,0.43270096867094104,0.4155589823817206,0.27467518231205423,0.6090508573657112,0.6442047778985924,0.6904416505333408,0.2641838659997058,0.5148051623584072,0.8869897597184013,0.4901634238198439,0.39786732604901265,0.12295064034727943,0.8390557538263123,0.5909035764283999,0.5379383026931179,0.9120738020739289,0.6031178106152318,0.41134015112402034,0.16537295681682795,0.46335351399507657,0.8480039627308411,0.8725024188599868,0.514556182114991,0.9493925402446496,0.5175581373130868,0.6141696371988316,0.5135651629730079,0.3172261028367741,0.3199077349377265,0.8602409528203014,0.5777313550531336,0.760774438038595,0.777796259806855,0.9441563104029541,0.45305580798715006,0.31822879327308035,0.11321040565105131,0.48106070219756447,0.7482750389514017,0.5446795262793783,0.9460005924580013,0.8279378999941187,0.4185310837206546,0.6621576462307226,0.6739280285780129,0.5842952462000204,0.34814767620286824,0.5666758955967917,0.9539135597072105,0.4110339761116851,0.6213813766625995,0.5269891817157422,0.3264908714118217,0.3170947106869936,0.5374394321316137,0.5519758609024467,0.6831678024896073,0.7361335769115784,0.060137411483852786,0.6097513327753348,0.9446958571362313,0.6052448518889536,0.6964188910249208,0.7064482205598779,0.6245634857619681,0.6036679676886789,0.4980459118959299,0.4684437191183382,0.4948997683497634,0.48238312292742014,0.5410835761599432,0.5741202262968639,0.7480742302610948,0.2583256010425277,0.44539622618627467,0.7413718118718049,0.8810343337833495,0.9086753522860067,0.5814058074091587,0.6889505808906735,0.7385779585335205,0.6105280470806028,0.9636256132793452,0.7799477823390956,0.8200853488525128,0.6420704439037928,0.7308561524828551,0.640788274138222,0.7930490390685556,0.6541789834372078,0.6200170438904806,0.6408107808294333,0.7051001737494383,0.7478069039516397,0.5753525765431753,0.6491396454623686,0.8099128915083142,0.8139651721227431,0.820254987650959,0.8316030110962161,0.7801802894080607,0.8966232932009621,0.9596199872787871,0.968938485693777,0.9490249613614901,0.9102569898351599,0.9279090766453231,0.9157903100040905,0.8949682162269904,0.5296563222170593,0.952084707897858,0.3947120478905927,0.4723111929933049,0.3536286175301904,0.39146019237009677,0.9388258283356099,0.46638540884557494,0.9347992849790747,0.5428898280273209,0.4127424820972232,0.7181268013092162,0.528199224836273,0.5277626217880792,0.6202728789981985,0.5025756477011253,0.5805610488034562,0.490837640511787,0.922161589652659,0.6660298479942368,0.0530142170739889,0.9505482013311505,0.38408363896183845,0.912920763134209,0.9059664682072109
8,0.6250663258132535,0.6116258197525103,0.8985875592827336,0.855281908393456,0.43828250677316377,0.5436232742663484,0.7419392509785284,0.9043874911131189,0.20001546237316287,0.2610212505204934,0.5789617467567236,0.48130505429023784,0.912723217693819,0.8816350762342935,0.29787495196352176,0.9278283095937796,0.36204296695662647,0.9007364594036256,0.5514693737763898,0.13041854559748203,0.8711943145502115,0.5918854633402572,0.14204658742736287,0.4277906349780295,0.3687086234584312,0.25767548681087993,0.7102295064417092,0.5703893802725561,0.5674966747445311,0.7123706336432606,0.30684208429959936,0.49150879772975037,0.6620621658688096,0.3145657285363323,0.3031028658676902,0.48165505345276327,0.5950492993853315,0.3242942121297592,0.5185383288838975,0.4466488099132994,0.41883620682724976,0.2127841479787357,0.4881830844881927,0.46425103423187003,0.9379569030565964,0.8719749290769573,0.814266805860084,0.37259774947198276,0.8799841847492742,0.9560458625876203,0.8056437011247883,0.6233635018075114,0.5148344663533673,0.4553015385899202,0.6170972283428496,0.37292370483846393,0.0,0.0,0.2499199541357298,0.0,0.2771008008936169,0.15569886263340252,0.014179712640656284,0.44549016710139167,0.3576226602249582,0.0736822786153912,0.8806467001140088,0.5970951099956033,0.6236053926711579,0.5017910478583886,0.7132724294168502,0.5192111861960782,0.28181937549467095,0.24023980153018953,0.4456939920142516,0.5263154671248941,0.2817601163129022,0.8650606268528309,0.3492577816324538,0.29291014574710117,0.5469720289848385,0.29020613865909595,0.5632210994633018,0.4842143226218283,0.9213173097731003,0.29181225252278536,0.1434827067705049,0.6219152322253594,0.9369047602624743,0.749063606092278,0.9252318310968609,0.41991166961650944,0.33265573688616235,0.4877138577412121,0.21502977120635403,0.3776656099797042,0.31219001684182074,0.43978614709056885,0.41003322136207404,0.353946718263165,0.20242230181284093,0.19848126548114048,0.6788078787362805,0.6996912948887004,0.0,0.0,0.7514105433852737,0.25831675677928684,0.0,0.45428759170104255,0.17633225980196576,0.9308629725194233,0.2355889187626435,0.42857368716084115,0.2783807928670425,0.6105668824322131,0.3512368243598432,0.3838031351068273,0.7426030947806976,0.2521234261903403,0.19197450743072936,0.7645664430658599,0.8017627819177326,0.420312220740362,0.57246920955569,0.3481443849570507,0.844547845577446,0.41703862815730197,0.6772547864038141,0.5382623848049081,0.2580408831662145,0.13321749802801408,0.6969693653199089,0.15332537910952737,0.9524083530519873,0.7832431914068372,0.29625950067674395,0.6055158174722313,0.11268575852357139,0.8851265872179671,0.4666102686661782,0.9841346461017952,0.30986618218515743,0.35181682543407383,0.11353340966564393,0.8348322640066341,0.41376904863109754,0.8199246393280692,0.363348940476065,0.2696369541943868,0.3298675182918317,0.8155444502660747,0.3253727058962761,0.3292273376802464,0.7773455818352687,0.317481489850283,0.32826763776130247,0.2724102607493846,0.7674978336066284,0.7198908799448633,0.6829053978739368,0.23292031881767952,0.7038721883517156,0.9127340404771511,0.739167696093169,0.9231126238150115,0.6646628872142412,0.973667555314369,0.8222905441883475,0.26987447790072494,0.6703114233841077,0.26575809841208375,0.2614327145941998,0.8590415840510578,0.06977466707934107,0.5179804455983483,0.7518616923892228,0.3804839590862292,0.33418967167533215,0.5194971050799045,0.06586135317195631,0.9359012944296277,0.9308386914907137,0.9183313212571398,0.30245847407808496,0.32195555306404083,0.19916296128486422,0.4255396630322427,0.2738326152883003,0.741805469846021,0.887600733968545,0.3952935110938307,0.6572755347311827,0.300202841670859,0.2894311110323771,0.6972629298104607,0.8145067154144112,0.6053938380627725,0.8845552616639931,0.8140087661068193,0.22403005494347952,0.6331378532462999,0.24770282605857796,0.463677791262848,0.1363969920202854,0.0,0.023270161792387223,0.0,0.9289373391305349,0.31020832159805284,0.8137343904692843,0.3914181105845566,0.5849456731997723,0.8053319491658568,0.3125672562464877,0.03271002598112309,0.07934480346889995,0.0,0.5892459068578912,0.5354179829747615,0.3929440977968241,0.3223243669459887,0.4950350939531864,0.7103931729084122,0.2336580296207412,0.479074529269263,0.530055235165859,0.5051270089791814,0.8712624483308955,0.549045068176425,0.30071676703650646,0.4426154076523112,0.4027875462017046,0.42923916185726196,0.5430624109592093,0.8595800405790898,0.47119341238329865,0.0862955854847554,0.7664994944457941,0.45600849790702974,0.9381066785603575,0.5188487371167165,0.9687903245409895,0.5768370386367719,0.14315450757619713,0.1379431091505255,0.1492135821144,0.40914475876785433,0.678457553814122,0.8897604391481068,0.0,0.12316750330152294,0.7850365360265029,0.8938488822283303,0.67088520414255,0.4411186580949469,0.0,0.6459601908423801,0.4227094695640393,0.6200991257719842,0.47759008457965446,0.5096191601482871,0.49129778137303765,0.01701795186649324,0.47331991291707654,0.6988476994772912,0.12787878537193953,0.7608400256293293,0.4971185950219101,0.6642534682253721,0.8822002413876205,0.29880810491373705,0.053827617250976956,0.24048696584723253,0.22703386171036244,0.6983883598210433,0.5697133684092939,0.7648834229448617,0.8644139734262412,0.4479472139915328,0.7406215455145814,0.48826658314160737,0.7673935497223041,0.5363045591987324,0.3991056041464111,0.39638348270242785,0.2878547690839738,0.31006711237907636,0.7993842856530639,0.37523485870614076,0.6701022657391354,0.9017798984570939,0.8509165026026112,0.9789108576053258,0.9308043347339734,0.937873530041189,0.93378703258184,0.2213905243756348,0.7568265878675522,0.6812054363314535,0.9384564108201336,0.5174658966662034,0.7284907104593792,0.3366067108114305,0.702476124374688,0.48474128875214395,0.1960578803960666,0.9999697575608513,0.980966753765651,0.6559741165123377,0.5316064248451298,0.5753258064995924,0.5521516357937682,0.4076400756057008,0.5750137151352951,0.5182586894160153,0.5271098453876325,0.9382197814858333,0.5291252889857926,0.9043945050307033,0.5312502275757536,0.6842630683186961,0.47883199629073503,0.5166496507678465,0.5534236964137644,0.8315557828679904,0.4636645566146013,0.42879167559513587,0.40388013917147253,0.5466397191593532,0.8970041088270474,0.9385090554279999,0.038853577103638126,0.94273832136889,0.5176834660599068,1.0,0.523237285110069,1.0,0.5595469581751552,0.43755527144179196,0.32535215200762335,0.831128238752918,0.6350091642576404,0.35731529771095505,0.7973753378175097,0.35712552341596726,0.34395256468418917,0.16271845615406444,0.4802161023674446,0.49306905766413917,0.17435180259744051,0.40411024463759615,0.2417002629939487,0.8129897637306266,0.9238611628395016,0.9227474647446772,0.5012054323920427,0.8945132510986752,0.43832447825477383,0.48506649675436136,0.09936915614834295,0.3253283742556504,0.3343339813499058,0.34409014963984247,0.3346930574923443,0.2346415263317902,0.14432967908140734,0.17763544174286924,0.9099166488283414,0.2094727018813817,1.0,1.0,0.4467438244851522,0.8176031269255929,0.3678063920535789,0.8493141403852401,0.7929595269757234,1.0,0.933630094688679,0.9050653816700588,0.828328397951277,0.6221942588695891,0.43414661992464737,0.3959166297373323,0.41460038554469325,0.526422644278268,0.5151936667772419,0.9173817235456043,0.9272324781376836,0.5972964743044802,0.9228113161094871,0.9229024460828985,0.7510963487711309,0.9238050705124158,0.1632635891905249,0.7225962532649198,0.746257448544564,0.6403775436896617,0.23411669118770223,0.7550109441091611,0.7821060521867111,0.7796980404023025,0.7645335525540516,0.6911965868539487,0.775070387233413,0.6197004980540218,0.4833900953713834,0.43540775845152613,0.6198119348844608,0.5111055730718327,0.08776306694010584,0.6318886408205407,0.6475344301484269,0.9546590162384558,0.9600277501374928,0.9517801005930161,0.8881137867128988,0.8246164533214955,0.6124146633711074,0.9511579588678362,0.8174088794815906,0.6801751618136429,0.9514586694460744,0.513473490048218,0.6581418142984515,0.2894812029715755,0.8246767955287004,0.8474060661409976,0.8188206546423219,0.2695241045860479,0.6695352079619877,0.8479055783141424,0.8485876214644374,0.6292961997956705,0.4391622130180281,0.761376502646998,0.5421314651890142,0.434614926621596,0.7931931952656093,1.0,0.5592290447345647,0.3294354747799448,0.2068752886709656,0.7522737868906301,0.6157396670236648,0.546524402326592,0.9447118789724605,0.48562806083284504,0.8103636029903474,0.6808835528124039,0.2664514285031175,0.312871834263108,0.7068832619240757,0.7311713888814996,0.7811745616802062,0.6649789501702341,0.9493001317105849,0.47290330133642006,0.38988355000227276,0.05477062168275016,0.6327488057009827,0.7615088580532808,0.5658820153775921,0.9542865998377591,0.7903718035150106,0.4776313379437977,0.7573904838691151,0.7794955180410591,0.48012391827409157,0.22224869582308457,0.625011699068145,0.9568540919274422,0.5647746254538426,0.27457952469412605,0.2600125000480687,0.13216490709835652,0.13098517956834652,0.45372947051748364,0.44026316817103134,0.2131501793156472,0.24632878611347125,0.18683306435165647,0.33983693569401835,0.9704832189029271,0.3733935160003202,0.3890931643620524,0.4247172805903096,0.37250249624838844,0.3583097619548592,0.5331414242881689,0.5178485283635693,0.5103310272112207,0.5020281732619455,0.6324114860343542,0.3789713407459964,0.6242346727896838,0.14230244496861738,0.2518747574918134,0.9311078771152218,0.6309621108006294,0.8505288888580216,0.7521121096714913,0.8482915942530922,1.0,0.9313478033051641,0.9522432626121106,0.456904562612818,0.48226510247583615,0.5667044055944012,0.4581558095800554,0.5697538097141026,0.6426459651863394,0.6003772801560547,0.5710369651961612,0.5942544293028448,0.5684450336135597,0.5645801169310908,0.6159189570198179,0.7745578305552544,0.6882137016408195,0.6949167367605414,0.7059587750351292,0.692186605654004,0.7403134969727703,0.6330597463436719,0.9678421745453293,0.9426678040567165,0.9514338545611388,0.8276344647976894,0.9388286731165454,0.9151092103899598,0.2604843545234715,0.42259184768171476,0.9668035174273746,0.7308385861847786,0.6168184895587311,0.5538793264319557,0.3041025562450659,0.9554517862918066,0.41826976491759493,0.9521651439028695,0.5574490650874632,0.2810176505201869,0.4852409953417886,0.4815685813426879,0.6730099256845982,0.9469765646041207,0.49972245557657885,0.5565221706259138,0.7477596687314173,0.9144471493921089,0.767773975173882,0.4563148667490779,0.9659437631028849,0.009379723910787048,0.9222127643153707,0.9243172803273778
9,0.5576899737422393,0.7014336217153587,0.947238644000332,0.9039340793648996,0.665577118629679,0.6853903472308904,0.7278235233723367,0.2751364947560792,0.19608942151089154,0.25839459807657483,0.5571931878697305,0.5146912154390192,0.8343573091237511,0.9378413041798418,0.3185225232754399,0.9502636059748187,0.3889483199825138,0.9403005077172476,0.4638361354438255,0.31265439901360703,0.9258471809006331,0.6950173161409032,0.3619553737086012,0.5551001191234551,0.4194147307012706,0.49483362154425825,0.37771612065921556,0.7226683697281997,0.7113943608516196,0.6956094863227205,0.4288675580002004,0.5046909534623698,0.6187736864709291,0.321451543120953,0.4770805103613359,0.4327753328821907,0.6456466997314996,0.3400767052039589,0.7756812068412666,0.1412110732008441,0.38666260510876727,0.2924153131987124,0.7181910037823003,0.6238862653621038,0.9596847521213168,0.7766895148112009,0.7416763951448125,0.42933086448555446,0.7657862410955084,0.9403436057987413,0.7280390534044616,0.6321438635489643,0.4951526031595791,0.46863242136537037,0.6112688264933466,0.4324814155914234,0.647858840233142,0.606420144811688,0.29217136864554477,0.6251904686397022,0.5911762427174659,0.18081685720092366,0.5062871336280294,0.38899557629950593,0.34955577498285006,0.38898320569301004,0.9406821263460899,0.3553986150665605,0.8265030132645623,0.613585367105442,0.7331419810154628,0.7216663193516795,0.33125429755643704,0.20582165097959107,0.6818659842600487,0.47604938076722114,0.35227730858639733,0.8972034767443445,0.2528610851168738,0.2873874529218456,0.7102363875067125,0.2596217469492884,0.44349654700962055,0.20683480152635572,0.22698343799432544,0.24648254893440683,0.2543166115611919,0.6559999347921063,0.9588662500542124,0.6668145700239075,0.9461365399322827,0.4770232016419841,0.3117968544668366,0.7758775841594753,0.31361644664847016,0.3317007270381315,0.48261189184766584,0.49935677079887275,0.3310723512145143,0.40991104410685664,0.3769758466805871,0.49849020158932184,0.21711331233362866,0.5145195408471428,0.707152044033596,0.7176170792182153,0.5306632864122891,0.1848440650772961,0.6933669217899177,0.778316603738856,0.5416212857408772,0.9287275088213441,0.18264248930818416,0.36187809262536963,0.30438487482726123,0.7262542572973296,0.3397860641491663,0.610427466495838,0.7619817565053592,0.2726793050935103,0.22937705584649073,0.9305955244036825,0.7373301701736273,0.3100410159619845,0.4445464483084317,0.19697511337555648,0.7522740709872345,0.43968868835470776,0.715195499934108,0.745361399114962,0.2690207621935281,0.24843388648047174,0.5773465489497913,0.5174689682084876,0.7264883365145189,0.7331970930158592,0.3295478923249795,0.7475668459267746,0.9430046521491907,0.8847817946957554,0.6610040210406722,0.982108655308657,0.9589970932603146,0.3707894955653139,0.13346922576637862,0.7600561710506294,0.5293908272056874,0.7243602140573108,0.1972304092025818,0.24351219824183376,0.4078867001597766,0.7865917211848441,0.2933702231563058,0.2977838432940928,0.680938010285148,0.2763815318933744,0.2783604994456481,0.7191370271393217,0.8620751738104924,0.6110242810786997,0.5925132763854749,0.443544855917049,0.48011159408873316,0.8945579394670056,0.6418047608683559,0.8488402345254547,0.729287756359295,0.8244564724129378,0.8160732319366395,0.810101357361956,0.39337920098763846,0.2835425308131731,0.8111333717213541,0.8982533736088208,0.7108839404232284,0.4204959626343873,0.7189318671634418,0.40243757755130155,0.31498505266653365,0.6437402892517555,0.1143937970928143,0.9560325036839099,0.9600592143604747,0.9350118775456439,0.24735955874446813,0.45244306797602724,0.4900360841561659,0.5784335800447084,0.5050660361142087,0.7138544158707546,0.80479577561691,0.5051835799982003,0.7738258986872075,0.34810292578177826,0.28382396356885814,0.5409947923864115,0.5855206273897314,0.35226438118732334,0.9021421055883297,0.3856128220384718,0.5087326908220993,0.645760566140349,0.4837388920331511,0.4714049906397679,0.16490436562091168,0.6936771423693762,0.076180752991876,0.6892957477802387,0.9510880562299769,0.5242611723923644,0.8638142027231065,0.5602237852200767,0.626942983357128,0.6917951455281152,0.3194261424017458,0.15051760171399753,0.2989165938057496,0.4653122271355504,0.5034928774046458,0.529148824135676,0.4555822744421207,0.32098405514395123,0.5458485868875566,0.6194065960985726,0.7685534299716896,0.4720994037861219,0.5142132867237148,0.48631847144065515,0.9399419240170382,0.4411525656145931,0.31755288117059244,0.08293852542572833,0.21566172819550544,0.51200644828713,0.26185249332199834,0.9438914182092899,0.11533970626920029,0.050363395251238056,0.7932687617128408,0.506847066572874,0.963520738945884,0.5433963262113496,0.9395404019870051,0.5321047681455718,0.20181632324288956,0.2461179355541351,0.2984119466928702,0.17712100658943564,0.6665525424135503,0.8895537578645201,0.4888327371247177,0.15974216754050627,0.6394843708355049,0.7789014890866336,0.7589773501304893,0.4034996475097823,0.4929252666171201,0.5321814046766851,0.5582813357277803,0.5108727189343313,0.3425842697249706,0.6125433364887535,0.5974399115916789,0.0,0.5811273627519288,0.641559265203232,0.3871094941226218,0.7561165543610788,0.4637873718277596,0.7761273458948704,0.6867380286495743,0.5128410841860709,0.4024969706434966,0.552068451196132,0.23843615786654396,0.6705728493799787,0.5296123377572872,0.719251087307256,0.7824923262552597,0.3141978456024403,0.7716015018917857,0.5044771516955129,0.38535496464917096,0.3310556266191144,0.2925594677846853,0.23877810965532761,0.36030471346159404,0.5330808647440803,0.955053059120653,0.38692732341937697,0.7132316458704628,0.927323720843278,0.8699323277144404,0.9756114758853934,0.9452568223560539,0.9608909463008243,0.9591271975548546,0.3678108818981363,0.6941569028399767,0.5572003848311413,0.8255455811101526,0.9770088111086322,0.8198306287905524,0.32977218744010894,0.6715532658085119,0.3468961243127363,0.22393025797367713,0.983658652648189,0.9793605343592809,0.5072520022022359,0.21482857541968137,1.0,0.5339346680506623,0.3395775252845664,0.43941992833570165,0.9130251852257741,0.9256165223032385,0.9376736432830642,0.5163646087281771,0.5767415591870557,0.5094885802929088,0.6652799727684972,0.45357515825101313,0.4815323819402283,0.168651437003828,0.9834498664301582,0.6655089387540832,0.6241559297395269,0.4483926477114312,0.3258689856137364,0.9422484786472424,0.9610761609347135,0.43405861525534817,0.9514824157867657,0.49195121965046223,0.9322109605788328,0.5021852426544058,0.925517591013422,0.519050775729488,0.4140072210557889,0.3428706648804392,0.42360300422262015,0.5115845256817041,0.332169614348365,0.7698088585395998,0.3806815163719417,0.43392185857615695,0.3045515317008904,0.4216497818740668,0.42085829691596355,0.2990296929727744,0.3978035769644882,0.4240275545131366,0.680662146400409,0.8687901990035064,0.8724855603901933,0.6405687596036131,0.8655566093827913,0.6490112336039505,0.5293105076006626,0.12146042171018814,0.6429279885780603,0.25837767603914513,0.6327267967675378,0.25592011051277314,0.5769728002217391,0.146947002718785,0.06896376196751942,0.8911413091508404,0.39949786507324436,0.8674650784210353,0.8377062188650716,0.6322622608613042,0.7382820234113765,0.6803087835588946,0.788955364088494,0.6572181490982884,0.38328784609174393,0.9606052901512772,0.9187660848117057,0.9523398857705717,0.9168259612024904,0.48651560862330506,0.2721728780078681,0.25227865711239755,0.6486071692625914,0.6394469833659034,0.8064367856071316,0.8120048304051857,0.6395816162933389,0.8001693712473368,0.8120775784692309,1.0,0.3764302839423698,0.4995108894168437,0.34922614845347594,0.7499580664055124,0.3626334033070371,0.20530885599760848,0.7473182708737462,0.774014541636195,0.6914256229335137,0.6413088732098876,0.5844928567854115,0.6213458048426636,0.5632248272720102,0.3188125183243034,0.398949778641457,0.7053078012518075,0.5936917926773424,0.22797150560584606,0.7502395956486229,0.743500000104992,0.8850189347646936,0.8936705132901033,0.8823391349643218,0.7690284643390528,0.824910621974206,0.7193026336582257,0.972482928175157,0.815220192990325,0.7682881223368164,0.8678482586630677,0.9319012884361025,0.9469476949295154,0.1568798982025635,0.8345560642972856,0.8501552572771615,0.7703194652377532,0.19931875721277995,0.5408096240982737,0.7786647712184238,0.791205837278687,0.530547419749802,0.05232682568026097,0.8673944519721699,0.41271539113486594,0.39232889465057413,0.7596310656006451,0.8977912066526794,0.9521710385127139,0.2205150340391187,0.317758078527075,0.9660916192499519,0.7099195434900281,0.525970757100599,0.974680376062671,0.5839800318896603,0.4280348649906604,0.9272422820577041,0.3117973215577746,0.17995053558832746,0.7716352617856862,1.0,0.6115925976691435,0.713944668180549,0.972538659016907,0.4278454784804965,0.41705017456226273,0.14963225053239554,0.6696614736473043,0.8292979179982496,0.5379908539445707,0.9809499001799799,0.5245608956687908,0.30681559752434606,0.6874197775887286,0.6747373603901252,0.4711349350830796,0.21097426620082516,0.47306874146396183,0.9704936955710671,0.23203257314874562,0.5803465724391519,0.4323056291957712,0.3318741263320249,0.31489353147470334,0.5048636907044974,0.5127722177720364,0.28744454953150966,0.3333833702892478,0.12237863178067016,0.503947847712587,0.9502324309060441,0.45829034079307573,0.5540615930117494,0.588813294727901,0.5471713847670011,0.5161050829914857,0.5556565109988397,0.5338668734854632,0.46836142825099514,0.4099835300469293,0.49365424259671375,0.4104451798139408,0.5354570356290167,0.4375663460180716,0.08898618576821377,0.9097371841630502,0.8408738016531779,0.7901723614803633,0.7224115582101632,0.6339185196469628,0.8718689387856082,0.9384191996347904,0.9845491309282334,0.6576414524103121,0.6214676572065864,0.5687034651741188,0.7707718258645326,0.5570037939904486,0.865915667311687,0.5936489114737351,0.5452938976070137,0.5442245842062219,0.5276022995071342,0.5060785156785986,0.45484169963965354,0.4979817700864015,0.6137555960728316,0.6088041435657544,0.6046338362004546,0.6398952912135359,0.5065138485900283,0.7709947134655265,0.9814841093657961,0.8846228743854031,0.8739429135608289,0.8675752886514114,0.9499826197184925,0.9135674197608395,0.36671555258175004,0.3106428028979882,0.9744723901545957,0.6508840425996618,0.38231555201452694,0.508591906210011,0.32909999921557165,0.9624459448941876,0.45977556144267767,0.9727944159109767,0.5386643280589979,0.4833374078541255,0.6710720047453494,0.4804830082560748,0.6839912022846819,0.8576224676230781,0.17825690381208378,0.5802647959761735,0.7070395803497714,0.9444053506582398,0.5808012286270756,0.43671197103583737,0.9652250407586128,0.3105204118472485,0.9107685850025622,0.9501682296758677
10,0.5743610006007236,0.6125272179078418,0.9745312763497407,0.9385174443438379,0.6503074706092354,0.7674901760634466,0.8895946869176609,1.0,0.5900249288287416,0.4014644498627897,0.664683855601,0.6009258171066338,0.586872881532755,0.9265345481653399,0.2617058063780195,0.974137402948813,0.4594394976611179,0.9968117601636679,0.5453102566826121,0.32124173952107027,0.9443777697566874,0.404926894733869,0.2909503052779132,0.5987405774883674,0.4311735253241976,0.42941954461702997,0.31050908823823303,0.8034495454048971,0.7863195556128292,0.8795424109304819,0.2610395712023503,0.45692824597051057,0.8326731634025036,0.280040107303315,0.5117172218050349,0.4766343553639833,0.7615011498629753,0.32898864667836053,0.5234072960362567,0.40692074575645143,0.5418885864211961,0.23810894797257018,0.7706645509622994,0.7079368805269641,0.9875191087769167,0.6995835071333378,0.7799824015042717,0.35740876540296246,0.6927861276296233,0.6399927960506282,0.7764901277362045,0.5944315376374205,0.5275948334204883,0.42254574804820333,0.6059968859494234,0.4838126011078068,0.4828404168423301,0.6253681586877275,0.33078203928257366,0.45515649652423257,0.45166990171399474,0.20789110877972336,0.2686263161639255,0.3109384475641159,0.3278412284664627,0.028908896571836252,0.9630874570503206,0.5589775597541939,0.8414197012813193,0.5611307447230254,0.6415982410580229,0.7396604180707138,0.44361035523257847,0.1041190747234661,0.6892201966526467,0.8013184005065115,0.13605575458668215,0.6481457265149803,0.6845570264552301,0.28053356525064377,0.6441645567426221,0.4548650014647493,0.5240032272875285,0.1817289520574745,0.9966192120843592,0.28814168323501854,0.1887634171030386,0.5372708574349829,0.9789700963064584,0.7636151627983798,0.9810354993027564,0.4586559396694358,0.3569076328216159,0.6623512530700545,0.5907220901392367,0.6741537346611931,0.7857327554867428,0.7122729481575119,0.33716025845528974,0.6789495589786203,0.4772105689006092,0.5346028712449773,0.29795561322990627,0.35230338267697214,0.5175133270977323,0.5436762935596706,0.4719526608613929,0.32285133032344326,0.5102418676663937,0.6559658169994035,0.5483674178094697,0.6424048597966405,0.3532264793866058,1.0,0.2721287615843511,0.6883489868593866,0.2991054076899231,0.6365832415098951,0.8296674071864067,0.32508175443910176,0.30089586719356765,0.7504804283941292,0.8454952329077446,0.5174152305930073,0.6504493245075869,0.4548749069143808,0.8365204600005944,0.3464042542069051,0.8583079419233356,0.7812445311312293,0.31225665568823174,0.4938447447831076,0.6874080103610275,0.6234978088317491,0.8272730119110941,0.7659989736250297,0.18402432187189163,0.6726034936639047,0.5587021477334017,0.7535779957967363,0.5645187712833849,0.9536967036530645,0.9025823055429135,0.3491982776962183,0.12807184255494,0.757745646156841,0.5517537731729679,0.7811409227378379,0.28182393000167183,0.26202119466412827,0.5788254986492196,0.7834810346782041,0.6245480584377321,0.6294271721134922,0.8142339212542108,0.6028293244057238,0.6164484667535317,0.23454293462008505,0.4833349699325462,0.774216164036167,0.5869482150403061,0.1835854874214992,0.5711532519639636,0.8413508215173108,0.6399092238799992,0.4564642880515939,0.7372896778002894,0.5074589826137496,0.7867688088915975,0.6384552426407052,0.25267208540930797,0.22862275135084253,0.6114548605557013,0.8185552201804525,0.42744782949568927,0.4832817268323099,0.6885775101633662,0.36093103261324133,0.3260558840240336,0.852740447474655,0.4938333511448199,0.9799756737906148,0.9790973885554193,0.9794702967348348,0.3957347080277624,0.28151493608765243,0.4629427083974498,0.811270519024132,0.4827464832745049,0.5479759765396015,0.7355131248644143,0.4064525777653549,0.7258003832210775,0.2756680935642372,0.25946957891236455,0.7158810819282448,0.5375825674853126,0.658813722437602,0.8425614015501208,0.3522269054509829,0.6414324956141804,0.5912171186582709,0.6540414983315678,0.41168338581320996,0.4803741374095997,0.5559955883599436,0.22304341318861498,0.5274968020402343,0.8806815935166136,0.6184899419943689,0.8885805084326908,0.6515937881137319,0.6731704372149195,0.7823478525817469,0.5317627941184319,0.4117515812212263,0.4729116353542224,0.5772896645995633,0.13787740706894486,0.5634147892987798,0.48764977654065883,0.35593250016864453,0.43468070594974817,0.6533222805619184,0.11651630825009382,0.4547066455535143,0.7777323399221888,0.4920901944346874,0.9376014726366614,0.547857997557279,0.2800580590290053,0.5875682251910351,0.10183940700014345,0.47057708882897437,0.1958255611563777,0.7403172434917261,0.2562804403636966,0.20296062441718737,0.7196742977510264,0.63205524319592,0.9876931111255611,0.520567594964835,0.9934245318062904,0.5513534718259719,0.07966898088205071,0.6271623204128238,0.29817093063963085,0.6023941775619357,0.6611203803269942,0.9143854560387262,0.5955450347878841,0.2240696928023416,0.6187613338078356,0.8213383458373461,0.49371693817836243,0.12950344872070196,0.5778362865541162,0.6915536756850506,0.528154529130485,0.6681680191339074,0.5989308008074175,0.8595884697602835,0.8565058662303661,0.15246728733684545,0.8600274880889524,0.7263743226949994,0.14728671727452367,0.6948424795982638,0.5712605925703182,1.0,0.5796452109428619,0.8719133641073407,0.8728611197465964,0.3926167914407981,0.19313791752985432,0.6222974997004677,0.6191713680271012,0.8754651390799972,0.8947447887958554,0.41384909648839785,0.775979462475583,0.7632224417640915,0.5921725994045663,0.5874020925041415,0.3693358885731723,0.4111187016734532,0.2641271202195601,0.6375960683321719,0.5494508473586668,0.44880436808191826,0.7782731600178134,0.9130145425863737,0.912437652862298,0.9680556325449734,0.9345563723737585,0.9861787435341567,0.9792277204029837,0.42316427224970654,0.9603336644900538,0.710938496004326,0.7391532353389727,0.7393318494117209,0.8587965717623826,0.56599466907442,0.613997242771142,0.44001548493556747,0.7709233807162176,0.19563065891800063,0.9798928040057242,0.786104951690063,0.014050566698135696,0.6149916794198146,0.5743555031214085,0.34036247969223665,0.5880478247475489,0.7698974941462414,0.7872195348875218,0.3895699625803011,0.5090603528032297,0.6572698687755045,0.5058191850312619,0.8378168909169018,0.46689602580528006,0.5815409512049705,0.5458991853805615,0.8835273562405788,0.6814837730377645,0.6399954617360348,0.8056538675663749,0.7200654482090916,0.9654651265694068,0.9901788091363958,0.35171903657300624,1.0,0.4994086881621295,0.16967395390202172,0.5048765581402243,0.17552183640301158,0.5469513282322939,0.39534110299372777,0.4460566721956828,0.788704514891275,0.7382326415107963,0.4733262060893558,0.8493610766594789,0.42794539395671477,0.4540705826585946,0.318048098884035,0.5982989269269784,0.6475517981195927,0.5059560301804646,0.5989887504233204,0.14229925490548112,0.841162913386748,0.9261618325350943,0.9200673217537825,0.5609003977978335,0.9360832971393214,0.5616807408457987,0.48816224134019376,0.1282580989216868,0.7788054398227164,0.21297532026901295,0.7749642915822986,0.2014715356088902,0.7525039600126091,0.21806560327063376,0.20359752928917982,0.5293681684585041,0.21649954407997674,0.16088719345519087,0.1537267107972579,0.49762807934922937,0.8710784940447686,0.7807554936885472,0.9165219307983322,0.7937478679733503,0.42576951909040084,0.9903568098490382,0.9871055244411072,0.7472022319266908,0.6373457760100584,0.7106538198817202,0.23726127177521242,0.26679043949009024,0.43580835360356257,0.4257977381678418,0.5780918661037681,0.584885170536528,0.8588372783192876,0.569519298596992,0.6098682442954784,0.42303270408891835,0.72830803836245,0.7675066939937218,0.37207102361656375,0.8943302993461427,0.4872664160667683,0.14352147989098402,0.5080272309160779,0.5212136477511122,0.5753187385676338,0.535854145973119,0.4373482874096096,0.404983780338967,0.2475060155272119,0.3070506791524059,0.2006177812595848,0.5072753793367406,0.34195088124606837,0.3818721499787364,0.5769398062451057,0.5599203373193146,0.6934945997682577,0.6829882718330971,0.6634145159289447,0.539627482837354,0.6214488667553292,0.5030926742022944,0.9965216610384656,0.6093333167732579,0.5868679638469967,0.6503572871766886,0.31204401130906134,0.32464378560409246,0.3676967109912931,0.6398075640578177,0.6241952145121177,0.6810574393282208,0.1533760575496415,0.48498265070426505,0.9733125839638829,0.5613450102884905,0.42904598006173167,0.5261818459563645,0.6620797008512646,0.36350179617684025,0.3341494327516388,0.5489223880161784,0.7013862656864334,0.28219412865451277,0.17141059502004422,0.5106976203367742,0.5905428259093368,0.976172859639923,0.5290375612918718,0.992288510634019,0.5674101312117985,0.4832254186959812,0.4200649242413192,0.2371028453069706,0.2406378567685427,0.7984361581550521,0.40603644947100626,0.9770890963944281,0.9044859842813058,0.9966164827228781,0.1337409085108425,0.505687716337898,0.11229978655732295,0.5943882654496699,0.9626034042600413,0.4639605895727364,1.0,0.6353541403358055,0.587312378967623,0.4137096851584097,0.42180972987437876,0.4092205622254608,0.05420068450737627,0.3468481570424166,1.0,0.12389610246191474,0.7305805556210978,0.6188372382401284,0.5659221522521898,0.5570078294145391,0.4738287465699349,0.4411469285778673,0.4223613917999341,0.4791337846105369,0.12109013936308029,0.6283004208940846,0.9927450362648622,0.6014093022574944,0.5587764599254934,0.6088200858163946,0.5746786526863228,0.5466241999472162,0.4060419613107938,0.38339655147952656,0.45219476514474843,0.47204837227431523,0.6082584460742084,0.0047973576940879056,0.5834118284200027,0.6676816108078258,0.5386455495988451,0.8042059313826249,0.8209348617269879,0.9678922335823867,0.6915036860533126,0.6698517835893464,0.7389919793193551,0.9038592106234283,0.9942801609260512,0.7299721591217989,0.7063056388126896,0.5315379054712739,0.9172811634519914,0.534442889966931,0.8082322272211577,0.562686064847755,0.5289218301179748,0.5262201221448294,0.6573399226569414,0.6435354986433608,0.6516950724797899,0.49378250620740133,0.7018290183331757,0.7021317256332685,0.7009333268262392,0.7581682084453463,0.7503025140075643,0.4506916446271533,0.994342232134044,0.8851942289722025,0.9122206119200847,0.8096466583887045,1.0,1.0,0.434906100145369,0.4469290308388529,0.9964776415848526,0.9642590226319381,0.44560520178060425,0.6433235985765953,0.3868019003364985,0.9852171984229272,0.4955291803287334,0.9915807560177037,0.6473969760672714,0.1559421215879563,0.5555388033588772,0.5119698215722703,0.4336117982130685,0.644213237166335,0.3955717882825046,0.7047464172321056,0.38522772243834874,0.9757193326893826,0.34585557342387024,0.6618365359871224,1.0,0.31340321275877475,0.9709368565304275,0.987106850939282
11,0.5603271710135432,0.537864846417223,0.9595108887188681,0.9184678426173437,0.48033968047660125,0.6429043588011712,0.7877510545491834,0.28623355039965104,0.5059872416207211,0.3152102088847293,0.592616226787049,0.40056149302582483,0.6186192994235216,0.7697562024463777,0.32192827337153435,0.9703651258857579,0.45673365726647797,0.9389772630844274,0.6038312469138974,0.30553732386150706,0.9191748361904257,0.7829145379077563,0.30142845158309317,0.39337907877236267,0.35932291112699427,0.5354941214082659,0.4943572725450755,0.6853877355165994,0.6782001743435601,0.775284007785948,0.2750799480553245,0.3731118147741196,0.7134452871927314,0.2903948119972652,0.42227729789753443,0.3470482987513563,0.716648078808925,0.3560916146505838,0.5292794189318191,0.18438582368276593,0.3208338493331707,0.21360381236785367,0.7193793446365337,0.6888708252862706,0.973255367255743,0.8362605568416909,0.7567485130441716,0.3589226914347938,0.8300130055047802,0.6850292473749858,0.7319390686742385,0.6789113568223023,0.36429001090127794,0.3719097835633012,0.6655715860889069,0.36350118952602045,0.48273916651819854,0.2993715462725569,0.37025221095322086,0.4431065710541441,0.7243851406610592,0.26545808314071784,0.7392872000250071,0.10008671149630702,0.3867458746649767,0.14944770527841708,0.9563201011570904,0.11171559363693252,0.8627927679146238,0.7545400597364146,0.36586953565986835,0.7610532372241513,0.456356341003161,0.27316150691188323,0.7259532720299301,0.4542605358148083,0.11031676249374132,0.5524077573653754,0.20902069363082432,0.375935631101783,0.40816974708817566,0.3678079698438048,0.4151352411954381,0.2127298483004798,0.17298099737171418,0.32888001496159625,0.2558859484208275,0.5970824421724339,0.9742300941677676,0.731997363694016,0.9796572251113932,0.19489031581658128,0.5274372563024223,0.7850995293954459,0.5797888686782138,0.6423716460502413,0.5586898250418989,0.6281793417221407,0.32150535999867147,0.5951537467848528,0.33901381105010736,0.5587559697724048,0.3181410424763832,0.6239625795310438,0.5165419196729789,0.5146419771078268,0.5795123978397902,0.32091632426532396,0.4390289404976378,0.7775419246536798,0.09846791550019712,0.6613644474323194,0.3304670785564821,0.45858654446023106,0.30248002952791186,0.8546139239010966,0.3558658799757111,0.6816124603277101,0.846055578625687,0.3355625528795067,0.28930738871636646,0.5468330656481241,0.67413185546598,0.46678452935545106,0.3131623253990947,0.4029933263403127,0.809061119236911,0.2568544160817669,0.5828635937001939,0.8115042995530121,0.5287726291595936,0.43640652804755087,0.6688405653028082,0.6416972140900569,0.810363349952064,0.7359465858512526,0.1292938500971545,0.9733189418292034,0.054132047734360096,0.7395965187970448,0.9574093631053887,0.9523779712975976,0.9103705943969109,0.37399473972491676,0.14442585193213575,0.7399592925617704,0.3771989034375501,0.7611018183923215,0.2931394556523436,0.3495840876082627,0.5672441931736357,0.7363954977363787,0.5394136256257319,0.5409262193505466,0.7285574354828503,0.5270709233342786,0.4950119580448302,0.38342694303307645,0.5503760491248979,0.7535511725308998,0.5876378236002147,0.14398498129607248,0.49773050059043467,0.7601154382174636,0.4658762508926029,0.8082243490439163,0.7175370960082724,0.5012058284262136,0.7502642926963397,0.5560597284676017,0.4205873990127488,0.25820583618861215,0.5213369643936477,0.9030672209432411,0.39647587974772114,0.38998524769149384,0.37934225846931957,0.39333625905742636,0.3032489577297522,0.35717718130750753,0.4535579111765935,0.9722820229771351,0.9663834022695568,0.9791663665859173,0.21389439216554107,0.3316568515378006,0.397036963344791,0.23154876245430828,0.42682587133089733,0.5844992520408036,0.7657737452792143,0.28315665769590637,0.6900690803719517,0.2801311886420182,0.2620601000956443,0.9421451632344257,0.370236588962936,0.9409819898644542,0.7534380650021728,0.3391416380654751,0.5290399281077487,0.5200745051239111,0.5516308735809108,0.32705219940946706,0.5915042352669337,0.5405172617337893,0.03595359438860922,0.5208260571717391,0.8919440789475458,0.5981857526152513,0.8700456255187385,0.623347976369264,0.6250626482564353,0.7023472239262227,0.39984034118589484,0.34164607723627405,0.23176833436647154,0.2096955284827249,0.45379487302350224,0.568134650024681,0.5498580612055944,0.21311473185438093,0.3385771842824022,0.5939944191768807,0.3332696764735842,0.3570215093905542,0.6790468845936424,0.38313625906728277,0.9238482178832913,0.2110754366835283,0.08050628908210451,0.4242910996447322,0.37482812493027023,0.38283636286827094,0.15690539897036684,0.7750985822844184,0.15676869257553236,0.3379454005951727,0.727190007426055,0.2674585055611941,0.9751914725389097,0.4231946719431428,0.9852123134121838,0.5021315927501927,0.1648231371241544,0.4646993595489595,0.33120344347275193,0.4403270324967511,0.6449125564928576,0.9942021290138767,0.19348023823666363,0.10045976251077714,0.28204557175424144,0.8217725602389695,0.4747386819428354,0.2468437025124391,0.1797232376140331,0.47786569916308574,0.4320434784549898,0.45395407868951015,0.44301083007897935,0.6076466520142759,0.5820850888688014,0.18461763970070472,0.5714429570897109,0.7559529253852829,0.21469812163538757,0.6569387810676592,0.6155922306613458,0.5545182590672768,0.3730958465498337,0.6287876115729105,0.6310324384308587,0.34238570261843365,0.1560836516826517,0.8778352713847064,0.698095316109687,0.891981096884172,0.7773021012038704,0.45127099482860894,0.7759644907670301,0.6174615898167979,0.6333374239513677,0.43164525628923667,0.4390124532771339,0.21216410966804317,0.2875248895465321,0.45018372080787783,1.0,0.5119429334236183,0.609447553880207,0.9586312029884407,0.835112424494423,0.9721194837428392,0.9487635678074835,0.9753682472094108,0.9803401695922995,0.30932551172818074,0.9711612823840076,0.6864742254697199,0.5658608038052401,0.7717213166238716,0.9035498171228125,0.41725588534678365,0.514917105232133,0.4316082509737799,0.6935398655339241,0.39305280276516913,0.9775077426269373,0.7528334788040022,0.29208729403231654,0.5407201740382965,0.40215117215778057,0.2553568590644091,0.459382666744539,0.7357200609531491,0.7447566625112805,0.410423573919306,0.4028286422131215,0.40246605097312155,0.38909035717628865,0.8338779987268893,0.369881798594603,0.40803872981081446,0.3623310435155556,0.9949810188132279,0.6599287905771255,0.6216375883983352,0.8704623379013271,0.8430075133768713,0.9200797328850459,0.9732964061690678,0.4222440928559604,0.9577571974789252,0.39126789912951415,0.3308712370672418,0.39925814377249097,0.3250519925090318,0.4206539579121522,0.2893505240468155,0.37690872225095184,0.5492023016433999,0.6412415000594197,0.5505625193386345,0.6971164845343127,0.1897660764536716,0.43157045154319057,0.28414155335072344,0.5055343200657801,0.5139591412382711,0.5532621192882222,0.4764037965305262,0.13452535695244286,0.6503721936467265,0.8809805999917726,0.9162580705252842,0.6799467282843825,0.9116058965935321,0.6289812035077007,0.6175053200952487,0.15492282151301584,1.0,0.23132555355827938,1.0,0.2337941349129551,1.0,0.12779447542329753,0.2556273433448747,0.4767801273970612,0.26257807267140515,0.2688922335851995,0.23634703786565875,0.5599735434154093,0.8255818285911622,1.0,0.9437185358283235,0.6657977926753357,0.4041516800624804,0.9684667368347569,0.9418817468089125,0.8205148996451319,0.6539518139240846,0.9798523628227356,0.28314882979397427,0.3087379668304883,0.8324729662793429,0.8204606713569644,0.749589392412537,0.7441073666680367,0.8386367683395685,0.735312039020707,0.7490778335111591,0.6440744575410337,0.3917463957904032,0.28301321813208136,0.38098532863181084,0.8900582297042007,0.8830236094016479,0.16399588577955806,0.875000492617494,0.896170416026316,0.869322930018331,0.8187138456925583,0.6951435517412123,0.6676594098423454,0.46776118912573217,0.3364158943577049,0.24033197730714592,0.6091942981925368,0.4526317051408806,0.416107765881851,0.8815173673618877,0.8882158969930556,0.7966874504879261,0.7785468724840785,0.7296262810959444,0.5661220943264126,0.8998438302999319,0.8901720125641095,0.9760923539633648,0.9107707001909642,0.9150342972183713,0.8317752932557988,0.5633166114307144,0.560254231593309,0.5395970640443022,0.9114537913493604,0.9329694624017691,0.895830789507285,0.18661049437413296,0.7969781326665254,0.9016227980796818,0.9192706410557581,0.7072067476534883,0.5413530878036673,0.9904591590938228,0.3480358865478834,0.35755490710156407,0.6099624315546202,0.8022296768569586,0.5623774918855552,0.2634640261711756,0.6061357563066235,0.7776463450070786,0.5838886799955845,0.5558651857774025,0.9779089216406575,0.5287509363781359,0.597267812725561,0.7244182578310059,0.23241450326194768,0.4505737206475909,1.0,0.358852910078704,0.9860155367549339,0.8428073806606886,0.9728961602563438,0.32273875685051,0.38240487222299235,0.29688900943247076,0.6222048656788141,0.6423899672676859,0.4593267853171247,0.9628925065914419,0.4936933200134852,0.47562108429588157,0.5283573853785809,0.459866295247632,0.5098616478606595,0.2522424439329664,0.6711430780642145,0.970535976288193,0.3959552156701972,0.7722075726606765,0.7347581104196536,0.6009471158503701,0.6016950612764135,0.844909121175047,0.8479147222327643,0.826382270514361,0.7952779828273076,0.07455155465349353,0.6316107811992973,0.9772558363073246,0.6252633907059693,0.8755857382975787,0.8887928878943772,0.865571213232553,0.8515144563324367,0.7995252590969966,0.8147670700934596,0.8697053669152688,0.8265558889053592,0.8380085744079674,0.590552236160517,0.6726211871919284,0.4035038937625866,0.4455838470449908,0.5765299909283383,0.3879963240684788,0.6954691729520847,0.68147379052744,0.6980011009448596,0.46119616193509333,0.5273592348374972,0.9804016688444281,0.5958469109607979,0.6122462780099849,0.4379625812445846,0.5006001431817572,0.43720670968225345,0.5662579370961108,0.4677747049043905,0.444673207999693,0.4267187781504574,0.5066945978258313,0.505308287685136,0.4923938295804515,0.5331879879853281,0.5692719932263689,0.5711277913118475,0.5792697069174422,0.6010385216601629,0.5140675304239928,0.5906364280478318,0.9831256778800536,0.8424363294008868,0.8417771657897011,0.8031140624373421,0.9546513399577187,0.9537776446268122,0.26024573297953446,0.42036747148039316,0.981002680813022,0.6290423630604693,0.46987716347680414,0.5660277767223768,0.367488055819467,0.9595278223111631,0.36157119030171064,0.9721278479128839,0.2529837311576605,0.7150155644952818,0.5207323992992965,0.2365398972687314,0.7762063283175186,0.830025851130524,0.0,0.3365308781020297,0.783531014448552,0.9479412104987555,0.13770878795879124,0.021598867757053244,0.9597335837802535,0.3335447393982477,0.9373699846298158,0.9656602285368698
12,0.5736136889581437,0.5478944821764529,0.9486535320214718,0.8959660611264522,0.40405112256068065,0.7158642206085424,0.6638483173046635,0.4037055948601129,0.2991446354351998,0.3569178526319113,0.5551230300468998,0.35394583767946225,0.5113927825121048,0.6977116021114408,0.284542053004976,0.9545726632030763,0.3595880314645133,0.9162243185110579,0.48583542653429934,0.2102437404964814,0.9241361558936423,0.4958801366817934,1.0,0.4192260840515145,0.2920365381326899,0.6631377247264136,0.4652186942093767,0.7574576395764581,0.7465604186604721,0.6248093678194498,0.24241555231785591,0.3240103333414008,0.5185324589921906,0.22636287367480498,0.2429301330979299,0.2219602861690651,0.87113562264696,0.3476675151793568,0.5216071954897381,0.3369547353215469,0.5693598800329097,0.37697650082967243,0.6627419363434137,0.5932216757241796,0.9614411492643633,0.8341497077528076,0.7180146955505324,0.36503854727536095,0.8381142924483073,0.6169836935014962,0.6961719312450296,0.6842088943142894,0.3732929204693049,0.31152053618287845,0.6475530276320468,0.31209546242994335,0.8072873803120083,0.8767295739973335,0.18986978059310913,0.7920066707866709,0.19950377460716884,0.21180616632440366,0.6261103681633289,0.21470742164200296,0.32318498750671126,0.12802031611773187,0.8483318766809703,0.6297812706579516,0.899192464466987,0.4150525681818025,0.5069725055843951,0.8027303041534987,0.4191659561484893,0.2933432574394834,0.7696311578046073,0.5802836915568169,0.18350892150249512,0.2635316870797329,0.4149546290823525,0.16123588709883324,0.4768925658653071,0.3575707433205021,0.6292699594359249,0.09847488426861761,0.32517832344417136,0.3233165278049738,0.18639092521865858,0.4551240688003705,0.9582904673786157,0.6079067284607289,0.9344089929059214,0.746260169239061,0.29806231146597933,0.9987693425704204,0.613340167135056,0.8358886721310801,0.7566027941217274,0.6794083478645824,0.30220627569919717,0.606142661497379,0.17610995646191568,0.6073156358671558,0.5083562639967001,0.6159057904115282,0.841499842809785,0.8625699344157921,0.5221334944865803,0.2107715523567316,0.8283731678628331,1.0,0.548405901094369,0.6156250791857426,0.4579529366914599,0.7222638381626179,0.28883046871138146,0.6069822536467613,0.33154389778792326,0.7627618388598071,0.6555421679876923,0.37416634691919953,0.26726566893197734,0.4995054961056462,0.8103916518476926,0.4475293844743799,0.5964416228971915,0.3925183229141366,0.6913187619252019,0.14397365844236404,0.799519318557879,0.8450336778810408,0.42339687264478143,0.3955709619568253,0.4734523492140222,0.7287506497328613,0.8056568820971771,0.5980970217287912,0.0,0.6391913288150117,0.7539922932458129,0.7379699075159208,0.5089866589289224,0.9526165344647656,0.8213417508987798,0.3564225198366283,0.16147247206178797,0.7359405475787449,0.5017725824851135,0.7674596305715288,0.4518145989031477,0.2890306852436138,0.4273679543265869,0.7565985928162404,0.3952206990158566,0.3989029674591048,0.6122447505269035,0.3699639330626277,0.3092250847392938,0.24240416941177187,0.6437478526304794,0.6681348772809538,0.6325864769210596,0.14300454166314885,0.48292492681216437,0.8399178740026505,0.5489335587058136,0.6788852452115619,0.9369783640311328,0.5068107979593058,0.7487458622191164,0.5440870406963665,0.47874005009178344,0.2722329204148554,0.5208278344583297,0.7629569906550641,0.37926617510163874,0.41039360852381324,0.5379104435846312,0.38260690390251684,0.3588278440293006,0.7269138719980295,0.18155465261626846,0.9554426086742164,0.9466536322724186,0.9347671959426693,0.34545651650637477,0.017392383379264773,0.39852018945194506,0.623517883432501,0.425255579554081,0.3675241935478902,0.6419976901552543,0.3620686531538444,0.4787538430989893,0.2812507759349893,0.3247292603199444,0.7160897058740321,0.5976371424345897,0.6685556526513484,0.8055963675790973,0.3574070758949296,0.4636605795547963,0.470580041232263,0.4677688394746804,0.2522064112727624,0.357130073830174,0.8372182518867534,0.1460799004669916,0.8328644443538663,0.8661724666059494,0.430219147179273,0.8646029726173788,0.477068794619841,0.48095011356051237,0.5081572174447384,0.6200078897405228,0.5761649455335327,0.2679905914677531,0.8603306068190218,0.2700764220014711,0.576084824273232,0.5353124559823846,0.3370089660996262,0.31083431512029297,0.7786627964234932,0.7296646109901961,0.3198581357436039,0.504819211789301,0.30347182672540013,0.9494344323385258,0.19246383564570366,0.0,0.6783854685721741,0.5884191184067055,0.6743284397437127,0.1849207261266152,0.0,0.2399233319272076,0.278441785941643,1.0,0.9164880023477401,0.9568724574131069,0.3495884379818107,0.9292377726623527,0.3742032094928013,0.12885968424796318,1.0,0.2142840415349042,1.0,0.6829492278643366,0.8559497016299279,0.8828091435911036,0.3801294312041389,0.4026975488496134,0.614971867971066,0.8567712860063688,0.41300655542152337,0.8959936977736536,0.41067289150485176,0.3872696415131797,0.37834735125270547,0.20566986601019968,0.3553294601291222,0.3448832166071551,0.21932562736191785,0.3721328096481509,0.6618323478070912,0.08790596098930421,0.7304835845522006,0.5670186522137984,0.7110594932451025,0.7278791068962792,0.8739808050800192,0.9323840485031372,0.4403782740491295,0.2151771397902375,0.673253528832175,0.6494504503176118,0.8418104864146345,0.8546395054990747,0.37194230100082754,0.6431670382394287,0.418448372358836,0.2741165860156819,0.2691683123402408,0.3425916267844904,0.2509149121840983,0.0,0.6177817215024209,0.8079643735418336,0.3162418390937341,0.6567494751801601,0.9149413057008812,0.8523956870554572,0.9652562565115007,0.9069684085998295,0.9516592458890245,0.9346880006665929,0.27509200389811234,0.8224809556060888,0.5567458281840655,0.5710630391903707,0.844652559603051,0.8084535982728371,0.42632451097582374,0.591579876937491,0.4792447517883232,0.5122875612229252,0.36153364047451103,0.9842367582469991,0.6545786406200081,0.04375961309071724,0.342916811007783,0.28888983023654596,0.34557374854896017,0.3716398845670632,0.5731124569165761,0.5636437152726458,0.37134647363813916,0.37788802931510485,0.5726439908852167,0.3749365837365218,0.8064629299377106,0.3132850163801902,0.4012210078801878,0.20576534901110077,0.844829857406122,0.43719863897425093,0.4033945264413711,0.6335903413265304,0.5313309604704193,0.8733562094019505,0.9523843488888791,0.04427256165292609,0.9475081426642751,0.3741659592268391,0.23911314470227318,0.384446383853613,0.17785532267574083,0.3953717500532794,0.22259006847105955,0.45756632781636153,0.5283092217594837,0.5834234089086808,0.47778092575249304,0.8234777971122303,0.4087876329541034,0.2312975596097259,0.2862109989690639,0.49664651516191277,0.5169097649703227,0.6836998973187784,0.44656804250537635,0.03421398067360555,0.7310796484905085,0.8009539344604384,0.8150417459193993,0.7041854564311278,0.7812638224951861,0.670563682638477,1.0,0.10047463329114727,0.6614707587371097,0.2091234870289928,0.654567083527127,0.23690359254699034,0.6044424858516705,0.14291225214871667,0.20766823980675647,0.2257743799092573,0.31362983970434277,0.21690925660233387,0.17388529823873322,0.6346361176985805,0.7276352019430836,0.626230135100602,0.9180657088190947,0.8350346426968437,0.3987105963261325,0.9524553055843907,0.9296939237115902,0.7483089873219129,0.7165428888847518,0.5036676216301091,0.2282851517620129,0.23809244694752102,0.6958602550807047,0.6842159726378777,0.6881774201560665,0.6878121331919139,0.682613495534703,0.668728008356855,0.6823561833905963,0.46732411925291883,0.8702851802172381,0.23062652560942173,0.4765125831412187,0.8515926927138513,0.60734961449764,0.13278369965698875,0.6365248054904689,0.652675746878042,0.6585865218257329,0.6180845337972362,0.6064892483959592,0.6486217805339983,0.5963383786103993,0.2890380617631205,0.2546664457646838,0.5520168043886974,0.41697603754086016,0.3208882794150833,0.7918983562219827,0.7859773507763008,0.7825812872201242,0.7650886243005959,0.747602993774822,0.4933031431429167,0.7185896975513958,0.7640038126808576,0.9555474004957308,0.7196337070840104,0.7924988679066449,0.7695667265068203,0.3047307950953125,0.2828468497633376,0.4296244932265453,0.7111307052469052,0.7065298988026812,0.7425940376470376,0.1644683114957184,0.5386073346448879,0.9399876029033879,0.6598718961107721,0.4046443729262802,0.4849421697105578,0.8917637445686288,0.35635835103271446,0.3551051430539257,0.5335132632983165,0.7439234782727959,0.27054365178521655,0.10637180090516603,0.9090076311500568,0.6427788170849027,0.5906294516412605,0.5662373090230759,0.9469564308095682,0.6574338479464337,0.5337533786251092,0.36717025154512356,0.20189747133686065,0.6849947045729475,0.8476177459563194,0.456530723668525,0.8579652527337686,0.8466366834806147,0.9515202365524782,0.16486965880744145,0.26234348138976343,0.1923017344514535,0.8063038804658373,0.5731590247110596,0.43029110760667855,0.9522637021661478,0.6241094761757103,0.4444705966140423,0.6730478961360484,0.6565239971548725,0.5468608268917726,0.3225634250252707,0.48538690698872533,0.9615535731288334,0.35759664275663383,0.8246627247079512,0.7818319354064485,0.5779351476181886,0.561449146661191,0.463286206436579,0.4554045480342477,0.580149319366233,0.6624573242043864,0.1354871131106452,0.8308486700272637,0.9496574632590128,0.824669593534189,0.8052885648489785,0.8063949829536202,0.7686816755559317,0.7774714720536902,0.5070017450161254,0.4595884180262499,0.38877117189725385,0.35417996727777934,0.5440281457890451,0.7620054646429166,0.27785771490567246,0.5639763269127965,0.3815030469764631,0.6220816996833699,0.5977276468230469,0.5293396930801639,0.6396096548695615,0.6844931046402889,0.5221600800565541,0.5362085130991946,0.9695086114977882,0.920937084907475,0.9118383110996173,0.3892250507539539,0.9482160951876918,0.38006063135321133,0.9411319977603788,0.4102782008014283,0.39388851674988695,0.38991745803666467,0.4558083887805742,0.545439934276129,1.0,0.4332523844188443,0.4737288491783387,0.4720110634798078,0.47590936575984366,0.4735999055910577,0.32587558886393475,0.4826484657373174,0.9718260228096922,0.772083731032662,0.7885188289807608,0.7022743367263945,0.9443145511498141,0.949011564365961,0.3721300156100232,0.41838623047429413,0.9690300519592138,0.3027783572712534,0.43296159699393677,0.2925943270861175,0.4013602227209472,0.9542106339409873,0.41008245907452395,0.9548010133454036,0.2972474439434817,0.5376940104152366,0.0,0.425961862221932,0.6448195393313143,0.7469951283414341,0.5157719663111425,0.4668681258287845,0.5894125767064319,0.9476468015244673,0.5064979129225851,0.4174361904972041,0.9635323979340701,0.4831963283682831,0.9149282899845705,0.9595265824552116
13,0.6863515705088098,0.6221235282827067,0.9800101575129622,0.9356852913693836,0.7572834911129033,0.740509835489496,0.8613777888212122,0.4426217908680185,0.45837045461802084,0.47990846275185756,0.7423492285389253,0.5014601861865159,0.5543069376057078,0.7294161281008515,0.28591441023343467,0.976600345350265,0.13763465329629837,0.9347971469781734,0.49989959700008313,0.3175069243165335,0.9436457499481469,0.6893805186183283,0.38261458348936994,0.17942889858881475,0.32001380404088814,0.48030868546789235,0.53351180625893,0.782298655484608,0.7715236858090162,0.8570323304914318,0.2866348755439943,0.2016973884021742,0.7948833986526093,0.27433621135613445,0.23306389427058563,0.27331532684118265,0.7831231921609731,0.3833193252042255,0.5473288538933655,0.2616771057389478,0.23103272910148737,0.5711035402990714,0.3629635277534167,0.2838877965008383,0.9893262690307129,0.9759739047178202,0.822768492889955,0.18953561587110052,0.9751935141018268,0.5604428007447801,0.800074905938848,0.7605591888916121,0.5043441722084973,0.20458562517239234,0.7456084746799986,0.10775369408103075,0.7959855897539097,0.842815413766889,0.38873032110120215,0.7789414982043462,0.5071765099314003,0.29181664061353574,0.3294995203243069,0.3200500860221317,0.39758173578702916,0.41724920193652426,0.7503505608607128,0.19133213798958398,0.23029429355596115,0.5363491007893337,0.5774179529004836,0.08793067536604822,0.5762375638438229,0.15224291104173823,0.35191601673223183,0.5073939904024909,0.09432567875271511,0.2481920520506788,0.3038279627145658,0.3292590645153635,0.0,0.5584726009390266,0.36065064728865337,0.2582350966000697,0.371299469537456,0.2931127389251307,0.1308537579441293,0.5715142365468127,0.982126228576666,0.826008440669478,0.9779356443065318,0.6740868325381074,0.10861382194080493,0.6927673823949851,0.3143191457754937,0.47937038519814384,0.8952428251738805,0.7980984504045854,0.5919410281742644,0.7630439060639257,0.14413659711878923,0.4709579057957048,0.5667792562610031,0.9394532544002833,0.8169628675643005,0.8307777592128328,0.7457603685328736,0.32685834990049184,0.8101963425898663,0.6813941237547706,0.5012670620153753,0.5857094288378608,0.4542765788694169,0.706539333256712,0.2879971107608375,0.9346985508556575,0.3493689408578644,0.343796377765427,0.774604029531068,0.24054637902868561,0.41755052867790765,0.5187807686497689,0.7847574326180073,0.46600836686385316,0.537533850794626,0.39102894180754133,0.8306589450878716,0.05889161589708196,0.8137975859365806,0.09141850200684452,0.5237778619875921,0.5185776529295776,0.7173532417815193,0.28780141248612073,0.8686123406601852,0.8000790564338321,0.0973384355599379,0.7798967043785118,0.5036389785495589,0.6437980032974758,0.6993700169890634,0.9359193036049501,0.8302705795915333,0.3634407750455577,0.1606316856224934,0.8638994569832127,0.5974137237383721,0.8535698594243166,0.4249247320200884,0.3472772591659754,0.42909516934350406,0.8347990446168266,0.44769337503034357,0.4517341217653695,0.7866944292891169,0.4375885726877419,0.36988800366852775,0.2954598629802539,0.7017578094770791,0.7157192166036311,0.7534730466913155,0.3554304367119354,0.681494437931998,0.7386861709212773,0.7893480942789924,0.7024850696440739,0.7450337934149222,0.5189444119646156,0.7740423413580381,0.8126395261110162,0.6389491255347983,0.28318813717513264,0.8193429971235309,0.7537476566072614,0.8263343212290285,0.7148263619249948,0.5875438954238418,0.3731115999075549,0.2639829066691298,0.7177970147225256,0.4007871987569181,0.9763779275979245,0.9717434851279212,0.9509127708387409,0.32559785652755174,0.12383847134381637,0.5832129683810682,0.6862260923648805,0.5992290179645305,0.276836929679081,0.5739632484074378,0.3190065273754667,0.5087350727673701,0.24214227278231196,0.2720043291250047,1.0,0.5749672817266686,1.0,0.714706051500093,0.505831771374649,0.8293272031998399,0.4248691998970515,0.8220264501701282,0.20297531304474592,0.3879475671734457,0.8361292312774795,0.21957523991590072,0.8268454086688857,0.8192625001720653,0.38861290780364105,0.8814242345774311,0.4601252615578638,0.5358645693458901,0.665657229648341,0.4568829450965997,0.39206277070581563,0.5000592427993028,0.8238636646046497,0.5913310864566319,0.5501651480314886,0.4749942004842731,0.5428665595501143,0.18249417994744793,0.7241204207211824,0.6011286468591192,0.16915127831770743,0.577557640466885,0.18393310771613336,0.9371300492958761,0.25816673629806663,0.2746356857629603,0.8663687994817089,0.4352323464437768,0.8562019527261621,0.2787562344694236,0.7482799141757235,0.2144998354407677,0.2547559742424405,0.7355720720449732,0.8800323711981332,0.9801503737888494,0.19855203883451536,0.9900356227121639,0.1861680550681541,0.15874324099727535,0.5958651645622781,0.30906715693003695,0.577157619553243,0.6245512937944134,0.9422587226016691,0.84470963460503,0.40740581980989676,0.4612941044456116,0.6259738478366197,0.829271670896603,0.4685210277722366,0.856952190271682,0.5024740882631035,0.382809336103872,0.49524294291553683,0.3256444098940496,0.3943295820174558,0.38459217225196934,0.17846499163910537,0.4285763946845732,0.716983086079615,0.3336860768368901,0.5665265434873321,0.5796905570543018,0.5558476993596542,0.6467786288338193,0.7943121043694171,0.8153855530583378,0.37027114165812686,0.2722732757710058,0.7050660945846206,0.6294152310369919,0.9446713683841481,0.8631524076095426,0.3794822482844227,0.8094908799738944,0.7016539149316449,0.6165555570835825,0.38534811315302053,0.29194746318027476,0.4144992702269327,0.20427412083420451,0.40022105004103986,0.8853209980411487,0.46735906126902976,0.8269604059571026,0.9388393619453179,0.9365084058375426,0.9693586767400626,0.918943924225706,0.9716428154640709,0.9632870826043332,0.31276788233885217,0.839737048166332,0.4744587934228895,0.541354800822019,0.7760467608689787,0.939874307719071,0.8158017661864292,0.49711829812694686,0.45099928893094876,0.30810212413461485,0.4389226249748897,0.9733038872978158,0.6364451514166853,0.05095113426212693,0.3301193376537197,0.21064770317868167,0.2225301096788,0.2669445149032876,0.549512882006958,0.5572706596541653,0.414148230099813,0.2339984592949964,0.8197409052407745,0.23130007932696522,0.7624685912638861,0.15288845752696992,0.20041410967671425,0.2534740618231985,0.9206142418773912,0.4733409504855197,0.43952727543652714,0.7030360461781178,0.6498060819076282,0.9663704654964281,0.9704610835142905,0.3628300553440871,0.960921648868541,0.22661407205399928,0.44821518647320907,0.2417249551611217,0.41369087411009586,0.24669764729252144,0.11479298818847553,0.42951494742712354,0.2897790120517282,0.7159884257769715,0.2999988571926928,0.8760935573229451,0.3848004157979976,0.21123185297407562,0.36947264889437575,0.5044853854196019,0.4913505180641178,0.6145181609405655,0.43974861270244536,0.09419955788029742,0.7793999609136368,0.7245457598052256,0.7593879732630564,0.5056739331508014,0.7289550567667098,0.5352647307458741,0.5581134891060594,0.06600660864481463,0.7742268167879861,0.21712960714673352,0.7564881213451109,0.24904196012697039,0.7465917001289155,0.1085416711744055,0.1944844952420164,0.7195024548433859,0.24144286187117972,0.4381300732849179,0.4908475269862687,0.4258127289453617,0.6539387975543399,0.7652380351374324,0.9839482399171297,0.8569110146480056,0.4256544866057485,0.9703183307175153,0.9079888498714527,0.8142965151267543,0.6754096707999131,0.6006602633772679,0.25816547354028446,0.28065204367162766,0.6853154833500674,0.668822609170946,0.7616254132249488,0.7536655905941918,0.7342557858991079,0.7564689148508539,0.7607571012217726,0.3997152764399012,0.45230846581694745,0.11062746812322599,0.5078138354951203,0.8659926416676708,0.7711928495624504,0.17053289614471798,0.4721677945769902,0.46797751202902094,0.7150094310492915,0.6942204659456397,0.6426682671287365,0.655113934083004,0.6043412095467142,0.3706293537955965,0.2276622015496595,0.5901552131931408,0.5323075449627407,0.47365586469057575,0.7738193394151988,0.7726424337000232,0.8334333982015701,0.8197780080793132,0.780784032932056,0.6601091158816043,0.5477986001435897,0.7511860065368535,0.9762232620286999,0.5636690554639904,0.7944403016795797,0.8288798764971594,0.3216389562766939,0.27488269336910387,0.24988701979048625,0.5551252123927006,0.5336126557865969,0.764862189734299,0.18472938714123696,0.5505240975705655,0.891154836023262,0.5028131655024505,0.5252418803290345,0.1621860974030839,0.8771697653549836,0.4198922013867473,0.31834380811184937,0.8521042735145218,0.8079378290823593,0.27475023797462145,0.42962314089432796,0.6201584942137457,0.8116117599811186,0.26387874657280963,0.5923177051332233,0.9697662736224322,0.8003872059466592,0.950957539959131,0.35456135511427816,0.2110400828836921,0.2455412963618073,0.7929565651243997,0.512590592683446,0.8253900665071012,0.835013456969865,0.9698452305077461,0.34926430230182115,0.238325930615572,0.18396746122019605,0.6563781268187158,0.7139795125366254,0.39947157139998407,0.9731180832732764,0.6687639585212647,0.2752218769560209,0.7019200474950714,0.6733745402912574,0.6001611503151388,0.38134297550950486,0.4582354036028757,0.9786111316267054,0.5132859260237433,0.7139858345114976,0.6602060703176553,0.37788017346662506,0.35600644498467493,0.25319338839176203,0.2822707976576034,0.719628763521732,0.7785721363450034,0.12463922035687151,0.7536741172570129,0.963475244273541,0.7373750911283473,0.7728462726892839,0.784927473811979,0.6281774684702448,0.5886037312214576,0.37920076368483846,0.34752139015069006,0.5663948327451044,0.5933199681106965,0.7413539530541825,0.628734954685146,0.5398894901105145,0.3726526129644921,0.41468437488860105,0.5009275571475068,0.7398227022743586,0.4035650422047989,0.6665599819452351,0.28327958724468394,0.4476907783264731,0.39901401619993226,0.9865660791263303,0.9469606859703035,0.9328586663431161,0.2317361678177452,0.8077279598366081,0.25271086542522553,0.6361148432247423,0.24293300280315666,0.23420369338422992,0.23407892396423619,0.1818123129325323,0.16289274538900114,0.7518229366796195,0.28278962684113695,0.18820263176077368,0.1771867752507688,0.18401011528300487,0.20700398192539088,0.115629590421863,0.25401646365286684,0.9703522612496783,0.565155306701473,0.5498536945707914,0.5650681716386673,0.9638510044119409,0.9597949154564827,0.0,0.4191885028316459,0.9993250661891008,0.46139709841894494,0.2876430172366921,0.3831210589548296,0.31596726021765187,0.9545142056778049,0.4331651849236189,0.9802475262948817,0.0,0.4996994777885429,0.4116409927931164,0.3886704665548643,0.6917500567469682,0.8050262886327716,0.47144832027643163,0.30118680818693705,0.6533750022612518,0.9583462248962477,0.5524489418781954,0.43201483896729265,0.9815388565631932,0.5193493520452909,0.9391920748140099,0.9861096366337486
14,0.5721104783424925,0.7682350831085826,0.8102341357957948,0.809856619254259,0.6637038804705168,0.7696539182135581,0.8108218964022923,0.3849138193988197,0.0918191350497482,0.3659984594756786,0.6202640688044941,0.4973823837829273,0.5326427973577768,0.7818630997943428,0.3782985661530956,0.8735514711017485,0.2062455104379933,0.8747845747210307,0.4517926426889504,0.2916493431329882,0.7717038361853499,0.673354926986729,0.20223043466783808,0.17484530160709957,0.39166295492343933,0.27150470854175973,0.6100870561175208,0.8170312396041456,0.8100356877389048,0.7870470457794853,0.29453141296271135,0.18801964403387858,0.7067781509202744,0.36247524697211375,0.46041897997163467,0.2719665533123894,0.4738647242750413,0.5255295650284474,0.7682225197779009,0.15700471605361066,0.1595331347626212,0.276960112681529,0.6239301489875047,0.574571798092149,0.8230696332693928,0.7775664300825079,0.7602162920603057,0.18658483302834467,0.7727567896639577,0.3703063661564244,0.7425404281603294,0.7557913636122293,0.7306601779686798,0.17494693442450476,0.760095589651429,0.12640499325372664,0.8684700485219293,0.33140212149541237,0.28298570620172875,0.8522751009007551,0.5021462913591276,0.16991850710218145,0.3420421359660652,0.38256453541050073,0.29416313306436775,0.1360320025165378,0.8107002972801153,0.5565182391078661,0.8447024066635307,0.47498111007498095,0.6349279335077432,0.739631890995878,0.43491833996879425,0.21880991815536383,0.692473038174522,0.5802846841951885,0.17112056473864326,0.4831308429040872,0.44897851627341734,0.2715836512816666,0.2658641898391214,0.41483430603720817,0.5345935131502687,0.2567935188762403,0.36364129992138416,0.3248153870480837,0.29289095899683987,0.43385999587883095,0.8745338209058469,0.7848795894621339,0.887281813346374,0.8351216909324035,0.18061555535769375,0.5028621301507495,0.612702251847102,0.7478377462781843,0.6470534226156053,0.7120392818285084,0.40374791776788305,0.652839653170224,0.3670097337403687,0.5511328812087087,0.22080548150634813,0.5174142730644432,0.9134078284936586,0.9155271084120202,0.506038027154461,0.1528432758947119,0.9207042904419779,0.46469539155194556,0.5675746636896276,0.443504821553924,0.6889721540108411,0.6029139578568422,0.2921823422672531,0.7058663209574398,0.3262874362917963,0.6696935795210569,0.839130759891882,0.280783760277798,0.3855899935271604,0.4507384926760343,0.7188716994965209,0.3291114721879326,0.4145817720154257,0.20332514300489132,0.8489446675784257,0.3432781034163532,0.4504170884486212,0.7875582595940069,0.43106893333727525,0.28158404967848116,0.7476242477222731,0.5810176691001956,0.7911429783614867,0.7564406587698079,0.3775387923919036,0.7229855553945205,0.640805518434123,0.5022741920961917,0.6222696066742595,0.9039597023323326,0.8242993968322423,0.36150102022959285,0.14434072439193182,0.750672698502767,0.6781642277173059,0.7044237918211816,0.36109625443383087,0.2931083531219487,0.4224197598907887,0.7425551131963654,0.20638409889285683,0.21091424601411343,0.8287104886667715,0.19344109842722168,0.1969501900700674,0.26269646721953993,0.5276214748889619,0.9185028381681938,0.5950244595705757,0.36525045124588845,0.5119350502813719,0.5596623006925794,0.40683898467881924,0.35765838025744573,0.9329976273317753,0.9612500824107709,0.6718033689483215,0.5028611648916578,0.4120443627564323,0.2838583261834357,0.4813134471659615,0.5852412145376563,0.3039890234756155,0.4554866712636791,0.47528630656262216,0.3948689181544557,0.33185196186558463,0.16102501805050856,0.02765800784767187,0.8726245511590642,0.8712022715108451,0.8664585262356902,0.2109092238530625,0.43223995829329925,0.3292124513874903,0.622200251047452,0.36011995061764807,0.07750337941750036,0.5134821733103867,0.48266508136489933,0.20708429059232383,0.31332938937665133,0.3295312987644122,0.5936670425524487,0.6339091548661127,0.531346923149976,0.6865805414697481,0.736475370198381,0.4812681482826121,0.27206421875692693,0.48137156717759677,0.3491441325467362,0.14686180483296732,0.87773019426895,0.3259787064963615,0.8699267649407968,0.788436820645394,0.24795423394415758,0.7808918651230877,0.3802071450813049,0.5075218891064255,0.7865887063799036,0.5257683799463395,0.42430857861482324,0.5797349929125863,0.22887420088051075,0.4522308885392419,0.5490109210209595,0.5765560160150375,0.1915499655092681,0.21852663655242463,0.8900658503302676,0.432097352852505,0.1626037350470006,0.43211510842100265,0.1484911036784118,0.7983033213547992,0.06847984378400901,0.2566297762672122,0.5319509179002492,0.4658748093521922,0.5327561334751946,0.34217990356071337,0.8848720326802549,0.3375492390543572,0.4053287493399677,0.7754637836163489,0.27822877410541724,0.8601785443787227,0.18312551012225708,0.8780092876274544,0.2622350409262814,0.20833610865291452,0.4370488434594831,0.3445084817988094,0.39869259525865136,0.632303524708118,0.7326309935252229,0.23015879348430243,0.39308994767868904,0.36062500151359744,0.5934981503157813,0.8546204312746098,0.3054387428782479,0.25303503781072373,0.3392170171889612,0.6177078529463422,0.3093629603532138,0.24800437736600012,0.26210037867246305,0.24413876186896746,0.2554525490229994,0.24312298037922925,0.7493384972345296,0.025176428446976536,0.6622026187360096,0.637336267068526,0.7206207751056947,0.4495725397701729,0.4492166390022758,0.2936725430182111,0.34309776607271425,0.911657978915515,0.6787083847182488,0.6891610616263435,0.8410760880289397,0.9126975371634526,0.3687672932085446,0.7301302917471613,0.8459138728348894,0.5920004470663719,0.6856869807156625,0.4119597663182813,0.5470866637898958,0.39613325666285676,0.312217045980584,0.7783271775649334,0.4430688294208983,0.9262145609732294,0.8375763468454599,0.974234499850067,0.9258604960323572,0.928166671698535,0.8593464846978144,0.8634119064856388,0.1535237919981511,0.6575769374515534,0.6197812044835687,0.44780124328186705,0.4191384774772493,0.8432531818252678,0.5364525808344985,0.5516817635715303,0.2921418796407494,0.09101739687380848,0.3578372242660978,0.9717600615236176,0.6434007724355474,0.29981154889215456,0.381785646070217,0.05716081127160464,0.32246812364748756,0.2847429524878631,0.5634022348060047,0.5943422986986707,0.3193417848310259,0.24208822140253314,0.23222255592712893,0.22757035330967967,0.6044448214035923,0.16009414524655785,0.23922852719185397,0.20262298048998614,0.8751597045372818,0.7576740857505945,0.7112639082882809,0.646834670882539,0.538083471268799,0.8306874067214568,0.8645709682100704,0.45650142875158284,0.8689274546405427,0.2236597968826462,0.32065701680407765,0.23384038807563798,0.31067449109486395,0.2324124749858758,0.12370758935985501,0.3700106756355324,0.7411088632121862,0.5698490954861531,0.3632415325563491,0.7992627459994931,0.4677998578775742,0.617429386368388,0.5551145641501559,0.4851298749999709,0.45145590281122766,0.503995749466153,0.4302108015207037,0.22267495258574635,0.826628629235501,0.722117488215144,0.7299841458332024,0.42842332749154793,0.7314265704755595,0.41629256152782973,0.427763592651431,0.14067557746880338,0.7111844308404409,0.14786094398380356,0.7024749931240444,0.1753109327526449,0.6580641094936108,0.06959161496243917,0.24578806054066923,0.31340753962851114,0.299730584419981,0.28523950099777623,0.2386252373678095,0.3961987813419462,0.7690268960855149,0.7121245515453093,0.9281943818959519,0.7440420332676306,0.3995916058780592,0.8643015222997753,0.7900625110754214,0.7786473957813482,0.7048460055017902,0.5513797914315193,0.21718258016374414,0.24013549575709353,0.47020608952981685,0.4542452079173003,0.6243623160154095,0.627551220922473,0.6028273941945305,0.6114156102811033,0.6297315670495675,0.4802371206873434,0.6029442659147709,0.37740788912411144,0.45568947717130054,0.816792202746187,0.7214848481143656,0.0897581627555763,0.48654859648767873,0.5025354205976106,0.5413685942856282,0.4972320526988708,0.46045334277301747,0.47565811567036886,0.5986474419862546,0.2415774515699671,0.3150265773528518,0.5783443102956157,0.238349553935986,0.3357603933012982,0.5813809151217046,0.5783279405241526,0.7255886892293439,0.7494031352143639,0.6706586062657607,0.47870874792058704,0.6045029259189755,0.5242635839708937,0.8787202001072077,0.6126399605958219,0.5769139235197935,0.6711355047944445,0.435217626426531,0.4120606952912694,0.16675871431024503,0.590343301686754,0.6078229758939271,0.6715940904003957,0.14572656395190414,0.3528616026776764,1.0,0.5061138355438606,0.25870263986952347,0.19463541796802014,0.6814505531921472,0.29830351554185347,0.30422850168123783,0.7030925064640512,0.6659340677289204,0.42584989645143956,0.22717530902720423,0.7226551917422981,0.7752353544648551,0.402891226168839,0.5793144424183571,0.8708541100128417,0.4334930622423362,0.619506554650322,0.5832107638883558,0.1816965239692289,0.3011444640711133,0.9938349320313823,0.4425526050583925,0.8904174823062155,1.0,0.8764249784258138,0.3516070206696232,0.1773119304215904,0.17115532930687882,0.3460573179399756,0.4964240206161065,0.35024390237948344,0.8786866270972878,0.7592377630059016,0.15688830602744702,0.4441253457267399,0.3770899103510543,0.43941050302886914,0.1320323495377579,0.5195656632180371,0.8879996768191073,0.27522049629023165,0.5568229009374225,0.40641438210132097,0.4572457519604282,0.4396663649340601,0.4959742286725297,0.4927024513141807,0.5389839640084371,0.5916300237183986,0.14004569204639195,0.46908340010075106,0.8650417733269218,0.46596960271370497,0.6797769786473431,0.6894192570437994,0.6280314966942183,0.6308553624665639,0.524855789503941,0.48705488794547647,0.5744770124572762,0.5675740756943517,0.6698754371813985,0.36829732312951224,0.6425086164592022,0.45317668890016227,0.39511158365041293,0.761902025137438,0.8118663885551468,0.7667508578542965,0.6497218957535683,0.7170602653563339,0.7218776012084576,0.5708618437041406,0.9009966083196305,0.801669861985216,0.8423812323486229,0.2339262812517575,0.7857970475165771,0.2332770558626501,0.9304282374256853,0.25727969004538365,0.23962044884831707,0.22365089606000316,0.17588383604274346,0.22246121844270983,0.7706579554098627,0.2540655201671844,0.21185984320616963,0.20060085229072097,0.1989931021207021,0.23887513934054747,0.23301213772993074,0.3792630564745059,0.8713247342529354,0.5701013589996529,0.579268194541181,0.4937097026474402,0.8585042447173024,0.844128201004304,0.3553206588917378,0.3962937787938153,0.8948511815899572,0.9902510572067253,0.7261977826859113,0.6210446064435496,0.37288324491816854,0.8797069670149689,0.37614908701502026,0.8838609726740324,0.717476135547923,0.40097323995308365,0.7553816075965089,0.31111383331576564,0.4438714830786419,0.6736748256485374,1.0,0.7811306576784196,0.4437773811923825,0.8731219762537062,0.8292632740624325,0.5774893549475372,0.8968012884357222,0.5232345555723759,0.8143338832814272,0.8426403466605246
15,0.6457228968556487,0.861814362747634,0.9253876519115127,0.8916788579790975,0.17927750059018657,0.7950614001244821,0.9375798752091399,0.7013590293616663,0.1414523006046438,0.4185503759115102,0.8096099542038878,0.7723221391460343,0.45892106822589224,1.0,0.2788491007598061,0.9439692448279433,0.360310763561532,0.9229033856554073,0.601348281458741,0.26918798355671053,0.9630969714804458,0.8501915798750369,0.015722606110340886,0.5577622995124778,0.4024727050062035,0.6765700934122564,0.9213031757138986,0.8449659274926384,0.831894707387342,0.9440845374280112,0.268649693423171,0.48221806160323416,0.89973217618947,0.2409311016571035,0.47293003961863717,0.4461981965611964,0.24708577815523453,0.662211751493721,0.9054822416090036,0.2810740946009161,0.21926442745811794,0.23908065686670543,0.32941109227362836,0.25589311552200883,0.9337030187688453,0.9553236416064382,0.8702969733678708,0.4769620064398235,0.9522950872165312,0.34318792135536963,0.8642178049018128,0.5979008125427264,0.7005377912887877,0.4507803625934358,0.5648712118076303,0.49761485539823286,0.8977454606207631,0.5025859406457525,0.41567225312489786,0.8823501664782111,0.43911998053660173,0.2979242640566961,0.2604827316712522,0.09862548644721066,0.31117457944889554,0.43974955887706624,0.7014033055312462,0.6454900844933068,0.5649732609804546,0.4962451916998003,0.751812058985005,0.4642973706659855,0.24311855368675245,0.17397861343486812,0.3450999934029202,0.8138432949606569,0.2136787689636667,1.0,0.7172147954568863,0.3209849590710208,0.5946651017979387,0.4939151329947047,0.8945223760933645,0.287319273561907,0.6866941676183321,0.28782310932367194,0.1610318108350459,0.5338272506068693,0.9472979024207294,0.8155174762435503,0.9357589480043849,0.8510561440547594,0.1044737448327449,0.672113260087545,0.1582254070813458,0.8905324964111224,0.8700776969960253,0.7403725554086764,0.5258173618683524,0.6986172628446047,0.41666855116298457,0.14181956652100836,0.3453828071305746,0.8964846766658076,0.9010323273561662,0.9113944771154125,0.7728685114703352,0.24040166472144242,0.9027745087539502,0.6513365837209475,0.4913491830124363,0.2817137184134475,0.47304027756671874,0.4182643434541545,0.20404980582478097,0.5950402608000285,0.26645814122615624,0.3884252491391166,0.8893541867194936,0.21790623884927673,0.33061809549833926,0.7526262023831772,0.6533279936826367,0.34152280227533055,0.2950428496958045,0.23053462171165218,0.8400998427042299,0.18639676226167384,0.4260997769364602,0.4871496987195293,0.3528218031372677,0.36930598332617165,0.7190626122820535,1.1803326333366486e-05,0.8161037032475661,0.8915898505865449,0.2448864009138676,0.6737859311022996,0.8342010203003631,0.36177888749133397,0.5549851478909776,0.8778930194746345,0.7442379776622197,0.28292836985905856,0.04821028383711528,0.8235089375817797,0.6909226863611708,0.8242426610413859,0.3788344201720306,0.1624708708260394,0.21770692196932295,0.8231606066612495,0.3238157132325925,0.32456884752683757,0.768968397954056,0.3270335315864911,0.3257509625006795,0.12506572554841874,0.32050779274344054,0.7408787178206827,0.6825375494069734,0.3157046268287958,0.6393129250348701,0.5047716324694571,0.7524141408205347,0.23211985081670483,0.940071526515374,0.9683991343478378,0.6160887404748799,0.7105740736058064,0.5872835645403541,0.18363199496837856,0.6834219815927415,0.5840433048609487,0.6592332228050035,0.5883039642885626,0.44164693251032305,0.31814384829814435,0.24148096183021078,0.15823068461285156,0.05316035382479896,0.9452679889945995,0.9437864775515348,0.9450292195295953,0.41274541572286494,0.2902131813138108,0.45351075485414505,0.08252527772063332,0.476918046890498,0.03676035245327574,0.41927950367988226,0.3372045501613154,0.5828329064093178,0.2331896944207756,0.27870596950409715,0.7104277296176384,0.5341100259641691,0.6435470614520962,0.611813291384001,0.6045195222049685,0.6830941080081688,0.4731713271294355,0.6851464136558918,0.27167053458723583,0.32764230232743263,0.913266321761671,0.0,0.9016292459336688,0.7739481050020585,0.30157164946306947,0.8468967572734071,0.34143202879075585,0.5753682220189871,0.7530720129385995,0.35551539730887843,0.36990346737787666,0.29113424245922087,0.427373806764991,0.4679241208704703,0.5539028628291414,0.6734279550656881,0.37139472384398386,0.6172712340015071,0.6691703040181127,0.3467500220214615,0.4669537111865895,0.5165928061571605,0.43599498338280535,0.9173209899608816,0.43259422808214576,0.32122581740911293,0.6885427408489966,0.27653203385785186,0.6804536636761491,0.29508196575737616,0.8927889067264513,0.3304798769995736,0.9133162504749305,0.7258752635324948,0.4774828067801151,0.9442140697976604,0.47902823422798135,0.9387268549636802,0.2738833632472497,0.2140969655560248,0.6196581572189197,0.1457939490042994,0.6154795674707131,0.6676502803207164,0.6450780195025827,0.4455436429993226,0.17812376613620068,0.4433254447327762,0.6353806004371277,0.9332193725924491,0.10121883592053539,0.43564494949751426,0.570071772914344,0.4932366749616523,0.5485599152063301,0.3983662199956656,0.2854053718765363,0.28256367243447883,0.9478044940119003,0.30293017518305887,0.6762696556934606,0.1390125501002339,0.9333926946506994,0.4942120537501306,0.5782258293960877,0.525172033252502,0.584753053430898,0.5765625302106626,0.42041507855147986,0.24711804375046634,0.7657804538128249,0.9762168754708749,0.9187643256736803,0.7736833357844972,0.27295644490926324,0.6425119480181916,0.33928936538887194,0.7338016493398067,0.4031272993478539,0.35398777267550985,0.36843776463730754,0.2860512078858529,0.40188829174309143,0.8805109590924559,0.6274650156736413,0.7566322745193726,0.9485339752987871,0.8934928675011908,0.959469167086729,0.9083103787159919,0.9448811388620405,0.9364325770275437,0.1704854449231334,0.5581410141100069,0.34896478417008064,0.5995250195782491,0.2894052863599031,0.7143474649556412,0.2501781108420284,0.5671669835468975,0.45768233546992115,0.3806067271439457,0.4271701673387444,0.9697748869929174,0.41784880441292127,0.5219661733105999,0.6333623582194127,0.43374993267423745,0.29939835157373706,0.47712113745414947,0.7008957068639012,0.7093612295647526,0.3616171827368503,0.4961230313290619,0.6097478412779093,0.4912393618687645,0.43554187531153,0.4458404936587149,0.45721633264526446,0.36096309411077104,0.8881165590228579,0.836681146342913,0.8164862255970671,0.8750303935086932,0.8382422957343694,0.909205128772829,0.946808326923786,0.3813671862701746,0.9348608394669043,0.4737572396121836,0.39619302514027444,0.4874757815842705,0.37262740244841047,0.5047522307069827,0.36794747423966734,0.49620268995739847,0.5268938891565323,0.6877244080990981,0.3371285584783151,0.6622735191712752,0.2413586289177362,0.8830706545020668,0.85220379028579,0.6371008137270951,0.6546412591682123,0.680613368580663,0.5560690732959296,0.19368650152352784,0.743967982582221,0.9286496765636464,0.9256841960237692,0.3478963248588263,0.8912679576684803,0.2673846099486043,0.15380179952460699,0.08108874034437547,0.7136189503595518,0.14631899576263066,0.7003839045643124,0.16509783758018992,0.6661920213044698,0.1677413093018764,0.25635937083462085,0.4283975370614285,0.2925516995923156,0.33855864892766746,0.29809411281616044,0.33046478027292725,0.8204976084472919,0.7155630416999905,0.8546857989437499,0.624554122277204,0.35229311774827515,0.9455153466581799,0.9318119566488466,0.6318953266366588,0.5035653685650858,0.48606806092364113,0.1947432899056018,0.2295901583337795,0.6824863105391012,0.6668179794955801,1.0,1.0,0.4134963053732213,1.0,1.0,0.5902096537888071,0.39930125971101643,0.4604841325119354,0.40431000264002576,0.7135779773712521,0.5551072771802315,0.07507408401443265,0.7966357258125587,0.8199362862349059,0.7599732738069518,0.7355276214605136,0.7858623552599207,0.8288435323822163,0.7232797120888458,0.17834723363794752,0.22869311539484763,0.4242950490466813,0.17774425662293467,0.37701466380479065,0.7672070782823479,0.7656557919758173,1.0,1.0,1.0,1.0,0.8379100093549687,0.7709609032390713,0.9502053323367609,0.8459742712965067,0.7990604188851075,1.0,0.4155697081714563,0.39486560196183895,0.37714043492676674,0.8371747813390024,0.8414016180482896,0.7760972038567204,0.1440364474600162,0.23933096519622507,0.7997003413405805,0.8583076103243517,0.6309662755847865,0.22477261866079556,0.8453816640754928,0.2926070471799608,0.24820038506650174,0.5409730440822883,0.97677647527149,0.3260143206212078,0.2088906904618084,0.4165363221776512,0.5352071798728503,0.34824064280572453,0.5966530452352068,0.9428034257919726,1.0,0.5360751301092657,0.4534137151057198,0.1914517162140979,0.39822416442206954,0.7556467252421745,0.5688737074271079,0.7719580951573274,0.27908889352423866,0.9489923360026556,0.0735745132267617,0.2195201065493674,0.19566312435461206,0.5567131072185003,0.7156928816021053,0.376449823894491,0.9558010763556288,0.44053729304827965,0.29989522539294367,0.6656324509219863,0.643489438226891,0.5969375466728123,0.3591986923786931,0.45916185605697946,0.9606017255243375,0.3266743600544686,0.6123490024105762,0.5256855503070795,0.4060220318840411,0.38698984553329757,0.5829915523927891,0.57378368108328,0.4117375425440551,0.44907540071958535,0.16251252258294088,0.6846149502836797,0.9619727997126047,0.6844395562338002,0.6743715055243834,0.6835620024785726,0.6015465679089831,0.5620535340142587,0.5069177618925206,0.4815860446771833,0.41365534325732495,0.38139430921358597,0.41938673521805653,0.3784140959816698,0.5992347342099006,0.41259577159553273,0.16533729044388107,0.8747661525620634,0.7609559240721012,0.7374373196797029,0.6071511642929529,0.7397265903893376,0.8208778800876615,0.8748563589887446,0.9699713332154037,0.8339569520998888,0.916759530056853,0.5012478019433121,0.894211409026395,0.487214539422871,0.7150237899491396,0.5277948411503709,0.506016750245788,0.44491430903568674,0.555404517688415,0.5286650981165308,0.6306871941355795,0.6838408837250376,0.6538607465962307,0.6551584719848675,0.6610820796162277,0.6799087918701475,0.5895451091298761,0.6705999177611216,0.939278344619425,0.8711922819561616,0.8478611771946759,0.6387800650133546,0.9324781500833693,0.918945026528997,0.2725877849088615,0.46374268167412497,0.9584216775453119,0.5163019615913402,0.4050036685499676,0.47731003973646446,0.343805826057968,0.9342345307210591,0.44841612572998074,0.9451771681101753,0.5634059974987331,0.5396646303612076,0.5705389308919743,0.5931218027974424,0.813063476814937,1.0,0.4569543702802446,0.5971616371007457,0.8297955182672975,0.933111595681098,0.3088364692900197,0.3718851648008251,0.9485350176069379,0.3994266846472121,0.9062089938510306,0.9501276100619556
16,0.6176087915299172,0.7373382799211791,0.9235649259937422,0.8813775479304387,0.2851300569147783,0.7925243348434416,0.7794931873708065,0.2268055764537867,0.10916821978068603,0.11225033286289858,0.639829286065115,0.538998114898106,0.3804428300480792,0.8014552421314198,0.2902994704047937,0.9314752206802064,0.45799248894981043,0.8970239638087617,0.5165904858692165,0.32633428564570627,0.8749068654153146,0.4677526581621411,0.3037883697161251,0.47142789878578656,0.28608340389034775,0.7664152951035292,0.6342004084408355,0.8290834592188977,0.8202430742643212,0.7201690795672072,0.27620577283823144,0.501182398149245,0.6267970591071769,0.3230126563531072,0.3588691371933259,0.454611332983214,0.6954667503688151,0.41498628241366525,0.8487496750048227,0.36921682252543,0.4947137307000021,0.17129704215200856,0.20942533916493833,0.18223660674713463,0.9369869945311063,0.6525126974208267,0.7659286218744141,0.6724958128640344,0.6529371706449374,0.47201476623059385,0.7487119049928331,0.5747703891848369,0.3900758109807,0.48410566892219636,0.5474726927562663,0.39457015605044427,0.6857525899662947,0.6017081553278795,0.29080636964206474,0.6534304661702018,0.4213353095273363,0.1782133112815641,0.2052505584954455,0.1773323275484897,0.36122204353213827,0.32890394261642875,0.8376900584152515,0.07836748137336684,0.36055716266692445,0.6650516485535184,0.6759025210608062,0.2558907897877389,0.2771349542392825,0.1329412059406125,0.15127545720824645,0.6893232498930184,0.2503478499297984,0.7128931550743159,0.5474432503613487,0.26312022343630076,0.7101485784184969,0.1411543613622686,0.29033891650488536,0.04769996770084399,0.13985465108498168,0.2599609241749746,0.22136129461359336,0.5125819412768197,0.9380332154967396,0.7710973963938247,0.9469848724191681,0.5505634758912,0.2986236136044824,0.6897859103192759,0.387388587252394,0.23057594577530968,0.7698934453603355,0.2644229150603265,0.18377573049865664,0.11162943340123087,0.29597527390702943,0.4607456476309387,0.2680015703130884,0.2712241576097385,0.7292545036640179,0.7397065106137779,0.5811776401572681,0.23363790654530614,0.7427603930228983,0.6961792707553058,0.9244583538149245,0.5019756189918642,0.16973797181949674,0.27201547874251325,0.2561828822181693,0.8347707365800411,0.32364505877024957,0.10242084417311126,0.7722109334045737,0.17944093538949052,0.10141208203675497,0.7624506727791425,0.6045312525801174,0.4395333547773741,0.19462239442289006,0.37052321020492485,0.7953958436269506,0.3368375595686201,0.6671925660808585,0.2797830176822902,0.3085896458929916,0.3567872131499191,0.6015604386823034,0.19886610046474432,0.7656016965489278,0.7571425902378581,0.1709066798600921,0.7383640416191193,0.4011817642073099,0.5020417077105935,0.6445057399029112,0.9034066186636449,0.816331412792724,0.3357280991707579,0.10563435539144514,0.7697352645029595,0.6597601050278978,0.7742049131778084,0.3935972442615012,0.239637846392116,0.3096834413302042,0.7615086342516535,0.09147091503407984,0.09628392256985395,0.7456164156712936,0.09931687493575002,0.10162038587531723,0.1556248304589415,0.5558404937830956,0.7787705328671825,0.62918789557875,0.26614345239842596,0.6618928978933954,0.5930331704752614,0.6094432164945037,0.6085553233805435,0.7122207248364525,0.7937298201032252,0.6552411617157514,0.4672691621624837,0.5319651213878944,0.21900124949582472,0.44354871740648877,0.6859452707128809,0.24683123102456025,0.5756909215913876,0.5896311267805489,0.33193905279505836,0.2694996206251012,0.5031689537106062,0.024497933687933557,0.9287356076911861,0.9184417481047733,0.9222955920704713,0.1968281060890009,0.23469380052684158,0.1815933704893975,0.47451423626485145,0.22603328991091687,0.09094295138084081,0.5002917558701434,0.45316883278886766,0.5706663719588715,0.29801151754606764,0.28838933848467146,0.4224516586406889,0.49134775427547817,0.2259978669757283,0.6410773030952902,0.4409514371343121,0.3623296532209686,0.20164909192977598,0.354821922318533,0.38019377407938487,0.08965636147428686,0.7280791215370798,0.2383598033859374,0.6928857476697147,0.7862050017901354,0.19241375945354658,0.938336391791508,0.3031489771368228,0.7142723357405704,0.7516010481839193,0.5420937392240813,0.5016914324742189,0.33434923124844484,0.5283824695860039,0.7415391516043315,0.5488061728537781,0.5599593528454087,0.3233153727471768,0.6301463873734604,0.6326455272244914,0.5302578965985895,0.4998251261052643,0.2773057651409294,0.5188686595279758,0.8965107430178105,0.2898323856374083,0.3191058151012094,0.3133110496448519,0.4949025107043297,0.22683835982246903,0.18149899006927941,0.9093366424650762,0.08434981568717888,0.3271314635080548,0.7844359842049428,0.04905390751949141,0.9319127576673407,0.5458635562913041,0.9120575129002141,0.39332287902881163,0.22197104018884994,0.39280646651161316,0.17977360593762506,0.37637357496117885,0.7362488060407344,0.8139493798019254,0.5434558871885623,0.22189530441441152,0.3226965116247087,0.8504264249122808,0.7814159783442107,0.5995401797259768,0.5380158969399109,0.4169283749404681,0.24845757487515938,0.4013557043749618,0.3106839180650954,0.3957901743128746,0.3781830901332648,0.13239290459789269,0.3839229796905912,0.7173950438520358,0.1250804275421935,0.9881923073044804,0.44010102191350364,0.6138797052072744,0.6180084938262065,0.5559757362330806,0.49350576455443224,0.39815354108310724,0.1919671783780225,0.758689271215349,0.6735321049385727,0.7686669449457351,0.7647407368570619,0.5612861951953414,0.752861106806951,0.380992288926621,0.6901872230321535,0.20662495472532177,0.40392946807366986,0.36664743562951,0.20228892303561136,0.5852878418177249,0.8629141603350676,0.4024439310593916,0.5849156866637503,0.8987867622732163,0.8174522024013541,0.9292852914272208,0.8635876297737541,0.9254909860132063,0.9172620701398467,0.1848880157687706,0.6729432523428489,0.5663165211206377,0.7347998739700444,0.5902590001006927,0.6744106925660338,0.34843522789244274,0.4406374934571737,0.3704162416691335,0.1742894551531759,0.3570275865763585,0.9407175377272131,0.4419491912118011,0.13561761812224268,0.3574144411576451,0.6121193004707889,0.353756210007315,0.5771279806956461,0.33419004764454496,0.32527151671491406,0.1800173400162369,0.5625449181886191,0.5506597745289512,0.5666450067145526,0.5549521172777977,0.4985547544110735,0.5106861880756154,0.2877172396355935,0.9480348943635237,0.4103517760941242,0.37833189638468717,0.628995949786195,0.5258159932105417,0.8917983399452432,0.9247363955370266,0.40107426910446076,0.8918005669522097,0.5713551731733466,0.21243568894516196,0.5826017173523613,0.16729402057136636,0.6092061423516832,0.47393533073699595,0.33559758086827046,0.6585132813023854,0.41209208673177145,0.6230835675860579,0.608628254999287,0.4722337406526223,0.36823985463634995,0.2540096032005345,0.45588956632994065,0.46394335410117216,0.019343346389549043,0.3983968628385603,0.16464595036071034,0.8254845088418068,0.8280275055816542,0.8394474924415184,0.4443930877294409,0.8469058561366444,0.38556744900609696,0.5016156849661505,0.10380640254168423,0.8433100699996379,0.2982424222900016,0.8381168564632273,0.34723113918890974,0.8190846718775752,0.21889658369251494,0.2515593812768944,0.5315357618374651,0.10061747236383191,0.183818631966734,0.14312040468375506,0.33835732129984897,0.8534743631103829,0.8433918875031786,0.7884744946616343,0.5730061912374985,0.2962791908601715,0.9172077428852151,0.8688214233187735,0.5551634287762707,0.4710289699145258,0.76330132670759,0.3527792161060998,0.36153276862856354,0.5136077248553369,0.5018330441953043,0.8380262387465282,0.8361810992541657,0.4754529576992534,0.834435189682021,0.8330443409022784,0.4695778367161819,0.940690762457203,0.5023467800067892,0.3103643079808522,0.7414924812484592,0.4861690954814566,0.16966230646541242,0.690157598902919,0.7126362160128907,0.7162034486681808,0.6828558166735256,0.5578154039959369,0.5915468570059581,0.4246435440248951,0.42170595525249926,0.497527623263,0.4247189233309179,0.22033064823662038,0.3293530148788911,0.6135813157560425,0.6297644048836809,0.8889345315851379,0.8948481010905915,0.8913631217194344,0.7298371765411374,0.7647688138708993,0.6146610542377181,0.9270279107839803,0.7419697536862031,0.6875388848993234,0.8892285637370119,0.3842671233542267,0.35519064529177147,0.23762284440786113,0.7746838663517607,0.7888462556367635,0.7615980325178092,0.2038024183504717,0.5999967603384497,0.7823717612175484,0.7881354303223166,0.5341423115937857,0.4456710474031221,0.7075246786670855,0.43890762622116325,0.37830323526508636,0.741754538946721,0.8883367587684303,0.34540160977827467,0.21109218383651082,0.4791429554463802,0.7820230289680689,0.5078994536075591,0.524148452614035,0.9189275239323216,0.7277189074530799,0.46521910819950624,0.4642906520730247,0.16522476690972573,0.10382156992679442,0.804488908704685,0.21675845619839912,0.6959359480735766,0.7885420279693272,0.9300022200063636,0.567452409247956,0.42065127431797444,0.10985974959805558,0.4678318006373579,0.8052973677000983,0.34751724840153875,0.9166760395634919,0.9114903674328129,0.5120914677669314,0.43363036456280973,0.40511363335554135,0.42314316091084697,0.23274174157721916,0.6456913718933176,0.9399603697706949,0.37120973550586384,0.4835495638611331,0.27643132184481983,0.2410429326684427,0.22914695430326273,0.6060801553798134,0.6166862383499727,0.6159426333602621,0.6839297447369272,0.10197763086677031,0.3714661382279807,0.9294971272767841,0.3619398986407396,0.5913611746860266,0.6143292727685193,0.530472604670351,0.5043339937318736,0.5366496323449167,0.5120641130607846,0.5549884613054235,0.5442344521509934,0.6005660561113495,0.39513846846123607,0.5320881776524798,0.19362512738204793,0.07214424106001831,0.8561438306548931,0.895032673032801,0.6494510727574031,0.6118187702631166,0.87877189068994,0.8553448785851955,0.7937806128021653,0.946200251172526,0.6568618909687097,0.7012200941386201,0.5992575972747076,0.6111845414991227,0.5986319008039663,0.691719326566676,0.6325706222967118,0.5891902242664434,0.5869794881678325,0.6573394202833187,0.7090846547372349,0.6327069953425392,0.6868312127144085,0.7735358166676998,0.7755743173154698,0.770477525122732,0.7927331579584812,0.7768480900332714,0.7552909560483649,0.9232892532253394,0.8814132279412126,0.8687429151324391,0.8544007972446831,0.9058690140863851,0.9169142005806018,0.31326424931284125,0.5514620736290855,0.9379295698789429,0.5743508602564961,0.6015297833264261,0.45453374242517275,0.213341985786203,0.9390381667378908,0.45070304247919496,0.9361990837317425,0.5511656176643553,0.2658116863032111,0.5712847713314465,0.43160598649339516,0.6131812721727098,0.8773171577123614,0.37241786273961613,0.36624070142990206,0.669015349025219,0.909101875916897,0.44835464460411373,0.46325422231654223,0.9252697797381129,0.42486023650321375,0.8627355856217643,0.915261708901485
17,0.45052973957717274,0.5966786210994224,0.9458135143667061,0.9114265162038756,0.47715983843851734,0.7313119446080159,0.7969280112300008,0.2114551660066459,0.4255079752890935,0.36375903361433987,0.5731830834358996,0.44205163835222705,0.5230159486312126,0.8218495254838434,0.23639292694023678,0.9465720731907225,0.40605826172369197,0.9464216598094222,0.26434823886223435,0.17279955507449132,0.8821414912071639,0.6431960168592498,0.37626053706563684,0.5437037498597336,0.34175246916017005,0.35067999059291544,0.4974423138701577,0.7630869556593183,0.7549923244913949,0.7687738032065192,0.29043840827694295,0.47553628408206816,0.872465742511655,0.293154862977004,0.37254778158970336,0.4515083867069708,0.44193508587030655,0.3590683194014413,0.645475313060044,0.23063517730419064,1.0,0.342415905127725,0.782499725629053,0.753944362694958,0.9517196418127181,0.696887273204246,0.7408186995269646,0.37219569751443954,0.6899318162968682,0.5189826194948369,0.7147719449089955,0.5730480104592788,0.5316239948527991,0.4569495191340367,0.5391202881048626,0.45306518651892036,0.8244266893754802,0.7098352031070869,0.22777747821671215,0.8111556065027938,0.39513648649280814,0.11858432692332789,0.15964407792881477,0.34594344311493225,0.3676060028165963,0.10772401268266947,0.8935206614449679,0.5917548343593556,0.9218698247187948,0.5708401985920859,0.5681995199396008,0.8323758602638236,0.3473614792217045,0.21776119395434798,0.8055717155168519,0.7699954105485104,0.23755188406123484,0.6950573026117368,0.5989920821646018,0.27594240388626956,0.7907875199872243,0.4103006658521884,0.6308502802752183,0.09081134660060847,0.13540134602348344,0.31764208413053985,0.16039881135652806,0.6165934046005067,0.9518287214348898,0.7639857247118726,0.9673494675415738,0.7914771219451313,0.06935052794684508,0.7581040273743461,0.6545503976259458,0.49575919512483047,0.7486540542563405,0.45230487767324273,0.23202974001509882,0.3575298250153056,0.2776605827708248,0.6681601226057806,0.5299872677145039,0.3430861595541251,0.8823541914121987,0.884934689871048,0.46134962222207476,0.2708192734236635,0.887313616816586,0.7700408890366051,0.9268411961081242,0.5546013240306196,0.49001319013517425,0.4473533248182531,0.2639134909146851,0.19862483722976834,0.3226995137731532,0.7555901270436687,0.7163882122464855,0.3380806612177985,0.16096858587987525,0.5944027751216431,0.8023748930096866,0.5300243789214976,0.5603049596229825,0.4647558155780595,0.8019111411095176,0.28089177766132545,0.6758469254415157,0.8810903262351798,0.2667941655571278,0.6374648787473172,0.5322941631408917,0.7800655303517615,0.7017211680441071,0.7052211914836708,0.5012120876563817,0.03476129380521655,0.9492305139318704,0.6101884271320965,0.5487192461992332,0.9303596701667496,0.79425468931119,0.3418157641044056,0.07833122619679474,0.6511838883359605,0.5277077436782126,0.623756702863953,0.4933906073156586,0.21574247593574858,0.4496516308682408,0.6284884381880174,0.5235712238117823,0.531455869725114,0.7549428277360803,0.4951195902699202,0.5530898170145191,0.22048675945055493,0.3717866204026709,0.671400064598842,0.46941905405523887,0.4945843946701214,0.4601574125407648,0.7351648302002309,0.4326122320268485,0.6863682382420925,0.964442302447552,0.9640546896372376,0.6833049818715324,0.4655274150826964,0.3146308063261019,0.19836466217219123,0.420162113431962,0.7188297846423213,0.2407232875787653,0.21945026943877052,0.670632376625472,0.36451131172784335,0.31866192477696204,0.4963048011572229,0.3090877657829365,0.9468387766172143,0.9367737027640559,0.9304026796703108,0.335146579127503,0.5603030646124347,0.3702191609921812,0.49248702759456076,0.3966849466524335,0.3892880451810634,0.6127908464728942,0.38750950268603396,0.5109613237857957,0.2645800774592383,0.27141745586107874,0.654343135417132,0.6542848360273893,0.5603177224488428,0.7491030167511088,0.36747844349695974,0.5768283853550564,0.535836501552902,0.5865294252700416,0.33531710929639863,0.338482274861937,0.8522729066792577,0.2611438620217336,0.8387903291463109,0.8641760687611397,0.6692471979803778,0.8663343949526443,0.7128658481345772,0.6151840904476732,0.7604131725471417,0.3591913228973985,0.40981421685805397,0.22464756459717883,0.671326805431453,0.640281808442421,0.5576330350347832,0.469248797389168,0.28123046292983606,0.4041831053758752,0.7041018520159537,0.1355332365471558,0.47488944551450324,0.6655890984243276,0.4651771637582112,0.9457158474510436,0.47712648825164217,0.1310411276108568,0.2192975633454559,0.26376686160992385,0.2835101504252973,0.12979270858099504,0.8885383997829565,0.08122318414017544,0.14962463731135184,0.638020866141465,0.7309640979407694,0.9460804251819277,0.423386091241743,0.9284033860654058,0.43653517480839404,0.15678525441487579,0.21919225281540483,0.2850882153810626,0.34622467298814846,0.3271103198807052,0.8563444381037082,0.692252846751179,0.1903462933991689,0.5254933859678583,0.6553372184043744,0.8358584378009691,0.4439836383831897,0.6830734698421418,0.6566519337815071,0.4130377664773616,0.6212370686864358,0.48677493042281034,0.926585138705863,0.9231069906582758,0.12981268609399518,0.9231099495776603,0.5706583112935232,0.1392115307250909,0.5963922867716477,0.4621766630716455,0.6779096827739136,0.6890411618698128,0.4663768714443541,0.4553367239446429,0.2077709564978149,0.15950055828052062,0.6455138233891173,0.6064893991968893,0.8043073360322062,0.772197683079957,0.2838242178526029,0.8646996220144577,0.5338413063795208,0.4477120889026832,0.5552164403477342,0.3300052843363877,0.47908889146307565,0.3611424284484313,0.5214775609674396,0.8599247037424586,0.23136597274854362,0.5709151738027299,0.8868506073683476,0.8132378656714445,0.9260066752947415,0.8426901776960787,0.9459309224099477,0.9279609252345299,0.26413991940688186,0.730469309756793,0.557299465604136,0.6517712712264248,0.6407905669520048,0.6612420599273463,0.362681485575888,0.7377150290612847,0.18226894124744347,0.5572181722765891,0.26484986282962447,0.9529196753749267,0.6615971066174714,0.29808330718337106,0.5513891723705255,0.5835959536874975,0.3473808087393932,0.496263443558486,0.582457398327667,0.5973629333768075,0.2910599645416815,0.5126733728077956,0.5404344130956841,0.5166227803289338,0.600801650734052,0.4693661151333041,0.5252131802533695,0.2168919826448745,0.8655047986600645,0.4978863240289896,0.4674597471970625,0.4615817296886866,0.4924434504689559,0.8848714254909892,0.9471565638667087,0.3904732313902971,0.9307823596158036,0.5216442595215827,0.211437465054669,0.5294267324580875,0.1758751456598065,0.5646914915504706,0.41174078564167726,0.42151948090348146,0.05615059347440171,0.6138912835337734,0.3816672050354742,0.763490185749931,0.7385509575721746,0.2769604352224614,0.1956555285258412,0.6095846244795,0.6508696867503478,0.2779029105726301,0.5963622411881867,0.22322459393914224,0.8349088735373442,1.0,1.0,0.7592183203099893,0.9552280404984328,0.7148080206023648,0.6505505408756042,0.10748911657274442,0.4790059985163456,0.2734521409573009,0.4890927190863467,0.3262561385967438,0.43558983030949266,0.2189314307557883,0.3119902193908804,0.5300067125472012,0.24449929418315708,0.16890758257205765,0.3197391224295083,0.6500960496616779,0.8811951098279854,0.49287313761607204,0.8411045848924517,0.6005287176411315,0.28033014207011453,0.9465457213818269,0.9138953200880638,0.6450597118378558,0.593334934580694,0.2901435328646394,0.2812345471841127,0.30541030512643375,0.45203928434788443,0.43592339202266817,0.4168227483749027,0.4475219871936373,1.0,0.4056618967896527,0.4645044713641905,0.5103438903924092,0.9223216429849147,0.4561531768977318,0.3119609990938199,0.8365096994081029,0.5951126751713421,0.175888559923299,0.4187054065174989,0.41807081809741287,0.6485432668638865,0.6291180401842,0.404645586722138,0.34675468784075747,0.21661524227466541,0.3275219726997493,0.3009463191715592,0.4279608307955675,0.2715878978212387,0.38827340275884087,0.5642578125164724,0.5883979466951156,0.5409451054455121,0.49773842901033677,0.49401328986227017,0.3308616952202521,0.5246119953826226,0.4867189972759536,0.9508649135585102,0.5136445557103946,0.5266689333398029,0.5229089969244496,0.3777313858570066,0.39721545971493716,0.24362046178731556,0.49998019490345125,0.5234034216246726,0.7516044723823341,0.18099640471636985,0.5709826455456364,0.6377149329746177,0.4021072717749222,0.3594316578221151,0.6167526461776017,0.6633802640213131,0.33291469670295804,0.18321449445178192,0.19231751684838755,0.5111528224552067,0.34551148141623517,0.23808161416265955,0.7079759916851344,0.8579014485814742,0.7909747836020213,0.4874381102721328,0.9518914307175549,0.36236173606051353,0.6331170888302085,0.4830451961968129,0.14991775099410423,0.127912023438672,0.5957755754118109,0.28791296176540404,0.7030716752954721,0.5666382422413787,0.9541030787842943,0.5315434720281513,0.5042186308182488,0.10734827202695317,0.6570094797790087,0.6653976134791083,0.3380443971167594,0.9505883858583742,0.6639880478284402,0.3492451595112773,0.1770578134654658,0.15905673311933854,0.3369163616226053,0.03924604120253499,0.3697822487890226,0.9566254693104971,0.3304231868466967,0.4967012566048539,0.41376967245869967,0.3376890175186114,0.32003328427721045,0.4166238203379623,0.390834630452558,0.7194958310409922,0.7838499933567344,0.1541527004731604,0.4171289893687682,0.9750519714695682,0.44739121433336027,0.591697441499677,0.6285353001656191,0.5643057592426776,0.5235176139736774,0.4861308397198447,0.46342191668114263,0.6950928222834518,0.7091739690703129,0.7522492156190477,0.4181975162980977,0.4404304782158974,0.2777015855338282,0.21730562827512628,0.7814784481415858,1.0,0.5935445911345628,0.527449430185279,0.6818581062983814,0.7373627359996174,0.7745680895526119,0.9566419899224483,0.7594575608027428,0.793021088980003,0.550783664863431,0.8362942177792626,0.5561176310449493,0.7417927367673005,0.5844845309515816,0.5561131773928526,0.5550008233655273,0.6462218341543834,0.6183608894154026,0.6756312323743318,0.8117127135133143,0.752652423539212,0.74627484926685,0.7517249792390822,0.8064482028671219,0.7570359522480676,0.7244101226010814,0.944307600988346,0.9213730981971502,0.9294151487306274,0.8467422466600109,0.9355667800351533,0.9205665383714529,0.24478121302024114,0.1151080089995904,0.9604204047208972,0.2756449444684184,0.44676070202780716,0.35903039895431166,0.40696449556619585,0.9580457039720638,0.5291984445089449,0.9508945307271962,0.565184562532686,0.2390111480582517,0.38127993610764105,0.5259102360286634,0.39698538648493825,0.5103354858233249,0.5471620736391811,0.5440424739832205,0.401007110288354,0.9407380331454475,0.5364716630464622,0.4588597521373773,0.9541125497753277,0.48352978157001775,0.9165458224374503,0.9290909492251815
18,0.953412061650482,0.6381472174919515,0.925566625813905,0.8935923807588342,0.7796889051083414,0.8715656272965846,0.8697667936131229,0.6689632374031229,0.5252837627423613,0.8174054065254402,0.6963624911999534,0.586413083407627,0.48734188391796224,0.7712225336496491,0.3259779193403201,0.9500998035301407,0.5073938866757621,0.9286429936419538,1.0,0.6129602436294015,0.8731707693218842,0.5105372748697157,0.060069356961452144,0.6444874332264662,0.3928778527605323,0.43304992379005797,0.8184138641208619,0.9211062470941359,0.9103269816853763,0.8689124736216107,0.2089781074789883,0.5424919072879697,0.8041794989626287,0.2042108613695559,0.6406034021803488,0.5330991260399219,0.5582134341187572,0.267556898645719,0.6802632915869392,0.7119656939094771,0.48975424262205536,1.0,0.4472280763944917,0.3028160935720767,0.9445790915986871,0.5127028960634858,0.7830062397914382,0.6356896065116159,0.5156872196730727,0.483131612995169,0.7794698025918857,0.5891446862752189,0.515974444835627,0.5226436825345976,0.6120942125247044,0.5854486923859342,0.6035349916382005,0.8695646242856524,0.22201909812638354,0.5642156197265754,0.8713985711666048,0.20012786089070686,0.9912925208038841,0.2966036334695779,0.35321615404323503,0.8556620370138598,0.9174153840548503,0.4219631766456857,0.7889647409449481,0.883613485639147,0.5891754136228581,0.6853984786038624,0.41246212170483926,0.18239638811456121,0.6220523170152275,1.0,0.38593938387841414,0.5620117352862879,1.0,0.27884954698039555,0.7007032374096505,0.8483982689101578,0.35158490651943347,0.2015930683826559,0.6620758598155714,0.2573377001255591,0.08958049771917187,0.00026086439538151374,0.9541446110862851,0.7375413978648306,0.9549238928737108,0.28553305429587644,0.7748807790705581,0.6791737728401046,0.3499588639860421,0.8012731219421654,0.9690129887327362,0.8416831020536408,0.544329866581855,0.8009355451661124,0.6044003478199059,0.4249490161906579,0.43325640527678416,0.3759903657866323,0.588127383387786,0.6118982885375758,0.7808959169528997,0.2695430234755797,0.5664910924444632,0.6557930986908271,0.5564034969817915,0.5070340655011133,0.5655749215545095,0.47495808410392965,0.2613904523824085,0.7214551283402343,0.27197499136623626,0.6087680470596686,0.8304730613321059,0.9806475720563674,0.3891834993520588,0.48183015476269003,1.0,0.5977180075833162,0.9882094625476406,0.5450838724995395,0.7612304197489994,0.3323382296095846,0.6239247827496797,0.7246398244242646,0.3318138962076797,0.6415460178573167,0.6473159574278026,0.5172359141556192,0.9256152316561725,0.7761626450253825,0.12548863337671384,0.7660566595401217,0.7761928617837028,0.5443373352940991,0.6849701779561626,0.9114064601997273,0.7792118740020898,0.3298657115757373,0.09496320370966166,1.0,0.8323875146430809,1.0,0.26050532640685603,0.24201481626451238,1.0,1.0,0.5653768197214041,0.5713299121339761,0.6958243725266371,0.5511700541171957,0.6005625745933474,0.2359326483958413,0.2811937701412525,1.0,0.9837783291260772,0.3372615244815944,0.9484626664741936,0.6349941054538579,0.9669503714733256,0.45569317626210903,0.024046614746813206,0.4808065344633558,0.7313243403447469,0.8028188352032373,0.9831186793771097,0.2003539665631187,0.789637913425588,0.7254530398751061,0.8287673926182901,0.9081471990456923,0.4150671297546218,0.31321036111869993,0.2542610436043007,0.39399455413424944,0.423602700564386,0.9471365486409061,0.9433707628129837,0.9378822276564369,0.9096437720233342,0.18037354074969958,0.9533299507824181,0.5880438257069599,0.9626328519277126,0.19454289978499992,0.5914397209066806,0.3011097559557013,0.6837192311713475,0.2760924578004785,0.0,0.7692214024086489,0.5357259089089109,0.7595692441633597,0.6251664326485653,0.2933941115252488,1.0,0.35030631132680584,1.0,0.08937624299013909,0.6497379331858649,0.6892226401122368,0.34430210012060847,0.6147088811148947,0.8086218571464817,0.526914935949464,0.8858374963231245,0.5803211292855857,0.6802467973901267,0.6548292950041897,1.0,1.0,0.9782268702055029,0.8574204374453737,0.34485012246252655,0.5544180839943836,0.5194016515521556,0.23985679485446257,0.6625945305264828,0.5471205309166125,0.5933298898510434,0.5419536800744255,0.6936718086805085,0.5627395823437039,0.9170476068139761,0.4253227489901595,0.2972309815357434,0.876416257799491,1.0,0.862848612858446,0.72674003920487,0.922789183086894,0.7331373020117185,0.2192194484986563,0.8305505402138341,0.9100310814087271,0.9520636823827433,0.5450994748160657,0.951264428603088,0.5644135080582678,0.25098905127144555,0.9174827880134988,0.37132796231063625,0.9175055518018165,0.5128277329770304,0.8276207281820046,0.8772025884558067,0.2407335033555325,0.29579309506734275,0.6513274503575075,0.4942653925098316,0.28458651858804435,0.8849750417264817,0.8875419259242703,0.4496535219234336,0.8582162325664691,0.7013392823205241,0.7031617575472912,0.6777739906572345,0.17766800984574999,0.6593881544450119,0.5943814461512463,0.3205521438763111,0.45214999550653434,0.43017483573321563,0.5929559934831463,0.4757165657785152,1.0,1.0,0.6063653034593267,0.18159309097905663,0.5500334567293174,0.6266672743714002,0.8312998529372781,0.6998426086774118,0.5167628559479527,0.7185632641804158,0.3579341405860549,0.5757617722553022,0.40066509512193843,0.2728362254570507,0.6095180263823685,0.5082154695771794,0.8587978610955839,0.9047031805209214,0.40280772295555733,0.6858577483319848,0.8728577047599569,0.8612497374887325,0.9348689558280355,0.8863157170884982,0.9488483842257931,0.9567937610126455,0.28387012468368295,0.7032442222768926,0.35932535116820574,0.6490117819488647,0.48878174432034754,0.6794714742109613,0.07303598498832005,0.6522207453876254,0.4195434588901533,0.5001177585839894,0.3741453751987476,0.9510893005145059,0.7227716885977491,0.17639561166451534,0.5361236627272508,0.6217972849327897,0.2994247024123778,0.5243299358823077,0.5186325239430052,0.5360541712147265,0.3081967960334453,0.582991542754432,0.6842428425169391,0.5767096040285484,0.644181435662876,0.5424022586196792,0.6032274924292925,0.46479818101506526,0.925898868259413,0.5010828562280526,0.46576810815952546,0.6718559487611095,0.6278791566381521,0.8977822209079046,0.9429127265439177,0.44631384218878645,0.9303312824893776,0.5845887526280119,0.4196183736713186,0.5898349963672531,0.39974896040407976,0.6039253700563728,0.4958324986314058,0.3198368998203689,0.5558605655058125,0.521974552185913,0.29163482863346724,0.7002389385441375,0.38639933484563493,0.41721411859178337,0.24234815419233624,0.3870979323768658,0.36543976913398823,0.41195399734593846,0.32652727206965193,0.15870913075601878,0.7532161079621411,0.72919411675099,0.7655654970531652,0.5528512638866931,0.6932462389725385,0.5253640446182626,0.4822179563039387,0.06101748219878163,0.47568014874549575,1.0,0.48327880790810207,1.0,0.43722135032091264,0.1873644255454819,0.32659661767172005,0.5304484359085031,0.3136111697676973,0.4567854333537292,0.42108733927771946,0.5193612976231492,0.8412921048627049,0.4767999345101556,0.8012307439928013,0.49852340885182905,0.33051487550536174,0.9431950226564919,0.9040523009889421,0.6259292114705134,0.5241012140485984,0.26831140240866425,1.0,1.0,0.18762014413960224,0.19013517758944293,0.5220910778861114,0.5415149819521253,0.7407918454782223,0.5703435868102297,0.5994614564235142,0.8874340343922373,0.931398513962797,0.44500685541099183,0.05133580120190059,0.7453043619514944,0.5746892636819287,1.0,0.34938349057654533,0.3622544627539971,0.2845850443267547,0.24757197178553797,0.1744193091850056,0.11704537867283031,0.12951986045958677,1.0,1.0,0.5015873589666198,0.42926503617930184,0.31149934703598986,0.3024138347027501,0.32953677110440255,0.6241371910956865,0.6102370440767576,0.606864841716285,0.41019146702796777,0.4747468011314006,0.17218884032884696,0.9533344767205834,0.4707777272217633,0.2691695655863158,0.5190648533619053,0.7010693123768991,0.737045066913446,0.33078602531990503,0.4686942141375357,0.4775226210691901,0.26490692204044597,1.0,0.3583498565207672,0.7062756883311337,0.31678205338548204,0.318904129720376,0.42050980280901185,0.3524544275665773,1.0,1.0,0.1954022105209905,0.525287251851245,0.6397791654709731,0.21352037551573574,0.23175623608172902,0.7982231443841877,0.6316305910869469,0.6114307512758613,0.9489410362986613,0.9621061900656074,0.5666234108217634,0.7223566566909301,1.0,0.39169245857600865,0.36410972216894466,0.23259262462369157,0.4495329023228738,0.6030469871681401,0.946978030783164,0.12695546176887162,0.32881241679008094,0.20195574985772222,0.489394618914532,0.5875869872807019,1.0,0.9424947906983402,0.6611923199247562,0.2531246673698614,0.4978662020787805,0.4891647605531606,0.39714568136553424,0.0721481968275157,0.4267050052903026,0.9550760239395948,0.1163777892689437,0.3307079443393456,0.38688226028761996,0.22712058146901706,0.20832947178133154,0.5083924952112402,0.4978742725521251,0.3309024322000108,0.385192728731924,0.05956305293520551,0.43625357613315907,0.936489749080915,0.3841191052062377,0.5683603543772219,0.6102215913920915,0.4863270858160439,0.4462150014256469,0.45106112231910694,0.4205996348239789,0.25803365731264305,0.2620558165661318,0.3474446669873207,0.2351006068017187,0.4273070830946008,0.163397611660775,0.3880902906872431,0.8635652733241055,0.7902310534448765,0.6352344277757683,0.7122609468772186,0.4784657337863516,0.8674660185972589,0.9027577211848395,0.9488195512004072,0.7704434945406962,0.8288264102214513,0.6207559562738937,0.7606648391979857,0.6179717884340997,0.6115951276159629,0.6538811609663777,0.614842236082771,0.5851282568780266,0.6991657875141795,0.6283738276655733,0.657844036301482,0.6028475217381813,0.762186043747506,0.766546963856803,0.7745828216739278,0.8149467051413016,0.7563613780198969,0.6542487770846936,0.9505019109883072,0.8622298472104494,0.8740299583036761,0.818809389834116,0.9213050799646451,0.9260642362596386,0.12896201058089107,0.2501043627557229,0.9593747586001831,0.7526982141426936,0.3665870118556438,0.5343454051270216,0.37281935155480667,0.9446625102525189,0.6626303208785401,0.9634157808127108,0.4657365996614206,0.21605409398574002,0.3524018162713422,0.5148784854249168,0.266025894883906,0.6320476599387456,0.5062369071723377,0.5042896448562598,0.3377661493178139,0.9441964645648125,0.5152538424358094,0.4617805231432328,0.9674429146597135,0.47992697958660213,0.9096238303773124,0.9356134794496163
19,0.49304047231556924,0.46411160571294446,0.9437767418298426,0.8924577240866223,0.6601659111108468,0.7017814665923747,0.868390165642778,0.25680242539887144,0.5859280310542714,0.30178959813768896,0.6486230274633482,0.4656596118316735,0.5719771022287434,0.8007558400971349,0.2898535640453906,0.9542533242619772,0.5236784312340339,0.9649930447403002,0.43444076326993786,0.18633257518868784,0.9034822031047087,0.28273686782938473,0.1705699521328586,0.609423562373143,0.28926193373161596,0.2722326917130596,0.49336863625742405,0.731212825251155,0.7224128633219613,0.8537538144476365,0.41198885507652716,0.5772386650525054,0.7738436456078941,0.2651015217012972,0.4555804658907675,0.607462317845625,0.5653572806020344,0.2755589677653518,0.6170031088061899,0.4589835899323948,0.35526541359120606,0.297763404652119,0.2909816720765036,0.22426322496004156,0.9674065446453171,0.7139242832166993,0.7723885445423245,0.5703308270274156,0.7102675587716589,0.5193570091312262,0.763016476908582,0.6236723253802068,0.5344651445576062,0.5470855873323571,0.6276610258782702,0.626198798432766,0.5455944012180013,0.3663484095902089,0.26646937810536014,0.49993305913338526,0.6732639621750679,0.13437211417968337,0.6549425026080116,0.27552237001346747,0.3142663389740169,0.049406592770530194,0.9176781750463698,0.6577139680129603,0.4658206216880378,0.6207119238609595,0.5730901609379437,0.367283375348115,0.49744587217880154,0.2450285501686558,0.25738075682840594,0.794570456838695,0.4254207087818156,0.6630792030936211,0.673523033054645,0.32176891850682815,0.684806881321181,0.3270568797846268,0.45282332369477724,0.26997051610691164,0.18989840554805018,0.25641874678802457,0.13548242118661186,0.6307023106634214,0.9636385240150507,0.7328809854792628,0.9518808976501721,0.36130719768576325,0.450995479201556,0.6188696661031253,0.0,0.6527998040154172,0.6557135956241507,0.6628196049061624,0.225047369392341,0.5981054488160324,0.4134459637520064,0.4615849350197034,0.46612702647619586,0.38456184224186724,0.6002617359350048,0.6220057675157111,0.5729833059483644,0.49617531442565965,0.6225192429377053,0.5780650014665611,0.5079752702040291,0.5432293252915682,0.2542574691175695,0.37538361753673655,0.33458398202241496,0.6815669214995274,0.3522163371169792,0.2602602873688256,0.7220018819415648,0.5213124806894852,0.23206137525489837,0.3301815722467817,0.8794149333358118,0.592884465469931,0.7257650991887893,0.5364556503139519,0.7769065084361139,0.34336040006605345,0.5975437475754602,0.3682070695216027,0.3398001265264389,0.686325481252438,0.5853987496618214,0.03273498034410957,0.6507178380383157,0.7431120749056267,0.18346493972547342,0.7495961014751498,0.8204863469166183,0.6862740496752,0.6669932888343796,0.9381533050472196,0.8892828022777876,0.3982669337395416,0.1602623137401995,0.6478376500787543,0.5434052972876243,0.667346688046719,0.27802831803296857,0.2596770796919356,0.6941550857350256,0.6941861502126665,0.6069267188386802,0.6114564294179524,0.7038430691397777,0.5855338264928803,0.5640224229968254,0.4358117242176965,0.4793066617867472,0.686357558768962,0.5355375958669012,0.2233165527200974,0.38642517961720096,0.7396064205952433,0.5693347644107835,0.7397791084123023,0.900654699107486,0.8213477460777293,0.7293997314292772,0.6259618425637671,0.32994769358479376,0.25840133256341163,0.584369608872541,0.8354832530696334,0.5549432574412595,0.3125462762387867,0.6542963133431426,0.4144939483920348,0.3470652529648026,0.32780993140952847,0.4948109758955411,0.95732112262566,0.955703769010308,0.9551177179164294,0.32667349264936724,0.1285630268485829,0.6018750292437325,0.5048066907764707,0.5971344453321635,0.38759066553082727,0.6263897850189454,0.3110515171267511,0.6195958403536826,0.2262121938202544,0.05853012061192304,0.737601492794702,0.5535378335330109,0.5736312051762507,0.6808926617290139,0.4525116801710853,0.6805720048765063,0.41390058694500287,0.6789646173351124,0.19960973357433007,0.368180233296009,0.6013965861091902,0.23087369341562078,0.5335508061237831,0.8644691538609465,0.5023804475392396,0.8640894935348404,0.5431078238336187,0.7773862074510435,0.6930228977555115,0.38127569918511156,0.2446884436080527,0.31730071269970195,0.28695069390914435,0.45879344827481167,0.5643225777917867,0.4557547451178023,0.19951251762971017,0.7560330472799938,0.5432330245403652,0.5296380548143107,0.6028098051185008,0.7369582444809876,0.6306743424551563,0.9211866437848151,0.4423913636751049,0.2927849805581514,0.4386221989779935,0.3206468930323706,0.42931965979015846,0.365819826347691,0.96140644807458,0.40331191275033884,0.11352300803125782,0.7699198332629301,0.33579123784681275,0.9628787046958339,0.6081159479472309,0.9681623707620813,0.5522814101045678,0.19846372464439144,0.5254144305017578,0.43364548184465007,0.5211045961741922,0.6206199088601594,0.8590370919710917,0.29983295187758513,0.15237398621537804,0.49656549101708114,0.8161510271277469,0.4575484517087699,0.3206777924107607,0.281596440286145,0.45860312104180107,0.34728337880068083,0.4267752446810017,0.29374347531265205,0.4720883648717556,0.45122247252712017,0.15520800726941814,0.4352116482024834,0.662502852102349,0.20692709100673023,0.5771615561369859,0.43248865893689986,0.5298143769558467,0.6699720241229373,0.6332109438598564,0.6031372355586372,0.310311280683828,0.1925846346550746,0.5758599583157782,0.5843287110655067,0.8942477095151335,0.7083301621917992,0.3835383214634949,0.7375768006825976,0.3330026479681269,0.5359353516698203,0.4360875076257315,0.32424017915841696,0.3559859672447992,0.3200039343714372,0.5027905072458458,0.9219477186215642,0.46139430556427863,0.6867438792036975,0.8821437478972258,0.8588781468142878,0.9219316637079956,0.8665923648368096,0.9638714975975026,0.9471211509639624,0.2381807903100898,0.8670609821223598,0.7201298247315921,0.5934956618072854,0.5309571900005504,0.6532374248108036,0.3586166150379932,0.6198558580716088,0.40212062481538696,0.3827313819404952,0.27831277926729403,0.9507728733874644,0.5691895124740018,0.2948649176347033,0.5041302991402039,0.6861828773734667,0.30494541382656254,0.6600729875554692,0.5599438864550612,0.601632763989456,0.21227106759227102,0.6327549368425357,0.2616292061456388,0.6301048975368032,0.7780510390877776,0.5983513099760149,0.6282828953978952,0.4156101471946421,0.986875517480253,0.5884140005016593,0.541270808911802,0.816228680027425,0.7622525975117732,0.9144147916088515,0.9677092542229307,0.4544948324427876,0.9496870153264727,0.6228149172115272,0.28175727624648417,0.629689614982341,0.25281380033604733,0.6657379313597774,0.4979224484842927,0.3781372499475859,0.15996906032351596,0.5806461007673074,0.272342202761079,0.5531298989470167,0.7524790231187759,0.4876850567046136,0.40275032743074224,0.5338499154261293,0.5671784006019939,0.4284445023809793,0.49691843213426184,0.20168022855414025,0.635433719961834,0.9699558262917782,0.97143284442812,1.0,0.9079056415627327,1.0,0.8229138327664117,0.012813937865831007,0.6276994107627842,0.7584011514073942,0.6260425333495542,0.7591136375908525,0.5523070659986968,0.2595854449353571,0.316379783591926,0.21209071715816416,0.2697500325064307,0.3193402869290923,0.2897529017713154,1.0,0.8948731223171995,0.6291119939349947,0.7794418450974588,0.6334827989071369,0.25092322204828815,0.9665530795045368,0.9364085357399033,0.5546744787616772,0.47123397849172516,0.3632649810114244,0.7266128033160868,0.7504135472605155,0.3707867946005559,0.35217652089051665,0.4776314620086013,0.5111457618502299,0.604129779073355,0.4704357184900914,0.48558309886594475,0.5984290181178532,0.4374217622748641,0.40929113064718126,0.22258910921747468,0.8374681457625845,0.31952622028907945,0.8899443023406968,0.5352728699314921,0.5673675168584826,0.509702953679947,0.47024198456165334,0.3548658859208961,0.36362015703394784,0.22495388963515914,0.7274197923749532,0.7580766495952371,0.43933110612634807,0.29404931067333806,0.3519896981842637,0.4855805964737242,0.49945201308069476,0.6004103364751322,0.6017107049784974,0.5817809899006626,0.42364022890468445,0.6411380044224,0.39537339073946565,0.9591456876555822,0.6347571158673776,0.48238450285929,0.577415677762367,0.5173124434876099,0.4746965217476881,0.05461764804461057,0.6427773262395025,0.6720408841015432,0.6580845434300253,0.8645837373833906,0.29913252754362024,0.8129866359206568,0.5731734647117698,0.21189403478543167,0.6726996306560177,0.5759051073321869,0.7178997724910319,0.6794810786914063,0.3802698840776606,0.5854271333391708,0.4258258853648378,0.17680450767787634,0.45775244906167467,0.7891462705244386,0.3046541575373098,0.5571495399274806,0.9673974953381933,0.2055559355418443,0.801048140789722,0.5536189539950913,0.8171114452485672,0.362382553953235,0.7097793982281755,0.790387573922798,0.5725741545130477,0.6248438312810985,0.9720426053749612,0.2910829402213112,0.3064839819843212,0.15443978960671137,0.7777643117150201,0.714596485895819,0.7635576048174739,0.9779069834461178,0.7980424197853013,0.353388174727345,0.5390916807423933,0.5755000494545022,0.5957167091440273,0.3653641475306906,0.7484806974239828,0.9746960566415888,0.4293225408213327,0.6073536588039934,0.4517196878035924,0.46607099110134226,0.4490982214123853,0.7546925484612353,0.7562670452098673,0.5926582875128217,0.6197686374858503,0.06359976242641135,0.5250636596985103,0.9463404377808806,0.46433934936956567,0.5835663725855775,0.6211484845947893,0.6361024322036509,0.6554805418400406,0.5858953764906905,0.5663642951420126,0.48608005850104014,0.43500551527511655,0.5014064512036438,0.3157115631143627,0.6281867869426414,0.3750850135116818,0.27521835705115155,0.8559219709173405,0.7716795129099406,0.8265695290088445,0.3665562509195951,0.7015719690001735,0.8485371077098453,0.716593464364835,0.9733180417032855,0.5827074240979192,0.5290164835989496,0.6623860440936999,0.7704690433922383,0.65981930530587,0.7889191429710409,0.6940176537805179,0.665382174667986,0.6242698720697787,0.774404400340734,0.7940295854687576,0.4913563485570989,0.7755598852789214,0.8744979682257421,0.8772384605484241,0.8797654787737078,0.9012257449313273,0.8751939046259503,0.7236092647377336,0.9757169254236225,0.9675279072339883,0.9929581528530245,0.8992061078722335,0.9579074037462079,0.9260905927573831,0.3106972009930098,0.4297344429680391,0.9666947435724054,0.201747009720998,0.3403989055078339,0.2555192259262443,0.3551084137481186,0.951506881075321,0.47046738877605426,0.9715512057258111,0.3866982658119808,0.3558628320397878,0.5032650636174675,0.46007671392614935,0.3708086857342029,0.5889441315191168,0.4660581932236829,0.44549257923983593,0.3653912830824382,0.95318888868996,0.6249416113594455,0.4390550468420603,0.95803957710679,0.374455007889758,0.9281966386310269,0.9466090479118979
20,0.57825177240345,0.5565919944283133,0.9478786344832832,0.8987214517407485,0.2903782861767607,0.7377873576343186,0.8892365387870425,0.358513188023761,0.2729560036826224,0.23783084697273787,0.7395827994243063,0.6212030542070844,0.46285827870535884,0.7310419634806206,0.29887570792487655,0.9560822270791645,0.3711356881287205,0.9319475447983806,0.5259202581894983,0.33352721701262944,0.8730405170258385,0.7495750423489439,0.38594166418941145,0.524062743573256,0.3642964366489957,0.7683742038593303,0.6362146012458787,0.7814684894744612,0.7710601988661959,0.8690047075232308,0.3895131732502442,0.45448364024321275,0.8280464562180839,0.16837335163498918,0.26473378502299955,0.5253179703872977,0.6803411689358412,0.32389358071012847,0.3966674019226068,0.26531665421167944,0.4269649902109027,0.38578143292102957,0.5608162590455442,0.48665340548190705,0.9657545762102994,0.622791460295153,0.8042610641531024,0.36895885379439175,0.630745969226139,0.6041900823873605,0.7884610147995033,0.6700609791050834,0.33019013926756263,0.4460803456128274,0.6816838233327448,0.4964885425343347,0.7716858677495991,0.8059458747391787,0.20170362658314503,0.7487694339393666,0.640256402300455,0.048354088504163464,0.5795480116484881,0.01275645695087481,0.3510604718000594,0.26602373740999474,0.8149426553572124,0.3361461861874758,0.6322989968294542,0.6374199064554803,0.5648700629678249,0.5321334491632914,0.47942330108518666,0.17095673849585322,0.4570571385016734,0.5763591333876118,0.2583238605224145,0.35509742970055574,0.5580440655896763,0.3150487568642111,0.6154877059570507,0.2527725622442085,0.40079938185112995,0.027230458285581554,0.2972004879000049,0.28223936627178736,0.17985488898295574,0.6152611287222407,0.9572817662563597,0.8719087105942114,0.9742380027316305,0.6873849496805003,0.38329531505872944,0.6259359385054618,0.1575312486796895,0.3487547478444448,0.7436315614966862,0.5626524026840612,0.2776358292812401,0.4957260385787259,0.17140016203637312,0.1715795680680809,0.487450137479596,0.1864054095526469,0.8031488615264986,0.8057437669440562,0.6944666907876942,0.35895496000429444,0.7966311389406192,0.6120105093122326,0.9244714042053245,0.5116215266681945,0.09064976948429336,0.390118841933305,0.3641867660305781,0.7260125451649805,0.3843131534806208,0.4528525495558507,0.914478289976641,0.1959774829824309,0.15255440236891507,0.9215051863696898,0.6023252049249144,0.6827440233679517,0.181124558993066,0.6272151376286346,0.8911492586352133,0.40221443348748454,0.8150095346066178,0.5566627002983685,0.42233640510176684,0.38268232241391126,0.6018196433530535,0.17524204973276464,0.767117794630482,0.7734934081494507,0.0799150969481619,0.7217320690208523,0.850317056524896,0.6202008812995385,0.6193279603749078,0.9251830236809029,0.8537224774525703,0.4236604637968038,0.20998668454701105,0.7614554622564346,0.5997468698996218,0.7182912011551587,0.4397534443564759,0.3290361187327502,0.24979940230893335,0.7357850006175382,0.4305098472137688,0.4339988957369642,0.8596312818692269,0.40592108362431245,0.41506385715568844,0.30461236372974904,0.5492121453267939,0.7923610002250085,0.5964307764716249,0.26318399620710964,0.5889436010755534,0.6576057335969868,0.5932618048662828,0.45511983468137074,0.6563073610388999,0.8111898039141944,0.6784404066221438,0.723642057238348,0.46204544624041965,0.3186050341178327,0.7077941256063426,0.7151911141414878,0.6972194260153913,0.4408851301518263,0.3732815650790653,0.4394072341534705,0.34906678484652176,0.7671007695292704,0.2882890381854139,0.9510921717699861,0.947781395718796,0.9459612230602834,0.22978878905798153,0.023164733900335223,0.45366534188585667,0.6725944490197187,0.4678051261152513,0.3316516885463586,0.5619457725783311,0.3527992558001873,0.6662282811940832,0.258478320228093,0.2779378180092567,0.6796968888424001,0.2894103655238719,0.5578045345930183,0.7171468488956738,0.4997557279752142,0.7656392744913951,0.6219449085564697,0.7485717206291259,0.4399141518844809,0.4182299290245365,0.8096623959417426,0.14788402065875544,0.7945231546186308,0.8266046802355327,0.4074773583604642,0.871499163704379,0.4828980598225644,0.5554775089986297,0.8514621169187105,0.36150576179149174,0.3582263406962374,0.37248087182293543,0.7756364319847276,0.45170645207952675,0.5546928505364703,0.5014091487876768,0.10997807790225551,0.5165815773954485,0.5128532323698968,0.5060385173405011,0.4620265002562494,0.6131998670391475,0.46997583664339765,0.9200134491320808,0.2640342049231249,0.2762174808222241,0.38470190148741396,0.2863998195740557,0.401162468415317,0.1878110879073573,0.9100154950515851,0.1893533362573963,0.27206431451975954,0.7915421553186036,0.8383700745574761,0.9504791875967573,0.46108563828385213,0.9748236477398143,0.522222042309415,0.0571185653630418,0.691110383285519,0.4889773505829084,0.6841692688872231,0.3610452176632456,0.8108171202054513,0.8011381622330992,0.13682370703558389,0.3636199377456839,0.8414587711237475,0.805249028363832,0.3171109531472636,0.8060041168077215,0.33451630480660627,0.3489499540995722,0.3181351363004515,0.3133950363103822,0.30411771754452765,0.2963113015952116,0.17077202297484972,0.34266336440518685,0.6545864596622618,0.29642159372553434,0.49711301227748217,0.48492127953230557,0.6019011706526012,0.41966902840044623,0.7603522066471589,0.7457146623493949,0.3683189189478379,0.2913430042998294,0.6528303952035716,0.6466993792547494,1.0,0.7947105943712394,0.37231917123047825,0.7769337006001827,0.5145858583928145,0.5787815402815828,0.4557409337456599,0.36309084389599355,0.2813356256942662,0.2720278302423924,0.46229236948493624,0.8862010752098809,0.23122504889017526,0.6733804247122315,0.8720402381036286,0.8579566582871595,0.9250864960211933,0.8414102926811265,0.9501970864500874,0.9398258557561782,0.26859917786725857,0.7884014948698925,0.5920998315754333,0.5797435116036046,0.5710187857283178,0.688351041748657,0.21295489606618573,0.5812984759701182,0.48510204523675116,0.5000910326249745,0.22945596288838457,0.9526715160965507,0.44768712460230187,0.3042202005134943,0.3956433493538841,0.5253371521561646,0.3152488199744936,0.46571762311516574,0.5574612219844319,0.5652794486475891,0.370031422784275,0.5062240655268311,0.5209984643112615,0.49612041488232717,0.6661417498786819,0.46410007431787637,0.5038888970910109,0.29740145809373736,0.9281182083078281,0.49806872190065143,0.4606489083082604,0.8324428582474065,0.7603501789087834,0.9010239374452833,0.9448392344593802,0.4892309258237744,0.9312991528694249,0.48795597325472395,0.32732597738181524,0.4974255032692499,0.27761386866465626,0.5236865992996714,0.3682870077992391,0.4496262474935958,0.6536429030535075,0.509558678240671,0.5193543030788267,0.7024240832378916,0.45143138718275,0.34482269773826896,0.2130040785501666,0.5462224216847635,0.5290060214859816,0.373919453430063,0.4872456499927119,0.16354354120781295,0.7719373970518688,0.9178710718490584,0.9256164571481885,0.501982847153967,0.9040891586451414,0.4488323388407925,0.5034919640195678,0.06557832052899785,0.7853231532384879,0.19609016857147524,0.767996120102056,0.19121317524860706,0.7356460156963583,0.24211581092973383,0.33429542319174455,0.5324761285635576,0.3210573207033361,0.4015990692989412,0.3446541626766229,0.4597539223095582,0.7959358244061262,0.7728729027176218,0.8243371043407738,0.666509133882945,0.28001648514799293,0.9485845978466972,0.8947658744909213,0.6735430321069787,0.5806482069644658,0.5993733629330076,0.31607707121881273,0.24008734825666186,0.5358856924581321,0.5282702153164606,0.6357648302044341,0.5959137130808138,0.590642512281503,0.568796421626044,0.5863945671610972,0.4113217232593119,0.4608184246081665,0.452696135592485,0.606662717940727,0.7776547238307678,0.6910892724874951,0.14810502677273724,0.6210916836868977,0.641960890916803,0.7075997696930606,0.6857598241036926,0.4696480998789074,0.41951291619205305,0.25540942412065715,0.3324756586869432,0.2189281953060321,0.4485770257383834,0.36315276283652126,0.22388948815577775,0.6504690392564407,0.6338697815067533,0.7096884877056779,0.6534708795475608,0.6019272110032702,0.6263760079441392,0.7014523751877941,0.6081594445857877,0.951006126730622,0.6830665112465868,0.6696133266561425,0.6912761241225552,0.2954425311762331,0.27151154085508794,0.14879893548255377,0.6972366403132919,0.7070986789870646,0.807283092397832,0.15877471929857706,0.43777227056261747,0.7804054171422518,0.6714235480736731,0.4251967127468397,0.309987700934431,0.7666855249977309,0.33000863510894296,0.3084448458337398,0.4528012563558115,0.6738509679210373,0.23234231884394535,0.1758938004878206,0.49983772769614476,0.8004687725414232,0.6130060265919841,0.5258195555357383,0.949226019217726,0.344968989504028,0.4656918002417919,0.3435906952481999,0.18152657053259835,0.2691369274547088,0.8521687311942638,0.7523999484275555,0.6769620307709777,0.5783537056675427,0.952172789621322,0.18838001531507573,0.17150921148875845,0.20179848667539085,0.7035832752267812,0.0,0.3326303947199215,0.9531994672081782,0.34213587207676277,0.46971266548427343,0.23781594409469162,0.2929282755769802,0.245286272115977,0.27077627327420684,0.5796133991560455,0.9513638845055148,0.3504815618990348,0.49638291874134743,0.3317737148412316,0.3887404614442868,0.36944629778734145,0.8113388676520202,0.7968135306273371,0.9187979458627639,0.9253790004412703,0.14199244439998693,0.3853804421475292,0.9345410359796127,0.36578783720828506,0.63787865105727,0.662738943866251,0.677561303019679,0.6844627708019694,0.7623949957338115,0.7701657773348627,0.9035301505493427,0.8576160211066304,0.8858214499257974,0.2837048280789468,0.20245167928211177,0.3181983215484741,0.10340814841570664,0.7389281434346623,0.6972227235653473,0.5538473291996066,0.7037069300480666,0.23185565677502634,0.5621139721040913,0.5460705427883318,0.9602750678334466,0.4500004492367482,0.4267556947000514,0.5266244313796375,0.5111913053904815,0.5114258609206285,0.6803364390330242,0.5539833561741272,0.5117537025121695,0.4870990301646423,0.5474036717525506,0.5873187090058255,0.4792055887542325,0.5839434886014822,0.6560354002234435,0.6513312508444432,0.6530318035318643,0.6750109381354806,0.6594457215412487,0.6677028371997489,0.9413348662474389,0.8805613966948935,0.8623060849348255,0.8125535079070544,0.9307834443562711,0.944669745874886,0.018923964560167955,0.43869190910926287,0.950652490947354,0.4669370874858264,0.08466139720590037,0.4169996815973201,0.38169992791013313,0.9622590555574054,0.44943506272391937,0.9488455795991769,0.5249389017005212,0.30886970820917814,0.269889395572287,0.5448502277076337,0.4519029816111246,0.680489818284672,0.501469192666988,0.5361464289851905,0.47939170749174725,0.9319666482410699,0.5388769620728762,0.4518671095391832,0.9542368751616483,0.47862103571765474,0.9178780434696179,0.9419404586293394
21,0.6677828530776975,0.348202076430002,0.94703003319378,0.9211805087319481,0.44406336330937324,0.855567936260242,0.9634463572038644,0.24688671763802617,0.33239859339821626,0.2915740071448926,0.9095632445783212,0.770390690388168,0.4246282637637804,0.8259117757417522,0.389166117535336,0.96318838869118,0.1198470426985122,0.9450779841635121,0.5326304485961947,0.5354583676953532,0.8882397047107953,0.962315690052085,0.3795986745720343,0.28382051204015546,0.31003477580078276,0.5972139906654105,0.44908198320743126,0.8835536447275277,0.8732145704405108,0.9433507971783621,0.2907964523209983,0.24859378183022604,0.9288328876592022,0.30166072936405786,0.7032282210343189,0.2494859189539466,0.6232575052776496,0.2328273909131176,0.3426576056997202,0.20570805487932325,0.3914756474184325,0.32124897406525454,0.3922505286215456,0.4469620953798121,0.9702491122974458,1.0,0.8781658289408295,0.2687478730565088,1.0,0.40009380790497423,0.8739703867209777,0.7571235193567055,0.5387420445089504,0.26767336760821364,0.7305914291106332,0.16518426904375225,0.30345829296031973,0.3666820436544179,0.18280638696555523,0.2558491318226214,0.6449612751930677,0.0301422743067265,0.608395870241878,0.5847692057899305,0.38651963558548874,0.4533494570601829,0.812482194914173,0.4728671699536782,0.6147185713607154,0.4987042050929779,0.5341259184687311,0.516670819080417,0.643529073367009,0.19908670973952136,0.4370184800688321,0.6341353684602805,0.10585440385457942,0.4794682036107706,0.5502679090119496,0.43137708822342224,0.40431609306824373,0.2792117406446046,0.6660873655459784,0.19955075277765472,0.18049333875821552,0.31853722151391134,0.21480093365951536,0.5939217793400253,0.9660498205409308,0.9185804431609774,0.9761972088425545,0.43719202846866023,0.40039568003263426,0.557654670440445,0.16256237679648916,0.575033756043245,0.9619396675680704,0.5850250906574975,0.2804882728497252,0.5059036803760174,0.6728029291742876,0.2599368370781404,0.47859424986582316,1.0,0.33180846599923003,0.3304180563413302,0.9748430166242759,0.40935256445441903,0.27174402335952125,0.5389960238374701,0.497892557293162,0.4265050417876671,0.2836033671671715,0.6249254886276705,0.4250529480978,0.4858550355429008,0.4729116637649016,0.4101085512238906,0.8397560047221594,0.3099783932096411,0.307440998280555,0.5922485098203101,0.7163174058921205,0.4874286620802236,0.39198434477169786,0.4489247408614037,0.9365917981099494,0.37277693273840956,0.6889357398488314,0.5409372361688536,0.4952095110204876,0.5417345272226581,0.8718593338645246,0.11927466881897354,0.741694903551079,0.8869146484989913,0.41331061053786317,0.5326289293318714,0.7708167840989593,0.5212730574084582,0.38637610891033236,0.9098407103289703,0.8081179703670338,0.4778236384240346,0.2824217554025441,0.826227118647591,0.7568119808408219,0.8030815764987526,0.39522698341155665,0.40241460401327,0.3956527773690827,0.802128009101071,0.3562162331333968,0.3619642829914171,0.9259432828733637,0.3478318137811835,0.3025805440053892,0.5327427471988946,0.3401432519810772,0.7103235134433377,0.6719718243403165,0.39126430883563784,0.604721842205492,0.5750946625223115,0.6078616422050118,0.47254699155817004,0.9154896668423128,0.9739515297330489,0.6333039698260797,0.7930786879631088,0.6188909327708796,0.4245291357285681,0.7922854309160345,0.602903662555195,0.7491347900745438,0.4900626380133372,0.4514132933531004,0.5225548313354825,0.4746734573837941,0.6079197862140686,0.28110738255874046,0.9616496968965762,0.9707090068722635,0.9362284163059914,0.282744473308466,0.47405439043913855,0.49516797169738563,0.49216316723853837,0.5110796417619837,0.24559664510617907,0.5952140018562311,0.8071690935748774,0.35293976910608404,0.21640773116858908,0.2879630591095796,0.6479155344344948,0.5909375672672109,0.5704228776537031,0.6560438667747667,0.7401620562240193,0.7891459408780954,0.6056869548727543,0.7868596962078301,0.42144495906476986,0.19773334319096575,0.37250517364924995,0.42789612159687673,0.29464592816643287,0.7963428833470155,0.3128943958107308,0.8878869791939797,0.3994928712238337,0.6264716088979408,0.9268772275978621,0.40048211811449447,0.28365998312790647,0.29961221096042884,0.28562560011584603,0.5862519203034843,0.5509420818623048,0.4586477843550702,0.4646145691789872,0.3223350844556602,0.826634264129813,0.5409764864965331,0.2600273423203794,0.5376803613405967,0.25389208334828195,0.9334187770018095,0.07306169350374932,0.26833220787515644,0.6709221389527436,0.33500625252709004,0.6968226076441385,0.3805614837407402,0.743660488752896,0.27855636085873586,0.20628125867181688,0.7209001136565246,0.3236996277024169,0.9631707265344035,0.3142494041302097,0.960371401845207,0.19680855285818477,0.21404506694469067,0.24201224945294958,0.346985649280727,0.22190413082561597,0.21343370202074766,0.9380907050616732,0.2850498883947146,0.2720543733897723,0.5275986148053281,0.8340538116559388,0.4933863062749119,0.35425112066154935,0.28421876572535953,0.431931888718122,0.5546566191514201,0.4243470186494964,0.23231606005774152,0.20519924253005764,0.20332594077889282,0.19411510355048742,0.18740732786487396,0.7224312794118708,0.3575796269708629,0.44405061084628655,0.5980979218146315,0.476039553804916,0.5462493235024708,0.5423438833361174,0.4672010987012605,0.36588120691265646,0.25755564603267944,0.6029062216812718,0.664004536195165,0.8350197970311192,0.8694140214067834,0.7642994316436575,0.7864004509583742,0.5673176512224959,0.45458789415331546,0.33617803404659996,0.38225522261523653,0.539878231300272,0.41217948719360287,0.16869879299240062,0.5909609512464815,0.3456996203754785,0.8199134399406267,0.9433095496421029,0.9146628586135621,0.9320721910499173,0.8422666001239512,0.9642878114065365,0.9476766226635526,0.14367172721281893,0.6141617532217714,0.758215139553059,0.5704271843750465,0.6745835634961536,0.7527381259854447,0.5415785513081722,0.7646394289321377,0.19094540047048789,0.05155063245575726,0.2883625544993822,0.9609162948131719,0.30584420205350116,0.3010870748042212,0.3320590189189627,0.3255291244208092,0.2780419782459683,0.3864786444777311,0.3873447774771513,0.392756397982704,0.3082375737322079,0.29297046477320016,0.5101507161020864,0.2877408519404029,0.6417453842388251,0.23578231815553213,0.294092361854383,0.2799610988068169,0.9511600647529358,0.4746425826601905,0.43946394364888397,0.7289798089768218,0.6347021257390248,0.8679184433839162,0.9612965778838766,0.5509964161816243,0.9507340203064897,0.27881577547990277,0.3090524084137133,0.29267750794605435,0.29493065129490675,0.3144480052828985,0.2119982475873466,0.41103161026286633,0.5937672733227791,0.5788623602500785,0.11167130649779712,0.7751393579172446,0.4437787609729017,0.4714795560168747,0.3821684667097662,0.5450634523211418,0.5389657488789921,0.41293789224836297,0.5213790612961241,0.10701596925891899,0.8605483617623304,0.7312290054980606,0.778746062522057,0.43668433477295043,0.7643752229263724,0.44199106744801353,0.31549075317369235,0.11038910493101126,0.5340272094563546,0.1223471743839645,0.5431370784669479,0.18202282660508617,0.41466133181543435,0.22935031273543907,0.1919391853562157,0.62704078932105,0.1959241731592272,0.30102638229114936,0.25580399288191025,0.34860145973368234,0.8021744662970985,0.5646091324111385,0.9037024113077036,0.682684413620002,0.36267190027324636,0.9590820859113496,0.9312106751276052,0.7319696449413795,0.6729205130880882,0.29453678561279684,0.18654075473932163,0.2098475339362959,0.5596222618585095,0.5353963685519131,0.7397370207390322,0.7453840149713715,0.31262032759519215,0.7338628148968838,0.7409893305479595,0.41492778219968157,0.6566804430285915,0.3498801278388959,0.3036784811553066,0.8605438529117999,0.4742291310368203,0.07301430257069277,0.784253477981169,0.8093164078973237,0.617492890156461,0.5621325476945961,0.5206921728493851,0.47536388107727623,0.4519666829378664,0.18994859212368437,0.1251949171266683,0.5289586364333387,0.3480048819635426,0.5001665972151672,0.6700246152440272,0.6968979285973503,0.8366442609952826,0.8273988518740366,0.7831234486210822,0.581011756603735,0.8489607265092419,0.6548966018872271,0.9707709906999938,0.8637934054323587,0.6870013289416587,0.7926215845273178,0.3565430173831483,0.3038367542159762,0.4451455130731321,0.868199327153416,0.8694758392527148,0.6997550117751127,0.11399107174186944,0.6009145841454236,0.9286981492636963,0.853983623273189,0.47706660696291764,0.3419088509189069,0.7624381609376787,0.25914334392866634,0.2484009967495344,0.692420857130825,0.7924080018751195,0.3345144097837285,0.1090189397510441,0.4944654957328969,0.8981289403796684,0.2659271225158147,0.566128202519376,0.960819555534134,0.6530588217850636,0.4942115608735201,0.49846536777779565,0.13762263330315525,0.8286269655310662,0.799670758017759,0.7401503532812285,0.8077208927777486,0.8166064962360815,0.9617719936501942,0.35423200019858586,0.3266305476619791,0.20130780709617757,0.8118568852141684,0.6501871092702463,0.3887680491878149,0.9475871986395243,0.47376519186497806,0.3040485135492146,0.6775557310486265,0.682159437081671,0.6515052838699803,0.511788206149572,0.8557938170354906,0.9692311220045514,0.4407254276310249,0.6409309766245049,0.5293373148619059,0.6062053552603166,0.5966033574091814,0.8211704483638322,0.8027816416975743,0.5702028367561996,0.583673518102949,0.1525517071237619,0.677761011166137,0.9508500976884099,0.6471763155235583,0.7723907668573187,0.7848871362134711,0.7750611561148762,0.7938148876756128,0.6701326309341689,0.6757988553226156,0.4812595727887673,0.38608733894044756,0.44559076582487717,0.5901844450400732,0.46020590984491166,0.520759620004035,0.5680005328292417,0.8082979576052912,0.6068666742946782,0.9259734064016317,0.7215048871884656,0.8047794969849478,0.6910105650004137,0.5499322196237546,0.978115077630453,0.6768715304181173,0.6967469376956248,0.2993110563160388,0.7051038254740961,0.32577469054585445,0.6764173245355493,0.33694258856630316,0.32241565655056975,0.2913148563238842,0.3597984607212378,0.3312951526491899,0.7814969009440064,0.3670029617456041,0.3724466214338172,0.3762326873677235,0.3807539977102928,0.4201864267953463,0.3117398904712818,0.4039537400317286,0.9591124536617268,0.6170340759473518,0.6123797570004472,0.5821594679984641,0.961889924933229,0.957752432166765,0.07700527767664173,0.472323187133537,0.9834753080933287,0.33725839961799875,0.48483749612684074,0.44360824959245165,0.367105976442084,0.9748149743735315,0.4003139361800228,0.9682518455512857,0.5310056337130055,0.36406352909937745,0.5652648482633974,0.3905190003102012,0.6013857829984686,0.79939149490844,0.43749044437700324,0.553028905115462,0.6479872480079926,0.9439828096399779,0.48926050607310384,0.5186473059737772,0.9749435620229968,0.3233016097862985,0.9307571123472475,0.9557419609959458
22,0.5761296580407955,0.4530829082924032,0.891488191664153,0.8548429411460058,0.5024416247696827,0.7340046198185723,0.8212033474743755,0.5095793150590299,0.32059352103272065,0.2706045891341335,0.5967624307300613,0.5338125356117068,0.41223915838429437,0.7381986958037272,0.27096813604204184,0.9196316682519904,0.5430969251076229,0.9413035534195461,0.44469310958817393,0.7094058669564147,0.845961836867597,0.5277049573968553,0.37188485430237256,0.5315227447986082,0.28141733732596613,0.5661585140932086,0.43557451917577467,0.7782836733042666,0.7689656539389605,0.8025604506733534,0.23094742510222807,0.5963362247362776,0.7162360156832259,0.24463525016592838,0.6915590884563033,0.5435234034026925,0.6636310684637551,0.33355642328661045,0.3608048174570982,0.15239911370467638,0.3683725321996238,0.2098463038132005,0.9172581697331885,0.9086683442895882,0.9231469077743829,0.7727560964080009,0.7596439353221823,0.47240920800134345,0.7710819498862026,0.39959763917137775,0.7495922817156272,0.5428827490626998,0.34836313960723947,0.5371650389934861,0.5084525188665435,0.49898160382971396,0.3981021510587208,0.3573434510499841,0.20941636897039498,0.3606002727528307,0.6574953213919165,0.05750058204659855,0.6191756266911014,0.22571784198175382,0.29292286674681217,0.2328314455192866,0.6332684588549884,0.8142961162583864,0.9580413339467208,0.921608663697238,0.493921101123834,0.8826271194257042,0.23439307585979677,0.23300888011641524,0.863220308913275,0.5226744831696418,0.30856411733824635,0.4552969659516227,0.3283508754825835,0.28243167477703407,0.49690293629675847,0.32996486782743095,0.33690871236118153,0.06492363520924198,0.48991449877195625,0.3704395212019217,0.19626169627091855,0.6140022761613495,0.9235869033165607,0.7305766175724083,0.9241597262706669,0.40320221147152,0.4316344259923838,0.32176783461967284,0.7317320817188518,0.5359201607470753,0.7516222459907482,0.6567727208504067,0.3025157902894493,0.5972735173730953,0.6549856858753782,0.7735574792935771,0.5067011010136245,0.49471625353898113,0.43779536592860624,0.44510086061780113,0.617584083508968,0.4367601556350584,0.36084908015219097,0.2806725099648171,0.9265873167528778,0.5114234414338984,0.3660669150021597,0.42914554117455567,0.28220344580382295,0.6461659577801452,0.3107178976784807,0.8025630171202759,0.7736073146464032,0.21814669319738228,0.21682071819939042,0.684058678255302,0.7305361900816796,0.4631852416386004,0.4202413258342513,0.38661212697713526,0.8102137342975124,0.34352010062754657,0.7750907457323405,0.9257742926072107,0.4328521387048605,0.3600950075362035,0.6261058926137757,0.8603205954151228,0.7150039719502448,0.723080109014581,0.14910070637341793,0.8360736724451943,0.3531472044944462,0.4845234726037416,0.7802515077069616,0.9306408451307736,0.8061632019697192,0.3511694817405032,0.1252744899579608,0.7242618193844987,0.5282774835003486,0.7436245630888481,0.6508903991748858,0.22202085727504275,0.4241145802712321,0.7497728411353776,0.2981163749554189,0.30439363566005667,0.7458742451587194,0.29042892738985754,0.384329968282834,0.11200925071589332,0.27078495901692684,0.7154162357346983,0.597892570096032,0.15604384289452833,0.5054126253420913,0.5096217860736361,0.4367512949089977,0.47170322385444724,0.6949226946704313,0.9728141723519689,0.609150128650525,0.6625345123839611,0.4097491874418627,0.16741810561218667,0.6232713629786608,0.7605430635894853,0.5979076641755723,0.43132345471100103,0.6594772950790687,0.3565622796965041,0.28434182784235845,0.739614494395896,0.18391361874010964,0.9204121232024192,0.9100720199532826,0.8950867375332627,0.3932134972272577,0.13069411385145538,0.6084350602616635,0.3834304106841147,0.6130624925246507,0.16289837239527644,0.4904131308410397,0.4663202279139482,0.6819112221308978,0.34293710500975255,0.2876025801346219,0.5473325727025529,0.6305083352506377,0.43775738874300696,0.665628000640311,0.29375475253713584,0.6735522219833554,0.24330941342248263,0.6612109993666898,0.3838496585654931,0.09216307971901999,0.4561859514574406,0.3121044380645505,0.4071022230499868,0.8242336065577339,0.6337794022123412,0.7866510766792266,0.6583032918891302,0.7997020069568401,0.788631218188079,0.3761337852009839,0.2180057261553876,0.5111230427428363,0.24567004422720348,0.19649962738057383,0.5553951159710002,0.42476070347915434,0.45252933436950926,0.7138971242784429,0.6714866288637348,0.5659534578058356,0.5750059624385147,0.4688171268030996,0.5909550804306166,0.8784251918127397,0.5756263140052772,0.2996593572013388,0.3009569952893616,0.3243479965974381,0.15301156671443095,0.19968071187768754,0.8824014178891234,0.15181281741300207,0.08596470114547025,0.7565198363675856,0.2977503427631532,0.9143529489064269,0.6184347604362601,0.9273469757238869,0.5832888946022519,0.21931112234207362,0.4841231871727687,0.24379304292318105,0.4766026161989295,0.22283362752352337,0.9313220868763654,0.2734872181461382,0.18730176774829427,0.2720720914635568,0.7194945464594097,0.312614492486052,0.1714917015692851,0.25463505551695137,0.4170037194155138,1.0,0.3744118722920808,0.21982183256472496,0.6732273509486083,0.6481044997819163,0.07228540212105102,0.6455400222229859,0.6772057884032281,0.21959393819374262,0.5448747080921482,0.378690339517734,0.5150193027724235,0.5991958689745408,0.6496029946914764,0.61555090898412,0.46733276753971703,0.17452593636606983,0.6438890234742535,0.5560498836909623,0.8476344301948848,0.7364085008528591,0.29991619706138045,0.7444082322789687,0.3788032340408726,0.312305321166501,0.37728727441768384,0.40072704660718583,0.35932201280810344,0.16700287455988486,0.5465188032617601,0.8253647744896994,0.5320884030993297,0.7135903001791585,0.8648910466406966,0.8786568510451773,0.89196567834405,0.8604034701719848,0.9175962297219349,0.9105265099139906,0.30717266804005,0.7664735694612328,0.8060180300464614,0.6141315833645316,0.3282118101836009,0.5994825641190032,0.25348136879707683,0.6239330352052157,0.35962143079150516,0.40745934672314615,0.35272861332914923,0.9296992563864704,0.4424635623721399,0.19778269757424446,0.3774831808695542,0.6454074009384424,0.3336486010877668,0.6878882915876652,0.4121475668566422,0.3611851124628383,0.321256534405666,0.6042899186652292,0.4488519712295722,0.6000177889697494,0.6412149000831845,0.5638508700855186,0.6312709833784591,0.417306427052754,0.8553043904867913,0.4966778188834053,0.47296531616031257,0.48304589917078256,0.3055171089493774,0.8132474178745389,0.9105759805082444,0.3969559053808802,0.9163430839211107,0.5708854055061557,0.45648338327442245,0.5779239180056682,0.4268235849328904,0.5998705993795219,0.43672625538874216,0.4272614780162522,0.7569894492157019,0.5844865976260468,0.8437149485355852,0.5283550936231607,0.6412864187113837,0.339911568245789,0.1549301871705314,0.5555290260071696,0.532591388592841,0.1614305254221281,0.5298965620115159,0.15889447722662287,0.8114721568497351,0.9686241890499685,0.9623484321816965,0.545369971845687,0.9623123714980071,0.5596096834506684,0.5409020735650786,0.07136206319021766,0.8178113393681233,0.21726298373573036,0.8117569712095918,0.22063116858835755,0.786281918719327,0.2952468283907855,0.3551174013942514,0.9251192225186601,0.214644912643671,0.5621451566797372,0.5159486245280217,0.42535339352841933,0.7945650520855653,0.8171806150438482,0.7817056564655168,0.5366822135745665,0.38614842865285065,0.9160157885041486,0.8875484561973755,0.5649982928469948,0.5296282923364622,0.7260831138224683,0.2643318039048148,0.24146845070522388,0.6259795783483797,0.6037604309012364,0.5785740887277522,0.5826792183005917,0.46066540844569376,0.562933566733139,0.5769006248284413,0.404154809443953,0.6878572119098635,0.3828182140376236,0.4897508278770836,0.7736772194098986,0.3992652926137089,0.17876876459777558,0.5492943064395954,0.5594602185347258,0.7011603419237371,0.6243983331386426,0.4203924943960919,0.31844807316248724,0.28892014309051023,0.23779516685902288,0.32435285299661964,0.614001268425641,0.4770197112590393,0.33740633972022516,0.7326002886764272,0.7291770645209548,0.6816390402382732,0.6732724764961724,0.594142720262906,0.4702394507281951,0.6271408070741578,0.6907808284485348,0.921460571880588,0.6028175266888597,0.7305185646474146,0.6739049977327465,0.3184381816362082,0.28798662844748363,0.4243669953662408,0.6137258831890171,0.6236238553600564,0.746218502079281,0.13792686598882262,0.5857391264212672,0.8313705863334473,0.5608291454664307,0.46983849744473816,0.6742771932429691,0.8144370471954057,0.3365900031078697,0.3155262298443224,0.8487527356216481,0.6247412773849452,0.27951835758062404,0.5798340349958391,0.5693269755214639,0.7717280085192986,0.6961289680225878,0.5056878608474272,0.9235759658399251,0.45656062583695417,0.30164100132116584,0.4181201828798306,0.225513969933115,0.22792243160145903,0.7180833604750784,0.5791096470853303,0.5475768358409944,0.541152049664777,0.9245943978990868,0.2717606675161774,0.3465236353462216,0.10843702742916994,0.5152783769138733,0.7141768136730734,0.4006604136926021,0.8978542887063597,0.6851139782838161,0.3836634195624938,0.6516389561401033,0.6809951442357072,0.5026029912424076,0.1767714374200004,0.5596591115593849,0.9340654306479704,0.31020330461615814,0.8542482877187372,0.7741885610186762,0.6054612342665232,0.601047663512999,0.5048616560750553,0.4877816440250662,0.701942643970293,0.7425219844385633,0.10583513230638729,0.6295361495665974,0.9145460347015584,0.6189777507630303,0.8778404646795102,0.8921752855238541,0.7446716218582518,0.7144923388268799,0.5644711386157575,0.5529233117524402,0.6943421995051037,0.6722714021662674,0.718229059815675,0.7272556754303613,0.50917426160876,0.4947510802557646,0.47163558129474037,0.4611579488001722,0.5999186937320165,0.7376275613618912,0.5466696203948351,0.689007872890526,0.45633455526052075,0.41232550144037217,0.9358704063353959,0.7620173478023726,0.8029391561377618,0.6174828357367917,0.556669318419498,0.6107674882932006,0.6647045971829313,0.6467248390715187,0.6136536412734944,0.5487473057802025,0.6576786156790901,0.716269649382287,0.3785468827974842,0.6475800995818113,0.7838536062250636,0.7811534640429184,0.7772107565501327,0.806414872722806,0.8531932274170202,0.8143506170774019,0.9211588658442624,0.9206550378041782,0.8981325595141818,0.8403878575831668,0.9076091067843052,0.9098211428519583,0.3700867578862349,0.5346790452498025,0.9380943928809775,0.6076286442945734,0.6195569876250577,0.6568898521299592,0.2652409592120452,0.931971839562627,0.35097656959595713,0.9107811401399595,0.7030162661655183,0.45761853170383715,0.7109954862408738,0.7805579300301476,0.5711541639579255,0.6392266200482241,0.5555210727729382,0.14486320565827981,0.48189907637306734,0.8918931672590248,0.7825613347445997,0.554441845988286,0.9298578933271461,0.6032513765378954,0.8944567377342192,0.9097312762257274
23,0.5480454982805447,0.5059628780263284,0.9164305476990389,0.8899340238621879,0.23287004125175123,0.5497199264673344,0.8446324047223928,0.41252425104585033,0.2658954519659533,0.25798571295038064,0.6133099305087886,0.500410839895696,0.45809429819902847,0.808621726029069,0.24317527927074012,0.9364932240994555,0.44111701171220813,0.9110048727291621,0.4402358885223983,0.1093563853063491,0.8465294049303133,0.39469122306595655,0.17505956260349045,0.6941187922350287,0.22737070463061534,0.418771342267176,0.44794011563326935,0.5682239949918407,0.5604149008823747,0.793789102797337,0.2566319039131719,0.5182027569508696,0.7110766321710527,0.28691463900931635,0.37937002293146616,0.5004446959444879,0.46031393164500645,0.4036017960907764,0.7769081750747128,0.14478001021882667,0.37554042545836036,0.03635699747134496,0.4374541476464056,0.35189025553579273,0.9315898363741155,0.846498555671203,0.7519578490373077,0.6525078154149432,0.8398742006459675,0.4843514166293617,0.7411759855268367,0.5544055231973614,0.6096843146718656,0.49603085208731007,0.5376464152220801,0.5288093702807493,0.4724469572268917,0.4577500614542634,0.3644629767135665,0.4397480095672911,0.023751258886593983,0.25479902005131494,0.5215156076449716,0.24735373002347294,0.34478662693297873,0.16139734351063795,0.6151464787662135,0.464766209323732,0.1650590170557408,0.08164489435699636,0.6222114839054819,0.4582345913218631,0.3636115882193475,0.1816448284781779,0.4488339742253497,0.5709732353313972,0.275008621320358,0.6560025932303493,0.4186617977238137,0.3055891718607533,0.5908246653685284,0.28214189873026096,0.5524467711632213,0.22037549923439434,0.369787203976647,0.3411764838958669,0.2039005586059053,0.7406070231104701,0.9443702382529691,0.7194865062677476,0.9407160698723033,0.1347853115036905,0.28415894266923986,0.7570498647771393,0.3633829952791996,0.23894962618745053,0.26434373921923565,0.566500627180627,0.3252418777757697,0.4698117658483368,0.2887401303078805,0.44536231587741554,0.24280193017571794,0.6676836293104336,0.5181042158284773,0.48597436836204816,0.48610281306882785,0.357096222119907,0.46141140525301827,0.7339507747211111,0.037121024759534646,0.5236202847938388,0.35155532388031896,0.4734121321119187,0.26674587850413545,0.3295507338504715,0.2840050616177978,0.45309557513141124,0.7101416952059436,0.3182224366685216,0.22382939813009278,0.6679185140345255,0.7145323448338197,0.4370818916356979,0.4145822101594631,0.3497583161250443,0.8058481428242065,0.5935416718906352,0.9083121601287412,0.5084461226312958,0.4017965316937825,0.368643573743635,0.621294184909202,0.3146549950431145,0.6449072719484781,0.759748082766979,0.06909233606176504,0.4207807455601976,0.08560904769243649,0.6064553639095418,0.24346087507810416,0.9266583072612371,0.8317706291234945,0.33256637163945074,0.10799587882662752,0.7355882348948195,0.131440576827727,0.7177871374733493,0.40308067159589644,0.23804213571091612,0.2967157104642707,0.743568936349578,0.34283791172197026,0.3478428869313125,0.7464383450632318,0.34537907606340873,0.32136261465382454,0.20536646393139038,0.5517309917123541,0.6348198528869231,0.5836780231712826,0.13714713375153129,0.44306517371956256,0.686221319094339,0.44386460678389544,0.513712388364123,0.8875596299187395,0.5961513983705339,0.7055948500527939,0.5014813504216453,0.34959221524622475,0.24482464630548534,0.49782049807019907,0.7684981071412126,0.3736084582521866,0.42401670384991474,0.506314834772383,0.3558561896444115,0.3363977960202433,0.9116597410686684,0.24355458187392698,0.9347733006816648,0.9332115943380114,0.926851719572958,0.4370480060427032,0.23284033092879966,0.3961386628189693,0.896331047777044,0.40858564892618543,0.43025079575736835,0.7061726535137273,0.4433493775935248,0.4675345482811382,0.35211385553754476,0.2976717272292189,0.7684965794671832,0.6403691253228947,0.6602151735409488,0.8122805027451003,0.3005740944589616,0.6934222773555841,0.7502058454110729,0.6727618269557121,0.6354679315882642,0.19388455882761713,0.5251323730509606,0.15982802920619532,0.47401852200659333,0.8916160913630096,0.5082830480817504,0.90987066401386,0.560978661726203,0.5372091051007792,0.763368527145477,0.353102054251823,0.2654931609426599,0.32124917269889475,0.37436532246354787,0.3795665205971023,0.5538623256968818,0.4869081056364402,0.4349934291611019,0.5951337708038716,0.7232462443198915,0.5201539010902936,0.49811192017882766,0.4983843732617865,0.5235003846911142,0.9026117494964934,0.39175901609589237,0.5201980643052474,0.17179551308707058,0.27473943341469265,0.46286930680541905,0.12860873388319435,0.9058066762918608,0.1356773726214889,0.20099127334528244,0.7666624736297025,0.6641044407313801,0.9325578027080634,0.5030026479186956,0.9276210109254315,0.5366471254028333,0.30617101000991104,0.36297793440837106,0.19910684916051452,0.30957658659932497,0.5598459569180589,0.8513714685120348,0.3902605385459434,0.19754902025156332,0.375932261374476,0.7427038287392453,0.4517615070730455,0.22498889993441687,0.3690642654780024,0.6631760467968826,0.2770965606096105,0.6400467382861409,0.3651409780565025,0.6814946902541374,0.6665707081477094,0.16519434335281383,0.6623929905869298,0.7665258453850843,0.21177373979576758,0.6488240269228528,0.5877282079465673,0.6878109572037255,0.5846937291860642,0.5116478987549039,0.4625004099116597,0.442162216455189,0.09855972628003841,0.558444409758964,0.6094130395978637,0.9594418400821264,0.8986359981059195,0.5333208518073519,0.7553193171582798,0.5887482112903457,0.49806137075934204,0.45012133919542757,0.5028676816389339,0.17218175794521381,0.36763256169045616,0.31312256750117,0.8830658011962182,0.4563459151303069,0.5355563546035131,0.8621582767269822,0.803655070759063,0.9098931951618907,0.8231146686176167,0.9364363301557663,0.9491426633902807,0.2307207856403945,0.8197849418069559,0.5209363636712461,0.5987609600337305,0.6334673638379058,0.7870524826400687,0.32392718748130384,0.4675921884836045,0.2547312126988008,0.3101634623826715,0.32811749548107716,0.9402212556750383,0.7121969366227112,0.2617688132362967,0.5498060405522393,0.6158495295342646,0.39313190720592867,0.6174739507887325,0.5159251694035261,0.523979554122699,0.29908279707373725,0.5474709587982645,0.8400986439271054,0.555511420828932,0.6815882291518626,0.5004448815347443,0.621629703472399,0.28968611702884506,0.9081872635934521,0.6004521337476433,0.5609623957969478,0.5907425038389675,0.4605063997925381,0.8946365985342708,0.9351515449625732,0.20508057344904884,0.9400831254336299,0.5415808509545608,0.2572540445754991,0.5456059858140281,0.26084452285939663,0.5851764825364817,0.4638742597417527,0.37762971064277384,0.5431702199530596,0.4661153792946806,0.36613355072654424,0.8408416580568941,0.5309561775521202,0.391494430134474,0.2572224577757546,0.5105773255655793,0.5197999200822355,0.3127608848061222,0.4465456843440003,0.16656575105053234,0.7026852640941845,0.9186765415129403,0.9236246542690448,0.4725149939447805,0.9046174204485256,0.458933197059548,0.4265591533362505,0.1470898558792019,0.5589232494785208,0.33729547421022643,0.5505020333570706,0.37442555455644755,0.5178489288733996,0.31580169819514947,0.4645792237805881,0.531093578333545,0.27317974792775396,0.3590278541406514,0.3227555378335719,0.48670745987897357,0.923970814551035,0.5457672516810211,0.915877335226249,0.7684771687074907,0.37793752890617677,0.9362967518650617,0.8836120487009861,0.6763346799586994,0.7070394303654285,0.3727689102231897,0.3869614997875012,0.39257864348773275,0.4705908261586119,0.4566127668833323,0.6875085195851028,0.6939098517585319,0.7001346274854208,0.6762454269475727,0.7094773175529714,0.4178537593471787,0.9418552896230427,0.484070193878853,0.6144857566134919,0.8813074641575008,0.36825681989650766,0.20710883305096717,0.6867583024924211,0.7150825054039176,0.7237412410857951,0.7067567336976445,0.46652327158823736,0.49096972533516753,0.35294613428882443,0.41983645444969125,0.40697717089977464,0.46605336846526535,0.24012607135905378,0.51446166543402,0.5872466497492186,0.6169957140312377,0.8049958499243124,0.7986170322180327,0.7128911993303574,0.7955504402561562,0.8098642699279464,0.5508208172583408,0.9405078807717544,0.7938226270858963,0.5812764562906941,0.7539159930209788,0.3065656318891128,0.21215606538871631,0.4167887659504992,0.8055659849844545,0.8200525109910465,0.828393084948926,0.184901181412561,0.6616511023617607,0.9126462441335844,0.7530717850011065,0.5482776908960769,0.5740668048325204,0.6845277779298145,0.4435770729757618,0.37864199526232717,1.0,0.7419678488537265,0.23275939303752877,0.21459877832650087,0.5552172270617084,0.7730133829780109,0.4899320806855279,0.6218732944477064,0.9411622033750605,0.49076088478468183,0.3947604856799872,0.3312760571549725,0.1846772230546457,0.1787427401318222,0.9571413593813259,0.5933617671907325,0.8348164800432795,0.6621253421139379,0.9475763093138464,0.1709564302744529,0.4657481014690758,0.12440811787923173,0.7364031376498783,0.7162487353488907,0.39703057669168573,0.9232463537986488,0.861810270603027,0.48457518383654535,0.4381505204894762,0.45855078927580994,0.5688032815652166,0.3293355941515993,0.697061886902727,0.9485745923263912,0.2726571295391867,0.7600318393823844,0.6589977767782029,0.5349995755082954,0.5234986862617235,0.6102646225527405,0.6005613304983686,0.6919243437429953,0.7572266031942774,0.0660512942959449,0.809167312794639,0.9337562996198371,0.8015829509586326,0.9570059105494443,0.9606009462687444,0.7452624370045036,0.6919247536037629,0.6387893697026582,0.6344467375603825,0.6402119114948595,0.6064019029641593,0.605710407628661,0.8201935982580922,0.73116519132354,0.38723631765547917,0.7012346538307028,0.5888073595452182,0.6998582537146842,0.8885565268170658,0.8611944826861049,0.8071691950791864,0.5042378319793643,0.48820427822793216,0.9556937483940136,0.9246356687819949,0.9579670604506255,0.5609727152668652,0.7269592550137091,0.5675418405386656,0.7269603813031246,0.5910354797336443,0.5545532836472485,0.5615472896176097,0.6781023845036248,0.6713389907792106,0.49160716703080565,0.8470701124695553,0.7742566263899712,0.7725111931548266,0.7876983784943349,0.7876239475557222,0.7773723558066206,0.7137081374801583,0.9323189382941043,0.8940613555873596,0.9120564271935927,0.8020666468225244,0.9181160070335902,0.8949471019542025,0.39569430335143296,0.49284635601855575,0.9557227172079652,0.6449074122172415,0.5907307429740736,0.5771505718336237,0.32266542300587625,0.9657826368695556,0.4463051250990626,0.9351912717824317,0.6574526065997595,0.25690050105757717,0.48480621397322116,0.4258280786639494,0.5024049471830891,0.773650257701928,0.40103889276092625,0.5496025148869206,0.5814539551210302,0.9256949189603252,0.8029456680993345,0.4560599075280083,0.9461803562581323,0.3239516855557343,0.8895778036017664,0.9461419819125313
24,0.6518618558307228,0.5683107319202925,0.9616590075170399,0.992298313563064,0.5093847942464201,0.8492825938350815,0.9882955733542468,0.9349014147584819,0.7333489710383148,0.3055934398385311,1.0,1.0,0.4506401811705075,0.8101657696327562,0.31414555315822884,0.9654526162928232,0.4722330386475673,0.9314336453063095,0.603074727349871,0.4387411582120836,0.890629517613468,0.6580153717642333,0.22981901549015415,0.4840546467731874,0.22158883448452807,0.517916056722914,0.595947520499109,0.8871072349902583,0.874808336273254,0.9682767092113886,0.22218482604776682,0.48144730716511486,0.9497314369658553,0.19771979727924188,0.4533049528963787,0.4648912269783182,0.5444551333185801,0.387664145118328,0.8477092437661441,0.3270005281885151,0.4419429712796972,0.24936630570558796,0.4878158073818855,0.42100569622462386,0.9682896162279775,0.8206050018601025,1.0,0.47394000747617504,0.8071301699060456,0.5154103719000775,1.0,0.5557556219375761,0.657298924335202,0.4382168891436715,0.5263090761517449,0.43430079695222906,0.47890491769922067,0.45613141875627455,0.2832192098400262,0.44480364038154746,0.620882557118935,0.1561755736420197,0.5657415867401213,0.11064253720615574,0.3263875907784372,0.10156738662763518,0.6796330942824083,0.1789239409388875,0.5409795933586948,0.6997392745980587,0.5476368363298094,0.4430335185887189,0.3625932905162239,0.2104645875665345,0.35289976941255935,0.8369846466662227,0.23938073646752342,0.5932483746512169,0.7588440502237532,0.3997789260438747,0.6272288015458277,0.31299661455371425,0.577189646864312,0.3188197852018469,0.9593711830435673,0.32156976392515374,0.1635720122673339,0.5454417558748098,0.9676091470727313,0.9047123929346833,0.9720168853286011,0.02718691489915356,0.3678889823445279,0.7740447030144281,0.34998680078037725,0.30675214564480796,0.8425851289979652,0.5280807244394169,0.16956407164369136,0.44048760366265777,0.40787472802708513,0.4665638854289759,0.3612687966216161,0.598032996277222,0.47891456592896375,0.45753657515845647,1.0,0.4418825188024484,0.4835116670554895,0.7587412460153614,0.7145342743759109,0.5389648707454567,0.35038632147807464,0.41549899594068135,0.18662892023735958,0.80792729804006,0.23844126645230995,0.3747863532278883,0.8467342802308904,0.3440713543013039,0.1934823956966148,0.6093043867585889,0.6599985788750644,0.3327167016968543,0.27019618560013325,0.2773332055753458,0.9186313163184464,0.7472047550960113,0.718840115572286,0.45521935981957945,0.18722693839205967,0.6339397749937191,0.8711504457590105,0.32552507189015095,0.7033379749005666,0.9669813207057139,0.4723492762767907,0.770458647448734,0.9394715101614233,0.5759141893599788,0.698666734046291,0.9221715567980533,0.8498984106590973,0.2673166989167702,0.0,0.7748714975974687,0.7648748641734417,0.7728571140782708,0.3971173679212418,0.1050448226161917,0.30165323612454337,0.7540266176652561,0.7346017191718768,0.726534944742746,0.8904348090991963,0.7157994418685217,0.7394643743477267,0.08882693075560145,0.5522899140682436,0.7940821941900466,0.701697494952014,0.4646721440388864,0.6326462620749853,0.5564905485960244,0.6602837494434145,0.33628216049566145,0.9461396552562326,0.4795391799916746,0.66593620739435,0.7019968918219922,0.41951120974201717,0.11714771880417667,0.6877409547653408,0.8231604162884725,0.5089871146911035,0.46325966998224527,0.45462229474921706,0.22804308708587936,0.21914385494663768,0.6224218826020541,0.6150627221398779,0.9643639464820928,0.9684811628032589,0.9409693763723966,0.3340578104090132,0.4371534850204442,0.438431404263931,0.49762754854784236,0.44097895561616746,0.257860426703042,0.5978906165869551,0.28444541200971246,0.7993520397233457,0.2077381450654506,0.26614308143742427,0.4138751516581395,0.5900982044411389,0.30941613745838104,0.6047948495885842,0.30923323836076405,0.7277808143402807,0.8468721094867904,0.7188571955992817,0.7787431499025081,0.801514131225386,0.5411365545672551,0.20802212356324898,0.494717368617911,0.8287129474359104,0.3825442918227271,0.9326873434862357,0.444635573739715,0.5937402599614351,0.9233498191166826,0.578142086068278,0.5139005949457193,0.4294072117507909,0.3453057339249624,0.6689916564328708,0.5427942495163582,0.5384777299438349,0.7275004850770548,0.5312824959622942,0.8541604332271013,0.7002358898263621,0.4673684287394411,0.8199807450545216,0.4767830294612105,0.919036826109469,0.4944288707171018,0.7121117991832533,0.296581274229492,0.5466634733098487,0.11978088773346983,0.0,0.9406308674435938,0.0,0.34226609688380866,0.7590178947781067,0.3850696523937368,0.9658118336123808,0.477172442968464,0.9665575169893074,0.4992783737278828,0.09840429920543527,0.16600964742028096,0.126068139208474,0.42219617869238746,0.5522553631209425,0.7200198135385472,0.3122473288201989,0.19407636814395074,0.6113863074990689,0.8117336335299178,0.348305360062405,0.688241042542347,0.2939410119892992,0.44870033477755095,0.19295385621882877,0.4293129983004125,0.3447300978407103,0.4443271656205727,0.4310264157869417,0.2592879766454512,0.34564229139886665,0.7469653433106446,0.13817028836738632,0.41041330011071997,0.595330717075244,0.46964556830982374,0.4768532080175636,0.355029528379752,0.35466035344148983,0.30234205802039665,0.09907213445805403,0.7091234944580653,0.6714786275549858,0.8473859161431313,0.8578733542113796,0.36765105083472843,0.7690297028917021,0.7988457291104389,0.7909974152629288,0.4059031604347913,0.3534403737695623,0.21948988842978814,0.24705161047494165,0.49397071493328154,0.5884419779139948,0.3557683714096663,0.3383715872241596,0.8932494946961681,0.7175664713688862,0.8908541699839648,0.8022460013013797,0.9654141829097073,0.9752449283903822,0.3923982500188757,0.7662119460985755,0.4009575820937839,0.9849848041991237,0.6487370596796848,0.7822007051746745,0.6062241852603804,0.518155430608416,0.2677187027032555,0.31340386714664303,0.29350544512984444,0.9200257003216837,0.6404167130280647,0.1711525693054394,0.3837206830559691,0.5317478324619266,0.25027020688055146,0.5922607351481742,0.3952315952725531,0.4372407841604224,0.26272036407880844,0.5026229972233475,0.6902726760775332,0.49447497927563083,0.7063603922991487,0.4528319004494674,0.5157756344409633,0.3579379838178274,0.9460947815538325,0.7310994554530122,0.6943102884760974,0.7294674713716592,0.6045720941655411,0.48182963301287507,0.9663047344006831,0.31706421283638714,0.9537890467923571,0.49918971021828945,0.28504312375626634,0.5053900024927924,0.26447991670784393,0.5399886609973317,0.3801683630110759,0.312348862204669,0.958684432637701,0.491111424950403,1.0,0.7745861222032765,0.3751324941445241,0.4939004866296409,0.4133590523872615,0.418697167101475,0.4491357906586702,0.47929716797759947,0.3165867012989717,0.033933673036808366,0.6460593475862653,0.856647067264642,0.8810316549472156,0.486941498859652,0.8713678803035773,0.4750524614965351,0.3131826317552842,0.1737121266682237,0.8987162888435971,0.320759288096806,0.8843529354640299,0.3332470606350729,0.8588191794074652,0.2658860460549096,0.2575449305535995,0.4531753802162548,0.3186173161187508,0.2548762398562545,0.2130994809953502,0.43153101400023947,0.7692291344364339,0.888247256669454,0.9428714864469946,0.9763091048327517,0.3737907049769234,0.960050812816829,0.9686088829850781,0.6922977016932204,0.6264441089189436,0.8387967696352309,0.3721542943541166,0.34937376463195224,0.7853698798817147,0.7799189161650706,0.8375561829977243,0.830069940824749,0.5900106056378249,0.8311343454861522,0.8337640996679779,0.21716768590284038,0.8109553155853448,0.3653192447939372,0.5083430284093249,0.8509174009881074,0.7323940782425603,0.19131543460914513,0.7278169250917862,0.7470677561831547,0.6616318633129783,0.6035664351404447,0.5501384848565604,0.6005980273318222,0.5855393793773676,0.38252453539915565,0.371636123341132,0.47412099217787074,0.3751396940426205,0.2439583026415484,0.8498913730690267,0.8528262134775845,0.8837822966019152,0.8666654182565776,0.8370285044185412,0.7551314552221305,0.7737554355215457,0.8548363016436968,0.9739047475436046,0.7698554749361137,0.8695049034356034,0.8909870865796111,0.14357208467476,0.16474601301107855,0.6285769535024597,0.7778797988271727,0.7737268026194654,0.7146004926242574,0.1790147483184461,0.280642712910703,0.9727883692150274,0.7961000308881119,0.429520658947483,0.12505832015525278,0.9146001563111492,0.4242415555477414,0.4081705077113715,0.8333027477859336,0.8258314093432868,0.1545756769165545,0.21421303399393019,0.9702547758943636,0.806265013073642,0.43205057052217116,0.6492967431156945,0.9607725113365759,0.8780877762240429,0.5329685448319714,0.2910062154521856,0.1507659713116021,0.5400304620802436,0.9108522916795552,0.7599310952078084,0.7642106863246084,0.8219086322052077,0.965324962834761,0.6369603004449792,0.5339097229613649,0.052791177937397904,0.7079165998022342,0.7270854912389239,0.37925698593771695,0.9657609404542038,0.6709821879119425,0.5067077562317027,0.5854880665278488,0.5443720360644154,0.5524147404917609,0.2806583688020824,0.7063976946534086,0.9609266289776375,0.3996924934758516,0.7042050337007242,0.6139969174518725,0.6437977471715678,0.6472565251248957,0.5940325915246834,0.5763474848392461,0.5768908187233175,0.6285088272505763,0.02848563155599859,0.6517404382204071,0.9415676401087192,0.6251319296434366,0.7410852936628635,0.7516533842175024,0.646191823752523,0.6182898767402448,0.5435257696421687,0.515185075162585,0.4467583103501795,0.4260459207715634,0.5044177385024178,0.8347239504073721,0.7901934449157703,0.532766996867356,0.7730080171989072,0.5954019389687775,0.49710506015322076,0.919023625693256,0.8021433635102432,0.7879777467012378,0.5950835722787274,0.5368410845056327,0.9770658340060137,0.6011961529281683,0.6816994262303798,0.5218412354236834,0.48729202252688486,0.5073997186612833,0.5039333967855449,0.5517596157780166,0.5133986198546442,0.4693257370399524,0.5671871374276595,0.6139178164221629,0.6104762997936045,0.712107302357802,0.6902642848171536,0.6925696229852769,0.6878039607800728,0.6863917920625445,0.5841553080678111,0.5050331686455868,0.9413907408559578,0.8447032096120953,0.8475633349179057,0.6706486988228199,0.9674117741445782,0.9629443955931365,0.5261589358964692,0.4607420865365527,0.9756199223706249,0.6956394561518479,0.8149266276840649,0.6235150468626073,0.3909595311825799,0.9608757015417932,0.3851854263943581,0.96422805783008,0.6782041462659858,0.6671279189503385,0.4842585999263469,0.5692186797146747,0.8004097327095627,0.891167816665123,0.28415282666059427,0.36494902379728034,0.759579331389423,0.9597432210543707,0.5220554870668382,0.5793599997982577,0.9745591707027627,0.5661640201677468,0.9222038308401543,0.954198033866223
25,0.6284730706650843,0.5943656331085745,0.9024235816068689,0.8669431650191892,0.4714689546916207,0.7485905714461428,0.9427866472711983,0.4498612637587634,0.5197891588657167,0.3213263534501633,0.8010946348652899,0.648256421088272,0.5145559289414781,0.7318971437328708,0.2832413355176311,0.9339371683580617,0.33256683116463037,0.8995105473540259,0.4546875191606895,0.23360424255343729,0.836155870719991,0.43062912561979344,0.3171867678669139,0.48845618674928765,0.18123038207570918,0.4032779068360662,0.48712673441148113,0.7924850286543406,0.7844248347908912,0.9181878455571094,0.20446091230879038,0.4704422533649884,0.8591664248122336,0.1901901327079295,0.4760446862150372,0.4887791412514818,0.4776692218558383,0.35320764122919707,0.6443779129075642,0.16087190499311374,0.2762756319017279,0.2796108171181292,0.3605511557510995,0.2628731528841993,0.9203842302655952,0.8508252139141625,0.8654452705553486,0.4681035498263169,0.8528684605970034,0.5255381214525565,0.8581826807604603,0.5684374956929984,0.48201130390706337,0.42167949801201876,0.5472729363297717,0.5053064928859388,0.48094022259460123,0.45394068743421473,0.3821532031684585,0.4413497400465948,0.3770470131295515,0.25110346044404164,0.4183482534445068,0.15204557941079208,0.34229552261149443,0.24022974592720847,0.7738420976852127,0.0,0.15070222267897848,0.47797590450475796,0.3821002617219726,0.3598996093226162,0.44073277135331573,0.10056491808825245,0.4224117872783074,0.6231436044834502,0.139323396356428,0.3818775691826935,0.4847453054726572,0.13281193988452542,0.7256877579184934,0.35463211946139583,0.35429326258390226,0.2310568906909426,0.42446924876466346,0.33189435347616475,0.1850844106165345,0.5917633538688974,0.9397105322448919,0.847846013814874,0.9292069536675693,0.5102055698136586,0.3429788565829307,0.6675264436254962,0.33891125735654914,0.3981227776533692,0.6549972373558983,0.5377018891809022,0.22266121039890857,0.45592487795740655,0.40202251836770736,0.4483713978604869,0.26516450457425494,0.6666762101530789,0.498632810770266,0.5293128746184834,0.8064848120533497,0.42279900482459776,0.5024054547518372,0.6482325818755782,0.46470312536285774,0.5463063293324011,0.2997295357609551,0.4531819138074742,0.18884077886855555,0.669465194097309,0.246238497400974,0.4408933765842426,0.8226160423870792,0.3222126993123004,0.20935162893954926,0.8037741049074976,0.7495799405571991,0.3389614028685577,0.459900239340189,0.2766678098176245,0.8896605912617932,0.38267536065917973,0.6680715964371525,0.5122769191750469,0.39373181705622634,0.407147143775584,0.7896969163980747,0.26947661074158136,0.7207393381607131,0.8578110886666555,0.1814789150069715,0.6548657697585448,0.6878452083835135,0.6532719024888787,0.5263399628980132,0.9333089185281499,0.8754309226514984,0.26549808697524147,0.2473658567736457,0.7565433493320639,0.6240792429417326,0.7408430198793255,0.3837079029406385,0.13471685882912757,0.4524513965648316,0.7260726181350576,0.5362997761920774,0.5402281268346595,0.8686942755523963,0.5162857567472678,0.5711236236971121,0.16815507813807223,0.45293690491126204,0.8325933755026067,0.6351460731184543,0.21892128664417698,0.5586786583929589,0.7071843743198067,0.5261991782984766,0.5260906393967184,0.9228775629951608,0.46701601764789574,0.6817621087827204,0.622331436198406,0.44325895353034217,0.16710194614986526,0.605349191181425,0.7912474346944182,0.5585524136305903,0.38817552530038285,0.5203083242573172,0.2800424032190986,0.22782597200789204,0.5249067593210004,0.40360425033654723,0.9369381312378078,0.9326451380057601,0.9199994030962027,0.46877111677108557,0.3358813675862978,0.5466611912697533,0.39583552442179853,0.5375427869943931,0.3819224561588099,0.6697969269781447,0.38914739105656987,0.6643366218244113,0.2790871475012329,0.2324865392173292,0.5830289518313494,0.5225166662259029,0.5244774775207284,0.6756495241908478,0.25740719991485733,0.7406616919197231,0.6162176957491419,0.7320000035150457,0.43837642887941153,0.40185656877426323,0.5338071407302903,0.19612704700587602,0.4639372339242193,0.8715986618703095,0.657556190270972,0.9983851645278655,0.691011219911584,0.5901905257641158,0.8596137008677616,0.15278472348339614,0.4122584816256689,0.3514053140337379,0.35349076993969386,0.5863420267561177,0.5572592282694149,0.5079478365693731,0.5501838216802697,0.2983737964842165,0.8543841374435986,0.1829779733380011,0.460656156373579,0.6670059780391628,0.501605465928808,0.8871837062938113,0.4449772094864677,0.30854984172048416,0.32807950382014167,0.33701040997308696,0.2868589422580388,0.04287152023005587,0.9270957340602839,0.0006767074675182202,0.22941492716540504,0.8395975619006405,0.052523679825648636,0.9320602790654448,0.4720174038483593,0.9172773486782574,0.4439308724138798,0.1847948578783922,0.46965331356758583,0.2662260835283607,0.4623485973971427,0.5486344983218975,0.8630087667260972,0.30472787360609804,0.08047753986277864,0.42121244530818147,0.8834090065829474,0.5193457393543468,0.45054721062590103,0.2828259080225752,0.6781728716699313,0.22136855511296785,0.6538581586828321,0.4307985154340495,0.8480437758841289,0.8437024142635994,0.2300098096255113,0.8456199524241057,0.6683596537393517,0.17683758270856334,0.5681462328043655,0.5774173071530408,0.6082953954573643,0.5880665186268602,0.5277576929750887,0.5008648382950466,0.5920607119600579,0.1597401963651675,0.6925768266399648,0.6304100308471108,0.6476172993978391,0.9703544003336402,0.2738930447360414,0.923013941523,0.7399976096109546,0.8922385732972348,0.44440917023967746,0.3731259718218737,0.1508152715481499,0.29135424262680837,0.4323180795003972,0.8667424470447668,0.3731162407346928,0.2703290961489861,0.8462541226532311,0.6943305262165297,0.8831505376679253,0.8159992065309104,0.9294515584884405,0.9167195100140899,0.3976497136510513,0.8398600404320695,0.6102500205931424,0.528627971916784,0.8793710234713226,0.8576134924337488,0.3838518360999196,0.7710772653938411,0.18217697986595763,0.43678725498469906,0.20906291884340159,0.9196075398226441,0.7465905697056668,0.1824078237363885,0.5249080219717454,0.5728774243529569,0.35608171921322757,0.40507284386311,0.668362347821173,0.6814998015308997,0.35222311927593997,0.5042348540980897,0.5897473404231304,0.4965637957453221,0.6554393340706677,0.45254787726087864,0.5197791357641965,0.2173590340112376,0.919070177989593,0.7734970140123058,0.7422291476257241,0.6245773756596354,0.5374885241833453,0.8224217932746548,0.9343254343229934,0.3606532449394107,0.941154933545835,0.5027939480498871,0.2120228981023294,0.5064322851675992,0.21282055802598784,0.5496753191015675,0.39132405473969617,0.2685945599468534,0.9101717140486871,0.5337193939809785,0.4078719362752363,1.0,0.2672561619994957,0.5969023309982786,0.49247266340704854,0.46912683915690223,0.49051213363636476,0.4504815587729298,0.435349581184044,0.16263316438492545,0.7482716542340879,0.9295511361421896,0.9357074595669734,0.5299740085326743,0.9114333505153313,0.5126703297194494,0.4970897189045172,0.16720915343405393,0.8755400189296224,0.32153463577359065,0.8607431311004471,0.3291649476728797,0.8307135251720574,0.30876325483237543,0.35743669736004685,0.5705703479978235,0.38529389263946695,0.19145716551781333,0.217049548190267,0.47281005561971207,0.9525936643227606,0.8673382304094304,0.9602374206779346,0.8080054120875519,0.35784137529396803,0.9351765890339954,0.8641290548939048,0.772709684007862,0.5516798995933865,0.7962331700132331,0.32778622790148787,0.34585259132162977,0.9214699331256644,0.9203065231975305,0.7899887773406759,0.7820568651967567,0.6016804555064509,0.7778446896865439,0.7900300194877633,0.35360775901575,0.8879827992375328,0.23868447044203117,0.5282186035845254,0.8748385354781272,0.5570587597882036,0.19057742086087717,0.9295485331962338,0.9397597440528707,0.820171311706077,0.7875989177963433,0.7247465321405062,0.7164841833149097,0.5251133132962115,0.4221930854453015,0.33875653648291104,0.5431812292534015,0.29703125046185874,0.43160361708137435,0.9404444400279536,0.9328126795552495,0.8175219848208751,0.7971854880511077,0.8048777015870633,0.6161945477744921,0.9442599363627908,0.9628809845176475,0.9372624130077474,0.9466522530453266,0.9692036712689911,0.8592077095361317,0.22737702894281397,0.23603745634475234,0.4339790309304333,0.9474021263208595,0.9614141566720048,0.8798420932554697,0.1645797123730845,0.5212819722991997,0.9469860159045893,0.9509533945741118,0.8152503697330513,0.4808152349623797,0.9670508850721179,0.40556152033633125,0.39646862613791656,0.6856001349661787,0.7646211678779158,0.20518626486657243,0.21276288219132203,0.6961805481819645,0.7897925520319902,0.07569689997290033,0.6672181412559787,0.9360235505626615,0.6799548345253753,0.5309617178003173,0.2938228441728518,0.21405004443397982,0.6238725391192778,0.7766951198408977,0.6290207621063196,0.8886447014052108,0.8816236984980141,0.9340864408024329,0.5177843919121369,0.5183476167939158,0.20835062679332852,0.35209636569043157,0.8044982507709231,0.40641966346470637,0.9384129105895176,0.867450256426987,0.4808235088503933,0.5939425043034714,0.6070250761349895,0.5111922247989412,0.11794735604402201,0.7154878399775041,0.9511247988300459,0.27788778204749737,0.6202379711585583,0.42324859041520396,0.5389804670399789,0.5232929906981596,0.8746704404102644,0.8684788204075108,0.7814640032427121,0.7887589173950758,0.12479904548282647,0.5430168677464243,0.9406310892554819,0.5548270504649503,0.7488530623193176,0.7508722949060138,0.7684097009526226,0.7682456198302396,0.6332844662633865,0.6266943541945055,0.5399876447285856,0.45699876866149886,0.49493245722206314,0.6394720830214701,0.8116174683229955,0.32147486124407015,0.4066603322258352,0.7691092226863245,0.6478508198983778,0.9228726030186487,0.8116745579983274,0.7459146389135677,0.6704245728641178,0.5354765416584062,0.9487310078271683,0.5839383036565994,0.574622000244797,0.5147837442048832,0.6404758476331307,0.5176527583689825,0.6201500917251249,0.5528723224211651,0.5299185886870469,0.5228158495555358,0.6198864583028462,0.58870718077043,0.5416567730342696,0.668234986220385,0.7403006102675358,0.7436587154990976,0.7565700006093576,0.7482903727759581,0.6497321178393414,0.6632048739474936,0.9216391168967377,0.8769197211664729,0.8636638040041849,0.8396636274498138,0.9176194781808196,0.9335125686911575,0.44920936241240245,0.6604346703457982,0.9567728362239795,0.7166126749387581,0.6872132594688378,0.6856222543409357,0.3179946100218497,0.9333789367223443,0.6175869523498634,0.9340362248529142,0.572620780136643,0.8721154624585513,0.7633393625275164,0.4762701530728085,0.8958168725003013,0.8693373025983755,0.3936825612770011,0.5025567685618989,0.8630637694787907,0.9232626232861908,0.6695322050949752,0.6620219056530773,0.944870434790965,0.5436019434048691,0.9335437338076821,0.9429798837056287
26,0.41267266517945694,0.8265880077083471,0.9003735916498291,0.938034615215852,0.4908862582232801,0.8148753154545387,0.7536552049490375,0.42836882006447735,0.386813293031123,0.38978959988756295,0.568102817853467,0.605993681974824,0.6276345426669356,0.5367927393340999,0.8421165028517648,0.9378360266009806,0.33714978700120735,0.9449548420464813,0.3859309279983887,0.3557382821172807,0.8009645454960492,0.0,0.3667871634634707,0.41080499968916284,0.33901671080283347,0.21093669123086473,0.5071352862900543,0.8555027064042645,0.8505826559736945,0.740842245683304,0.22672291203167322,0.5010782508344409,0.6046683155128149,0.1782095433917594,0.15913927715178244,0.5190658779012145,0.833961300685569,0.3631802490550222,0.0731535523854655,0.3463769609612142,0.649745050565614,0.2301730181070537,0.2424603937702572,0.23318963271279758,0.9209727695949131,0.5479178064501768,0.7583643811238372,0.4861610806117683,0.5555094135092558,0.5796046108533317,0.7362117251026747,0.5841888264227674,0.48204718644972133,0.47816789848572877,0.5774468773589887,0.42338543551229607,0.7902990655520705,0.9411780559600026,0.3271678241356747,0.7752208135985008,0.49281193845161225,0.22170434047801263,0.3394662629697756,0.16421153589347942,0.40637787638879597,0.183687318265477,0.8192255490718189,0.8388060613241738,0.23833125365263874,0.45935487156714744,0.8373809610924181,0.10529044602319348,0.6362760051328602,0.19812324341102816,0.0924601819871915,0.4708574355760894,0.14382119022125614,0.3818900340284191,0.23600921726855614,0.079347128105442,0.8036962741733509,0.4497501690236207,0.39813030910433567,0.028479164652014832,0.3828357192764736,0.3071919462737375,0.15371768104227285,0.5709988649522842,0.9380480019794686,0.8609649290101761,0.9344079462868173,0.5100277776387924,0.10272402476104718,0.22476500403489003,0.31790552983151377,0.6706265327870629,0.7890250822642635,0.39808378776527736,0.27920544181174584,0.3235327846186064,0.1354854921937877,0.4627914783561597,0.3726937983582244,0.443571034379086,0.7031686033082831,0.7141424148677744,0.43760321169995275,0.1849057965235616,0.6755054800377855,0.24357861887136265,0.774508063149171,0.5594072567761825,0.305605600330557,0.4001058318555698,0.3946559692186984,0.5752842157234608,0.4144726252364659,0.08770369482318399,0.8393503189362289,0.1378385194646656,0.26089698981080134,0.5165964296682336,0.565921304106878,0.3625650199697423,0.08983609561867861,0.24525179765160182,0.8834665948670292,0.32870999429085357,0.43325218683238637,0.132616364463444,0.3095625627972301,0.5656765426979231,0.7882496164828162,0.27976758013612824,0.5221532264380458,0.6659436333479156,0.20688157194633947,0.6604027831044705,0.5523129851854773,0.6576390409212222,0.5338609634797208,0.940816696746101,0.8856384635891326,0.45680507656026226,0.21744033178637123,0.5158058156353046,0.7311142447422713,0.5632511544645336,0.4131647575798618,0.3770657667871569,0.38200085643108106,0.5534477380909273,0.4650662946123279,0.4719624321723819,0.8541147229566493,0.4404509836454541,0.4650044987570289,0.07356542427765116,0.64792708054441,0.602433771568167,0.4002349897072256,0.23506468836731048,0.40653606806555925,0.7084867527275291,0.3625534095725223,0.5530108955056057,0.7245045515304573,0.47477353085450374,0.7376890870677141,0.5306753924167927,0.058834527389158064,0.34414317807209277,0.5189848157365661,0.8016193708022618,0.30693804839779343,0.45038840146538955,0.38159872548036655,0.4630616357719881,0.3995341755307306,0.6287352605436802,0.3410916660575728,0.9301339554875627,0.9318749222698712,0.9086710112973386,0.37623678996516274,0.24188718761114858,0.18033466819985622,0.5307723461782484,0.2198423890716191,0.41898392906812043,0.5578758400584383,0.6586235374358707,0.43864371153722587,0.4861146733968311,0.3101820940865829,0.5896645024990633,0.37617231218286956,0.47925471355349397,0.7754470193988018,0.3228203956421192,0.620046599053144,0.3302291573716585,0.6121828416768377,0.32678603395444444,0.46297814576261886,0.8286402964507211,0.2532076744785038,0.8129996979152444,0.8718642261238343,0.13287339506193663,0.7680410645073852,0.18564870209131756,0.7043687980095082,0.8352123944505874,0.4373310008312903,0.3294087606234984,0.5293352267844346,0.9354312560481202,0.5971553461421373,0.5353070473341464,0.5153000039981499,0.4871945289531407,0.6348670616797255,0.75358961208236,0.7628094682707772,0.5035689650490879,0.5694858521848777,0.5208969756043856,0.8983702253977042,0.4338632754879761,0.25080769189229973,0.27000328388559025,0.44450827949268384,0.08946954489594072,0.9994966438193167,0.9003566620421051,1.0,0.2833804690845934,0.7304920370626846,0.9553445298120211,0.9272551762600693,0.47172842833297174,0.9033320247229455,0.5874717424819865,0.24728331353778668,0.1860993495462276,0.5445723910453154,0.08986387570527633,0.2871821565246611,0.8500899329364113,0.9403310933768201,0.18406000374084502,0.15975858774539284,0.4597733281461415,0.6422935209238264,0.320624710749226,0.950425904550856,0.17595898079257408,0.3200386793189724,0.15465579520538883,0.16639228193966882,0.08570640533213579,0.09829257411328554,0.16337523464056142,0.09688320748485582,0.6570206914450425,0.29677253199018094,0.5850188995339394,0.5747124712276085,0.9298774165003852,0.4360803609228975,0.25497763034371157,0.1958635690238455,0.28563260561683335,0.17104742018379102,0.5625731321738661,0.6403352616691362,0.8148809120548064,0.8272312956750637,0.4562940717569359,0.7929436514464882,0.4331956765990995,0.46532376165514683,0.24084494105809023,0.3230262074426095,0.35773444916591246,0.1476575985846705,0.28211037577432874,0.8602508835086489,0.49762801343454344,0.5637732565252983,0.37571963370542505,0.803000744467546,0.8563556377914503,0.8181447302506951,0.9209135481144229,0.91105595896398,0.29722000232474993,0.8534759362671303,0.675908329713331,0.5950980446301029,0.4784573985748519,0.801314800967809,0.3095403411037287,0.4733607151987738,0.17698816056859396,0.3602262481148199,0.2796766288983428,0.9090614858339942,0.7618509808611792,0.3887585646314914,0.334666235779238,0.563051932682196,0.35253220033662336,0.5278780261684273,0.8031402642152846,0.8158318769839489,0.21852177032219813,0.5439501283352257,0.8381969116036526,0.5341564998841338,0.6889610126338677,0.5181766096920193,0.5405286807364866,0.4387740158262703,0.8763271804027498,0.7723929436455854,0.7308436508822242,0.6782401141284784,0.4351575284365431,0.8790862655814103,0.9170187003499547,0.4625574909909545,0.9075484298361958,0.5418406953894465,0.34130562541476667,0.5495925310360344,0.3183240673981563,0.5812969393440399,0.4289762662300447,0.3741479308212711,0.5219529003012118,0.48587134469604315,0.454146526272903,0.8355864088942176,0.42141091361176325,0.48898371138804864,0.3809164615728817,0.46532475562326997,0.49093363986430566,0.551761334026788,0.4456812049037442,0.010504617130610612,0.7220716952501883,0.84691238892978,0.8707999805312417,0.5422674080248502,0.8618553506198323,0.5487926785765348,0.411311841111109,0.12495873522282956,0.5862544742999535,0.4067005223007684,0.582073561833108,0.27567127580598166,0.5197819131717514,0.2663361290519807,0.4009874040704755,0.532941805819437,0.3174991728587164,0.39231652750979035,0.34559931548825823,0.6121895572214016,0.7809242483582641,0.599605504845365,0.8280336692043152,0.6523926653113022,0.35683803898306643,0.9093185826822229,0.9096752459960746,0.7796847696760498,0.6781034301454824,0.4508305083325564,0.2649440822419461,0.2983896673505422,0.6448393683443319,0.6194577101387758,0.4915818799508955,0.5128246896430009,0.27758108212539734,0.4603775783480756,0.5054645990587909,0.7754332152316733,0.7824505139647345,0.6126359627124893,0.3227349356666468,0.8188304777676239,0.6908949567295888,0.47092940512822307,0.48045808361844694,0.48736168609146685,0.5428753129791474,0.5160789734038396,0.5470342026172278,0.595330621999343,0.407951270273962,0.27628960811889014,0.26900566549226934,0.5477267605812539,0.40523762120582074,0.3106504374251553,0.6616902709990401,0.6577935695993854,0.512042885695452,0.502788244818468,0.46385050724643934,0.38434445081224516,0.3944455966643432,0.661985833146341,0.9188888722369105,0.36489507996794046,0.7454761854525787,0.5969659656155664,0.6540981691676827,0.6194887659537367,0.04681778469079241,0.40047715032029396,0.3836127081016139,0.5931163448774877,0.4620789878332245,0.27808329150330224,0.5865694064516936,0.5315841625019888,0.43453195683743934,0.6105403308509637,0.7368741365728425,0.3866992883089007,0.29491291311767187,0.584374707022443,0.5823285303231888,0.5477651892571904,0.32528478973230673,0.5413906948970507,0.6474989188272486,0.589266336028425,0.5957520215298542,0.9112575325356327,0.3380148130040991,0.5525641433588845,0.6555120779394984,0.3679671334104044,0.19353282381978873,0.6659899198673528,0.793869468772058,0.7854213018036922,0.6658847236049591,0.9231339122591985,0.11947429794646797,0.3857147688370511,0.24033045735317363,0.6037022939607467,0.7439409178805533,0.39928637488660607,0.8916423996907201,0.567145027241008,0.4521606635655964,0.5920527048723099,0.6178275202493545,0.5747688587037347,0.3644249168501304,0.6304261448864382,0.9290307017439164,0.5214188144090703,0.3106649446034006,0.152616987750796,0.28897691711769974,0.26892706791434107,0.4535942594508023,0.46928563249471966,0.9601674598311023,0.9789088123522677,0.07910181375745948,0.29750668897989685,0.9130990606255083,0.27430037731973633,0.24715296207608162,0.2771686886640968,0.5648303988826426,0.6173323607989941,0.5775323110614432,0.5787087110613501,0.6896957878361656,0.6642405626197408,0.7642517415362746,0.41274383253659525,0.545755550631312,0.16835660006070813,0.4130374210915935,0.5618500341570977,0.8186459122841615,0.7946729312125829,0.7233541952704899,0.6538151574838816,0.5328520469301189,0.5429685071752041,0.9329446423759344,0.048572687657152946,0.12110625954645377,0.5818383609935555,0.5821859059410955,0.5672716675651055,0.6527181326312588,0.6082383267495362,0.5677797863481963,0.5522354389833763,0.5893780431224482,0.621958519143468,0.48362077129068565,0.743924852233511,0.7084316071780506,0.7058922964714457,0.7284602309105347,0.7165732866345077,0.6671662945777537,0.6592060556406208,0.9340438438727474,0.894084146269985,0.89892758273194,0.8593728110356653,0.8935894417052522,0.9136556295282924,0.3394525225863074,0.06963049726035005,0.927141271515758,0.632996676367335,0.7138060363028467,0.5443432191113845,0.3541227991498781,0.9486007353954194,0.0,0.9302239990302036,0.4593928890666037,0.3560132742013373,0.3682699757461439,0.5877899386289159,0.4457366904962758,0.5670591768361473,0.43027326394771387,0.42009347205038045,0.4607677028974308,0.8891007380367661,0.1027865312794091,0.4427394354708949,0.9477755623887884,0.3446339792903446,0.8908737016735319,0.9029428050109359
27,0.5189469417470074,0.5054841437439591,0.8623472460975915,0.816734377934053,0.3902363369567664,0.7406717242237487,0.8469513387125349,0.41250872260280086,0.33331629002698165,0.34940813405612275,0.6842916230014453,0.3972376869371703,0.5947638046986603,0.7589574798272675,0.3022580757132111,0.8959821740914896,0.39622264905734506,0.8771790542589676,0.4721305326309587,0.1379168365494666,0.8203038656789103,0.5333350576765308,0.3789575745920115,0.52840824009474,0.43379027922005786,0.5685978349994028,0.3034043194674837,0.7825068951509225,0.7555181851640361,0.8167205110809481,0.2712196510285588,0.5595871990916658,0.7521256811082562,0.25120215256314155,0.20412994471556228,0.5550010113101775,0.6078261052906814,0.28640900505238803,0.5745927598548267,0.30174718120306926,0.6949362924537061,0.286244089621629,0.6009142137327057,0.5331791728381597,0.8872756257577018,0.6814017753025878,0.7425638436577416,0.5994598139062044,0.6707985577339083,0.6446759346914184,0.7314926741140696,0.6173587059128749,0.5988755041290079,0.5485384284818521,0.6004407056953541,0.4196369639881253,0.7174609477898771,0.8054844084179503,0.10495288939544374,0.6916747017579447,0.6619500827523572,0.20364884305398526,0.6354997606113251,0.1941059591754489,0.2638154869624935,0.06008641133600432,0.8515258995374351,0.2201514473819818,0.8114502056699284,0.8435584947032697,0.4235322084820323,0.7060726643166491,0.3303824308134261,0.14561878696337524,0.6484378804896591,0.7634260984636853,0.4128908077848542,0.3685303308323354,0.6876025762975462,0.30391944593667003,0.7941657379282376,0.39887969021394915,0.6163008027774758,0.0883900370062453,0.3860519516884248,0.25905487357005635,0.15173668743653726,0.45522149557242414,0.8986558521476328,0.7167990934019578,0.8981002314725168,0.5501294455170644,0.43014486884530845,0.8926543469251335,0.6595958054629395,0.42636073039005346,0.6926024891449609,0.6150596983899272,0.20636679398592322,0.5660059346283404,0.08978626185352,0.48540078866525943,0.9117610634174729,0.30612996300669043,0.747896272683968,0.7605485027102715,0.7694407405560709,0.3770597891930906,0.7724102078980037,0.894938076168018,0.9497448081666625,0.7090493260006445,0.4018894226366026,0.6118162145743289,0.25784154050864133,0.8186195004807202,0.28669470335042574,0.6826960046516106,0.6654671318814885,0.2026504565829197,0.15103261742994878,0.4805022832309328,0.7022300183390888,0.634172037214406,0.3676630561356089,0.579363138065535,0.7618044608728275,0.3304540090599728,0.4304459845374275,0.7477203033022783,0.3733792944343775,0.3730800407400949,0.613454574079994,0.5317316949772417,0.6915520721090926,0.7372341403206495,0.14652436859280116,0.7298718853370102,0.3660365393667119,0.7667257554322907,0.6358709327493405,0.9506222025881522,0.8831139931545201,0.33792874718398025,0.06364560746827168,0.6630958922675272,0.5962656212539562,0.6495962585465465,0.3545094915568558,0.19625727085100736,0.4907724352926145,0.603204891592566,0.42022675300726003,0.42427420662975474,0.6943677981297943,0.41155012433632765,0.4439165459162488,0.26960775896716693,0.5568652137531632,0.5608694444406854,0.6109242985873921,0.22966269758289226,0.5475139840809303,0.8337477153829363,0.4302779788047603,0.6386437975112073,0.6406727677106013,0.9392405232432885,0.7274738950234476,0.6361140820291499,0.2654696512071696,0.16115735426513653,0.6148970433630764,0.8116548607972154,0.49843771973409945,0.3095278280523571,0.6479955111520914,0.3304188197010286,0.2797590287523334,0.5744389815776733,0.22513396454751577,0.8951833949004441,0.8865242144780144,0.8816464266304785,0.4648666797504368,0.09001530063837422,0.45211661443096346,0.6259444230029881,0.4629523822365249,0.477378449017764,0.6990413815939096,0.3673018999942714,0.787591853702895,0.2797668127502076,0.31601716083081244,0.7861412038592202,0.610264003641792,0.6672388573260747,0.6655275939054153,0.23969204535887859,0.601224593173966,0.10079450210857355,0.3036319844795329,0.34337060244620204,0.30428464193324556,0.7581078030824802,0.27239706287396737,0.7465806139211375,0.8321753934222529,0.47618090575421196,0.8031563743374609,0.5268628041245679,0.7157930395191116,0.6349351222708234,0.2584185168349564,0.29680937939817725,0.5212423343718284,0.7749440549415718,0.4667519353660227,0.5755599651250214,0.5321331342425192,0.4351454184116877,0.746266543711404,0.7087771330360726,0.33641067104742384,0.550614032817045,0.5781384571681364,0.5850741324905573,0.8573975795095482,0.47087497994519084,0.31711907557464664,0.4580163385525079,0.1770083385333487,0.46424665546225125,0.17812509789676176,0.8919542299570085,0.1857923203908624,0.2813821173323319,0.7221820037661697,0.8339778516416744,0.8831862326513285,0.5911207329654634,0.8785208822394762,0.6495564533655833,0.2640583892952521,0.3929632588438193,0.40734609680342376,0.3637655505459104,0.7001615104820729,0.8120557400920695,0.7964714843169114,0.25796358537300457,0.3308891771086725,0.6648558696644009,0.6900092431603918,0.2717880585552091,0.7977598204818905,0.4510006621949363,0.41266694786727875,0.4322088259321654,0.33108466644631024,0.5037429671513017,0.48771321862133715,0.18128218588858444,0.4667454000492432,0.7158036165128173,0.11582315740022969,0.5085309390858075,0.5045282604958485,0.4876691593435555,0.5595610270215148,0.7077206343949849,0.6703909847618084,0.2679546899645348,0.2538561576879135,0.6538261045937744,0.6456477873629044,0.6930646776497367,0.8116707031911554,0.5362139748662418,0.7029192469934687,0.4715786073391255,0.4506946387936367,0.07256314343296807,0.3385870299653769,0.3921419003660513,0.27160479602125986,0.43157186674274667,0.8286618217136068,0.41132849711510766,0.6885494516282271,0.8439346264836883,0.8814221665867923,0.8688346127756388,0.8030502304340927,0.8804205444726114,0.8961439777796887,0.36184743731379393,0.8898314966462287,0.547816345932436,0.6037085584812406,0.6036259213997862,0.7585884458772736,0.4003203805082204,0.5623583111361146,0.20617946389743802,0.4691722449701474,0.35832876525639806,0.9155696814607037,0.4828793555999765,0.2926275408686692,0.41862615083921506,0.6782652374275434,0.2834337236563407,0.6483117811714133,0.46498365272521364,0.45595855487275744,0.32343598428990894,0.5983152472258009,0.5882202822400894,0.6000976303361232,0.7719815757029094,0.5439453514711122,0.5612152813628198,0.4607334284588772,0.8760559264873302,0.39990775531268496,0.36042966684387107,0.6454282247330694,0.5270539875735706,0.8104642942887668,0.8807518956023606,0.336871404076386,0.8792428000849366,0.5923405976937464,0.31348230993320103,0.5980895260168276,0.35903235035782827,0.6140909725899181,0.4687964127868523,0.3517619316844699,0.5092475804689988,0.5666723568960311,0.4569340891429894,0.8063418332163904,0.7561318825720303,0.3307146471929099,0.14420106114644474,0.44712079065068117,0.4634871332492095,0.31450004704247125,0.4042766174780514,0.1531141719542019,0.7092799767203268,0.9029146109532654,0.8918861228835268,0.7827512805801644,0.8930605211105422,0.7558854991277066,0.64369353370885,0.11518475249827324,0.7871497665023659,0.2400417610738506,0.776668922178176,0.2559919920793055,0.7423829216427285,0.2944988680608794,0.32168128242671634,0.5308876141067751,0.23183884205224514,0.2738984823247238,0.26314826503166666,0.7349339175192342,0.8675330566055534,0.7757538419107795,0.8489156048012466,0.7019756563710685,0.37221748242259406,0.8788647040292332,0.8597919188704521,0.6447332724633591,0.6194858074782287,0.6837893016074693,0.2800913518804323,0.26600644701866916,0.8078512005883731,0.7919859872200892,0.766808006298197,0.7574189487289414,0.67283785947275,0.7502525514507852,0.7553719089509978,0.5812069699024804,0.9155802643215092,0.23317316812426703,0.2892877765486151,0.7648537965509165,0.6342883079236914,0.21965463187852718,0.7795126243474444,0.7963779885384972,0.7699821226413882,0.7552236605691524,0.6766784017770705,0.5896002658476798,0.33942053262846966,0.3611967922789407,0.4053603836520606,0.5513370889348888,0.3937311294141368,0.36885164486116895,0.8652525685063839,0.8705225566484485,0.8022396145151162,0.8038526069886255,0.7671508576058693,0.608719511465455,0.8060533073919236,0.8672770405694673,0.8930848190676035,0.8077395128360861,0.8960680713740403,0.826896733426716,0.48555396190938394,0.4927870036399394,0.4189736806501321,0.8110015223710023,0.8203757973853845,0.8407325436788232,0.21650383705103776,0.6779681338926974,0.8051701466260937,0.7766903409723647,0.749269895745268,0.41198199665181295,0.8982093824091146,0.3656069209960989,0.3162002407375975,0.44469413464989044,0.7158662193634772,0.48373207202515073,0.4019040705413858,0.41936109585316383,0.7896373554543507,0.5899983347573524,0.5206660328867763,0.8902937100632151,0.8262860798276153,0.5463155590976425,0.6248253909312829,0.19711252720938166,0.5453537216816784,0.7085052513818282,0.5769791335858002,0.6338538922453678,0.652042387134746,0.888591746445378,0.21975485709549847,0.4711864949291573,0.18315923682982158,0.7775271975945334,0.9510614158685735,0.47806657330080954,0.8944194846417184,0.7180275377579438,0.5652726407019024,0.6880956431969754,0.6416796271780049,0.6035411931260969,0.39379189980282553,0.6012416308128556,0.8981228377762789,0.41594129928571877,0.565164137487121,0.37598411400220316,0.47313144865516876,0.4441944812866204,0.5389139165261116,0.5495570089775953,0.4206147996623658,0.4734831619837988,0.06631000264707534,0.44544749931247546,0.866242286821081,0.4482693892526545,0.571721067102026,0.6099480624463766,0.6425683476719268,0.6461419173390044,0.5738739547246313,0.548836200998191,0.5639891627990016,0.5327883778393047,0.6066114902250858,0.1527556636082217,0.5217775859707213,0.39363730160560123,0.04478707256714425,0.7072072731426936,0.5389892083989409,0.7578994752715613,0.4690243983202262,0.6933786386618,0.6406036988500113,0.6699226847078484,0.9089376814787601,0.5491419003962913,0.5127311453415405,0.6321009382492554,0.6050003433419562,0.6299294732530334,0.774902297073726,0.6619575312662852,0.6331084748991409,0.6174871498449613,0.6658117437547243,0.7404217667888899,0.3580751052723915,0.6214097754245087,0.7722320785131465,0.774995834204995,0.7862973020490699,0.7417982665460701,0.7906844742078138,0.7572417828198261,0.8664150164027785,0.9408538935281665,0.9042556816823684,0.8555820136424064,0.8615701702038032,0.8989532667650539,0.37070497000146146,0.19281229656440768,0.9107270186330387,0.57651037918352,0.5660252594475,0.3968931715751203,0.4065793351163789,0.8939182106496086,0.47139080840598385,0.9056308262033903,0.394304378591859,0.7116189498214921,0.4378566250221211,0.6203143789401139,0.784813165918528,0.8273405188466054,0.19421155132033063,0.4424872169708293,0.7690267483292573,0.8777272788593254,0.48758417488130823,0.41146518937267323,0.8973901462940327,0.2865574121394671,0.8712111059960054,0.8974562263866862
28,0.517613323192432,0.5432391419063096,0.9467404861867075,0.9047791992797546,0.29057748587769017,0.8171121626647383,0.93940976634612,0.4287578123321157,0.7422318253327986,0.4226839461914481,0.8305924300786791,0.6837598031202782,0.6774576214960896,0.7690191212306471,0.34768028395819606,0.9604667051568574,0.5511056266066303,0.9674565673066108,0.24103611264289096,0.25474820285671745,0.8694017816820284,0.46151413260714697,0.2954235434878566,0.5989663620224817,0.41644567437237273,0.5392108494016714,0.4995747034001242,0.843822728128903,0.8308231604807012,0.8945202452796114,0.3196794155492579,0.5487265081532043,0.8502835250029215,0.3129557158727859,0.21478661049786044,0.5298839440283705,0.5781005479363402,0.37171405974554805,0.477319091982949,0.1993004814840261,0.48522892623894187,0.1997777781964989,0.3171069187957493,0.29000819135290323,0.9582748711433938,0.5388971945323393,0.9028636581298018,0.6039653419808428,0.5576333002003662,0.6838115910313717,0.895567039610037,0.6192737516370103,0.4319343151273654,0.5273703544306104,0.5878871946321522,0.540001662029786,0.5321013574893119,0.576875092914786,0.2776518455596578,0.49155572248754287,0.21126327378277512,0.1760163706486801,0.5148046685947248,0.12013180341955751,0.38308404966870985,0.14990798892501864,0.8569243118021962,0.3606133490617252,0.34384890008697677,0.3147468492405964,0.4952524084719566,0.2338951913363668,0.3469827159377987,0.22450322506918227,0.1460134472285573,0.6128964261414701,0.19843179820519294,0.2856067210586031,0.45109621591302873,0.4462993782424865,0.8467965413101054,0.4995137854227913,0.5488926715557794,0.1641862266807177,0.386335837867394,0.27077578922023604,0.22716794254316552,0.5884757310204758,0.9625644765507789,0.8509797029297266,0.9293603923581538,0.21156419724420075,0.4110410693136517,0.9116038507727207,0.40718276414267235,0.4646523226167242,0.8472470897108328,0.7046314531136063,0.26142128144774474,0.6551699952440235,0.15108047860603468,0.4575799147799619,0.6031047503929592,0.5255680084970442,0.5540156446183254,0.5397391525632302,0.7866530012968831,0.36601785947195514,0.5411222493019848,0.9137415668273634,0.936461166346617,0.6679315631363647,0.4210577220026325,0.40903189217883035,0.35746409957196223,0.5224230235884919,0.37840464351473907,0.13746841402421767,0.8452075502884145,0.36360748931052456,0.324312802216778,0.4125549439372878,0.7559628057730235,0.46626595147884686,0.4870476349026779,0.410185554215861,0.8805015067048808,0.3453109952088079,0.23940689536604617,0.2514424475677375,0.12494479532198384,0.41319430481041053,0.7440912704884604,0.3189420126690455,0.7031688532841706,0.9354119396459157,0.15379799424333998,0.6745612111333357,0.7410889969892315,0.7665325849633111,0.5573520652664896,0.9581399227223938,0.9036995923142931,0.4198918726153928,0.21683535943009283,0.6360460789219935,0.6656828038163127,0.6581146827631263,0.4027148762373218,0.18287486933932795,0.47852059186428336,0.6895489709685163,0.7456955781292306,0.7411070578537271,0.8510315523047162,0.7365579766550873,0.7364572391514592,0.2134533148730426,0.44321333836732774,0.7480852624084915,0.5306276171063696,0.21464258140705894,0.578001269533639,0.8477739967518054,0.3639990002864113,0.6657207851447323,0.9179969179904257,0.9667920135718883,0.7692523183493801,0.8490092994428569,0.31803197284178475,0.2224890724696754,0.8591560644217998,0.7835100986333384,0.86937471251163,0.42828933765590554,0.4569381014652809,0.4268383247976045,0.3454773447886082,0.6250893853221935,0.687378312209505,0.9604585354060001,0.9505354620648244,0.9551515412638557,0.29540015066136704,0.04212696489749869,0.5748335970469555,0.5065656399778237,0.5820900930510696,0.5924945486200127,0.7209513240533723,0.2549564594276838,0.77882538835799,0.21223999627196416,0.30615760007945875,0.7544052891173367,0.41548480065677607,0.7208852974261469,0.6276677951521448,0.3199837528891709,0.8751930373428697,0.14648017330297017,0.8696036093756719,0.3699442463094041,0.5071795333763852,0.5805921236316087,0.2574499460191436,0.5475762042085448,0.7979382573233923,0.7661586044193143,0.8428257644145035,0.7803132214836042,0.7621349915359538,0.832831919587661,0.35015897488011466,0.20315599040969076,0.2860480977407544,0.4480552978649892,0.4224059167928892,0.5548718732883823,0.4758101804266097,0.3686538713109324,0.7766026974139816,0.5813434971631877,0.5705958891067758,0.5539463920493334,0.830036409365931,0.560519554104325,0.9273901411471417,0.4809078583528683,0.3687416219794614,0.7240392741574219,0.2731256549515517,0.7075643420723451,0.20975217302223584,0.7456574931386795,0.2687214742546433,0.09601944213327188,0.7206411581445411,0.5002071726732801,0.9609307386976348,0.6171578167182645,0.9606355570986653,0.5214550640797704,0.13498582572637657,0.5419517334627415,0.37416823942911237,0.5298657192237776,0.1820427532582524,0.7917520939023954,0.371705731918014,0.3573768969484734,0.46227502554429084,0.5687386979226133,0.579193320534133,0.3428858231424656,0.35719892742229836,0.7560740268899508,0.2990264175712586,0.7254201178233569,0.6939790960231796,0.9000790919868935,0.8962066044639814,0.17072246596749285,0.891951927332485,0.6928416349559725,0.20181953764981464,0.49397449069418653,0.461951378105967,0.5181029625321988,0.44808812666722386,0.8059598556510107,0.8057563595807389,0.5340937030575141,0.20849435232394936,0.6661817270325125,0.6025776176084596,0.7381636145553377,0.7573807642579768,0.41464795025900897,0.8333423958148389,0.3611119745974563,0.19943331744790618,0.42947083297624583,0.22725584149898445,0.370649329307974,0.2730119722068221,0.7505596918232138,0.9209856451601699,0.1958161824948481,0.7453056529385961,0.8923640916516477,0.8944535442878419,0.874036050983234,0.8017808439954532,0.9567422815472165,0.9436376815249758,0.3897637245013397,0.8816877911893547,0.5256622108149,0.8147588937080317,0.6292729365792317,0.7418711487991965,0.25068239808608594,0.6538713430747689,0.5414713664041532,1.0,0.2045871751097608,0.9114590248131681,0.6315580730450697,0.2309006541423901,0.745877164821254,0.6366449783279279,0.2659773218542256,0.5483655567619026,0.8255273434453422,0.8289068077505651,0.432303796931518,0.5948357119173888,0.7033967732099932,0.5823550786026505,0.7451991276082771,0.5668995703981122,0.5993178155491161,0.37804058888615516,0.954491686902406,0.7059860933512273,0.660548289654457,0.7951114041461971,0.7573544887660337,0.8809995356075349,0.9571370656744288,0.42490273546887736,0.9404537986500873,0.5887098698381641,0.13772645090034522,0.5903187038536318,0.19933299911761773,0.61666977718936,0.48678057382058615,0.40638345249498725,0.45199228835072797,0.525803846125624,0.4859547842433706,0.7681618882742971,0.871608827214821,0.5325567087588723,0.4562524905208854,0.5020160660613442,0.4633497457633126,0.6377407562983585,0.41909174939893035,0.14342187177057514,0.8689850153556632,0.8733446814755518,0.8750586162751385,0.5177253140737943,0.8307627920721286,0.5217939265611067,0.5162376881803099,0.13495661228202438,0.9180410213040215,0.1842131721505817,0.9119805819226946,0.15206521598775746,0.8832331545343208,0.322619102052813,0.24354511717753521,0.5321816429028049,0.3489324463487679,0.17424290330821837,0.1453205871145183,0.47736557427488613,0.8450104685874436,0.9246741578288555,0.8058685342580367,0.5332016463031299,0.3045437672635713,0.9508448983633961,0.9392502965088176,0.6320935826244969,0.5263385151997422,0.8316056935473642,0.18308534758992018,0.20653856217511643,0.7017528117370261,0.6878144619525483,0.7574546478172506,0.7584179541659306,0.6412830256271574,0.7454701494814613,0.7589732958185504,0.46738132676688254,0.7733356437430847,0.5813777279597023,0.1175706318941091,0.784405319951374,0.49866694809018386,0.13987240468727757,0.7238586046766659,0.740270918535964,0.7278493346591735,0.6344435474984387,0.4869942410843818,0.45486323884422347,0.5143953146390688,0.23667422622509457,0.15376917687997776,0.4220191343580214,0.2772865427594065,0.29091523248157575,0.7908181916153699,0.8004337102438484,0.8402344272655908,0.8026189283793419,0.7533393690348749,0.614739578923156,0.7661998504732979,0.7722235150404687,0.9636203023453876,0.7512725023427496,0.8012969975631171,0.8176674751989834,0.32290328730764567,0.27649211232652965,0.3734967889671735,0.7780358994591354,0.7885938192105,0.7594445106897404,0.15992637750232586,0.5220617803831064,0.6732754843180124,0.7752177255197809,0.4632117013769299,0.3003804769756119,0.833512625705951,0.27549865417587266,0.21105355603430748,0.5543076098601202,0.7721187037603339,0.2664359380093696,0.22630782119439216,0.4841294327752588,0.7894127360384741,0.7686084817302964,0.5095563556970878,0.9615136063940549,0.627335604729372,0.5079411008476747,0.3828062029389874,0.19907690919174673,0.38353937489750767,0.6762601229685167,0.5798221150814402,0.7240731173344502,0.6894000066508736,0.9613029883174711,0.3327126132309254,0.4331245470569664,0.17996952425733087,0.4525385969778115,0.5819420517516495,0.2871869338237662,0.9371286679356009,0.9028902993214644,0.4355657054345679,0.3430337257929637,0.3071633949666828,0.42066188167703805,0.3377350603611005,0.34296389015520173,0.9608951284978247,0.027938299009093538,0.7973695887013897,0.7646408852067692,0.5735549352655896,0.5561715595678509,0.7107977079191333,0.7057091211486355,0.6503008959768859,0.6867552299246507,0.11130575923001455,0.6688526504642224,0.9644521956816297,0.6515183005162221,0.7107871267473405,0.7085553436089342,0.7114846109252921,0.7116157411881374,0.5311617653759163,0.525444284479077,0.5014943416992549,0.4529859077097553,0.5306626123253385,0.4481488579270033,0.6193608754300245,0.5238766241608453,0.4253133760441297,0.7719037510952272,0.6830928152330421,0.6706959079603415,0.6775457910365241,0.8404676806654008,0.743208962825373,0.634691605335657,0.9706439379170791,0.6942476575246556,0.758146511734044,0.6229587622078868,0.8751229688947788,0.6217533946660518,0.8253290769837317,0.659577744892149,0.6216139162463148,0.620596997756103,0.6643790099841108,0.6586131785803124,0.6168814752936188,0.6642263103145004,0.758814944826577,0.7601068676618533,0.7536590090483208,0.7722650071316366,0.5927665050301565,0.715929989055737,0.9655213669650379,0.9400993231724989,0.9271793791943862,0.8526504478268649,0.9388873674955557,0.9331485141405583,0.18724159959347528,0.4772250810946456,0.9631392018587998,0.43865040373737113,0.2727174402916864,0.3938015852894268,0.3478750249336352,0.9656906661326279,0.5240929048148227,0.9646830514643072,0.2584185481718895,0.5496108035411068,0.44993303194274287,0.4467186262308018,0.7104848117465343,0.8197824372733746,0.46746033223457734,0.4104127294833947,0.7079587203901001,0.9649497489696168,0.5179875071455795,0.42367721842593997,0.9664714076013504,0.4015543849978319,0.9135730369231935,0.9333332570084983
29,0.5236371522159989,0.8275226533426259,0.9664724761182272,0.9184361387220163,0.5037690557434672,0.7360357543545215,0.8085058741324246,0.11287039699954111,0.32357747299215106,0.21386839677921948,0.6340646278760977,0.6042383454001556,0.6285566262150445,0.6753051059308506,0.3198012609493064,0.9743123381499745,0.5089657517556612,0.9401548745841868,0.30954657482670955,0.23751207963043977,0.8770225329947425,0.10819256051799198,0.40186988325156614,0.5647107866957074,0.06199901068600875,0.03306287460896716,0.3226768384910682,0.7664251406736128,0.7569914939430168,0.7436353457366852,0.2843421034027137,0.540516599634389,0.6657181664515401,0.23240786559596105,0.1579303302736728,0.5024416404844889,0.5843186200049514,0.2963046722846508,0.3523941970754,0.4155485932558053,0.4718367921004275,0.3288030726300083,0.24633137553065354,0.3222701675791161,0.9751265821125316,0.620952206548857,0.7931434849293368,0.6334639140340332,0.6025064064205381,0.5135109386482042,0.785211672249473,0.654628999081729,0.45600673391214536,0.5284654419294185,0.6199419283036922,0.4878467011498783,0.3653523824239424,0.445891642043154,0.3578082070374701,0.3327044374730193,0.5908737139092322,0.2354169658875617,0.503302471412225,0.10965485605563448,0.32535627310085713,0.4449502969261194,0.7415198805092361,0.7000454490249075,0.11564570605580694,0.7631998079292693,0.4251145205700717,0.03311158609805365,0.5609342430884469,0.1561155135786045,0.009272555476538609,0.6103842676041168,0.10215576026210367,0.25300549799026795,0.4226425228880069,0.04850303741934942,0.5431024163441632,0.26501872697584594,0.5235434081391122,0.0010691955686739291,0.5827197264746132,0.27344129343975426,0.021666011194236497,0.5519882671192873,0.9777506146606381,1.0,0.9611176279337427,0.12108264516511127,0.2802426142994769,0.550449303773616,0.36394654958446093,0.5154516526856421,0.733399330211561,0.5140721576145573,0.1776144327923728,0.4272166860894623,0.04603955796500787,0.4591958150366493,0.4401772232185532,0.23565576977522165,0.2820794774192451,0.27957887884403776,0.6181275318167478,0.3451126422924289,0.3377708747136002,0.5316339434534626,0.5086356016486613,0.5442189946595749,0.3848562661211683,0.4205806214757201,0.2871263285896372,1.0,0.3192327030371631,0.017528738674517763,0.9949817211789257,0.22251226081985706,0.1267047868882505,0.6811162912784227,0.6993324279821032,0.4780549111376958,0.355738235016839,0.423345917827132,1.0,1.0,0.5831096707810902,0.03304791841849956,0.40655986756559265,0.6086457349073389,1.0,0.3010322872896161,0.6668163773194599,0.7400299939607384,0.09940158132328934,0.9135041050463222,0.33595737564496725,0.6188188568677383,0.8803972445395961,0.9310437709977698,0.5365263937718113,0.3529775967720438,0.11260471776162981,0.6694960459129699,0.5518899007356982,0.6356846459963348,0.46041227334474666,0.32340911754672197,0.5720710455202693,0.6489765849906304,0.3844876704283018,0.3884417178306206,1.0,0.37339958803145007,0.2491334284665788,0.22156782317813345,0.5454491625001627,0.8412093302965636,0.5307815880689712,0.22473389257171264,0.5365228369838683,0.6897098989636016,0.5013684205485504,0.4877678933130814,0.7048352597019686,0.5033526764051649,0.7557646765843566,0.6391357404210378,0.30140877550330614,0.27753789417049746,0.6200809141601556,0.7415972102073497,0.48777779375860725,0.40919253389330507,0.2943101228623902,0.39297324288518215,0.31285278220286417,0.6322435262196499,0.22993542040494006,0.9748229312815864,0.9700244467070247,0.9613078414299527,0.460253327136287,0.1068425186438715,0.6755318395077857,0.42239070652592414,0.6705005277022601,0.47327088212202356,0.7475516267613191,0.26722038515148505,0.5345472270908396,0.20579845816355083,0.30584607519539975,0.5307472603412882,0.3806953369307607,0.2961927055189316,0.6870692981827714,0.3646915025033031,0.7047722419847429,1.0,0.7066087772063521,1.0,0.23320798760178357,0.42621889313935435,0.26205572786718057,0.38948981892016854,0.848624771198887,0.45412720574112175,0.8366009925058014,0.5103370741859368,0.6084261128818815,1.0,0.35557546058257755,0.40348204068579197,0.559424766063454,0.3316222294270135,0.4442180917259133,0.5597327117696197,0.3794451889520461,0.3668086079976876,0.6434905512830389,0.6758752298751521,0.859291293984546,0.5358011373434041,0.511299441008556,0.536205701005289,0.94089358058766,0.3094574629217966,1.0,0.725440314416382,0.33029870197025624,0.7180427824870902,0.2071318165249009,0.7582876219622429,0.23147866874187212,0.0634021515211139,0.7097708733970988,0.5109139347670366,0.9795644315805874,0.5947069669077827,0.9691833107411468,0.5615202559799883,0.19861107243719872,0.5320069871590878,0.36082863848721863,0.5117627853448976,0.46041122110755256,0.890612391394797,0.26748066675793397,0.20635470268718523,0.35230871672403163,0.9655024624188245,0.0848615710891859,0.3392284866934502,0.2292875713856239,0.502792917926991,0.3472548338434464,0.479538041745351,0.3557884846985774,0.5414974230686497,0.5202581047314803,0.12750436190207984,0.5135729205768709,0.6753136926999248,0.22805174499398076,1.0,0.5358462577371349,0.5933149062056563,0.3922034763580984,0.6071517517967349,0.5772506919747106,0.29709530993008804,0.24505583167812503,0.6862384405511968,0.577275832868004,0.8467718503517343,0.771264271900481,0.34069346988097204,0.7731811658427605,0.4803851617337838,0.5094836150557777,0.4277285980476149,0.2472898938134696,0.45264548336993005,0.31535213334165124,0.5599879947832783,0.5852445807043394,0.527670393473082,0.7492693005465593,0.9217967467281359,0.8960670422908203,0.8671358917534377,0.8174793145986671,0.9728271776146847,0.9691764896216047,0.5480414290143197,0.8507159096870781,0.6549488851450463,0.5709962545857418,0.7482995000809972,0.7552000366070213,0.19135502555672684,0.574000073718162,0.28482770371968535,0.4236522328245127,0.19496945555121828,0.9088184928845978,0.7434543063651615,0.45709581090920914,0.4164463025395227,0.6119435201823477,0.28928520884478953,0.5618421833326381,0.4437132085183916,0.47302397747268965,0.3361457794688666,0.5664489977229146,0.9143907913504332,0.5558751549449846,0.6832149132729655,0.5182672742546042,0.6057782863659468,0.43111676766420753,0.9413591549032349,0.5391187577629413,0.4941876708903072,0.7430920370188249,0.623508568732676,0.9059615681558313,0.9750972553806587,0.40902673136596374,0.9387535820455154,0.5445776317972262,0.14791133537492077,0.5498935340506234,0.15791505506616157,0.5817887277454069,0.44520126390661513,0.42951272391935946,0.6842061616658857,0.6030869905606386,0.2539634663327982,0.5975307137435499,0.4144480558370294,0.438932480486418,0.3272275894856447,0.6107225133192222,0.6411542539924715,0.6578181790688443,0.5808874134648466,0.21588403535735545,0.7268788004949962,0.9735112665855764,0.9600794501703813,0.5350758742211865,0.9644099758565993,0.48414676092248216,0.5790271582264229,0.07278252937218087,0.47009807925288716,0.14222839386377994,0.47087733793487824,0.17632096670268005,0.4154294493800588,0.37252950341138924,0.40735241850297,0.5312275226433633,0.3293575632737688,0.1904930070912457,0.15661948013467367,0.45848316102858494,0.9551567990303517,0.4369632929656144,0.8219891397934072,0.6688650158861882,0.2721350506668446,0.9702391337471961,0.924272633302396,0.6399902710318919,0.6105716537531669,0.48820285080419296,0.20151359835150456,0.22959067739990394,0.6768573536223368,0.6618913527492771,0.7580762329979311,0.7546842222608827,0.6477928482044454,0.7502640915339788,0.7607756621453772,0.3566077782415661,0.6633674082764246,0.7979179574186941,0.4216673364686154,0.8027534644164338,0.17461049533323517,0.1405387127551118,0.46007453664395026,0.45466487666277955,0.580574808061349,0.5398912959253062,0.5893593907561998,0.6716128619624153,0.7214285324647485,0.24950121954518686,0.20086656741896616,0.4333091938841906,0.23708989423075627,0.3345085018010356,0.7617714617264719,0.7588971189130461,0.7881119803054293,0.7913619897938772,0.7940170433661923,0.6634976056886601,0.435205160254535,0.7576222491932242,0.9839362729878036,0.4361603259075263,0.8020437618945508,0.8343619943537237,0.2520188814855778,0.2738050616552781,0.2370050031897715,0.452436973123894,0.4492989418769574,0.6206668294864306,0.09782482392652599,0.4204194960088981,0.7306821615103393,0.524269074164005,0.3177488036547864,0.8993261848873627,0.8319281781762438,0.2941075702166964,0.1900362043806457,0.8122420185344758,0.8093771497244372,0.228257988466076,0.22275725565499738,0.41742024869855116,0.7811480174147618,0.5891165086228838,0.5219549875693542,0.9655589604240532,0.6067029384283222,0.5342338555650231,0.33911460578680847,0.13945995011260148,0.3721453938518001,0.6823618666967823,0.5833257863702583,0.7141242781531459,0.6172539599355114,0.9759958850254699,0.34802803091131296,0.3253842839363596,0.3378479861205781,0.3389138009604557,0.6482305245140543,0.33714535247937977,0.9758797679990571,0.8083360284249459,0.24061428216960196,1.0,1.0,1.0,1.0,0.9369312319980521,0.9871853508868775,1.0,0.21395037951178197,0.24540394453313405,0.1528936102008128,0.14609132906610356,0.3192644708981268,0.3410239313160557,0.8420713192922041,0.8987364486177788,0.11081957981910023,0.2947863768175903,0.9782170173346068,0.22751776881832267,0.3877260289060665,0.4263746864203172,0.45727535356782856,0.44784959585124773,0.4044409827102784,0.38361321635797596,0.5137599950595287,0.5252884811323273,0.687681306366066,0.7241477326605519,0.6439123547910555,0.11111650710721481,0.6615206904220017,0.6790904692655703,0.9929302329787327,0.6569658978312882,0.43025092320972064,0.5880205361834668,0.5753478884069662,0.5075291927416877,0.9828432880332462,0.45686090577086047,0.5009329653723922,0.5872943062186616,0.6105658790473023,0.5844667994623747,0.6113747854845675,0.622543852619288,0.5808023618594894,0.583333060738749,0.6889358718587394,0.6141519756674956,0.6218638206811546,0.5502567439215458,0.7888648508032837,0.7951487646241537,0.7951725995653396,0.82410137459942,0.7870426103518479,0.6841516288847436,0.9834171753404498,0.9353581915401089,0.9262873691934155,0.9221791630452189,0.9627499591950928,0.9516727875939907,0.11750015206262679,0.41051373607876923,0.9753196629213585,0.5639652288240564,0.26785002541281566,0.45058921368716054,0.3116811190431829,0.9705768909175213,0.45302740494934507,0.9768765351317928,0.34965818937605136,0.48210440191332576,0.44462847911737463,0.5006080389253262,0.6610629788611495,0.792974373321805,0.41333343137338946,0.3980989331778946,0.5904615213103483,0.9531582706099798,0.5461451818310719,0.44126502439265014,0.9643593143115153,0.4083967788159466,0.9516355514512262,0.9777089619034499
30,0.6132289625882078,0.5018594239444026,0.909868166036946,1.0,0.5120104307379585,0.647875267056065,0.8491121122558478,0.29309262209997006,0.25688125385918037,0.5955218725044936,0.6384761233445819,0.5568927047419476,0.5697474489703693,0.7764150507831765,0.36233425526158525,0.9445984803562306,0.446252462542862,0.9372969760109435,0.47523940275770366,0.20876125244992352,0.9617925753232247,0.2875573555902968,0.18400171323240827,0.615622036510528,0.18354216452003258,0.5596237556752284,0.38117946631412175,0.6966033237123689,0.6776814356909568,0.8220913339549596,0.2627782971190583,0.4224550379309414,0.766583617187594,0.2748850378034058,0.3754917572099161,0.46178563523687166,0.5599473269091673,0.3547560170274783,0.27937538834292086,0.33141533233670206,0.3148778243487194,0.3865770876407231,0.6232357113386451,0.5694913960867136,0.9319120500798727,0.5199400764580954,0.7609735093111004,0.41845025869535507,0.540057226749684,0.6351154513105854,0.7426625020190724,0.8018066941518306,0.5484568190908014,0.3908460097339596,0.7989486151743096,0.4427893640086285,0.3578295793116459,0.4425857937647881,0.3078099611091351,0.3139442497039492,0.6555078921106963,0.1745566689105032,0.623581261603501,0.25780424548815156,0.3643021574737825,0.6147528819402829,0.6194205302490308,0.29085156831412445,0.9272638387512052,0.8168799318788103,0.5419784034643077,0.8376206053771538,0.5839289592771866,0.17772840227929762,0.8164542745117616,0.6734327650357932,0.3013066924689244,0.33703299375416457,0.5779314047732659,0.5189894315295551,0.5099628524220758,0.6821993324690496,0.4114711410401002,0.19490976888317194,0.2382379010479655,0.3085998805324596,0.07821768903837219,0.5538438288388101,0.9455380570387112,0.8682356407781395,0.94396958003023,0.3975133781506956,0.4125097910883387,0.571438582711473,0.4498421564356497,0.5928628577884107,0.6412569715091754,0.5863457729313297,0.312488163179959,0.5293563226989825,0.2959018585853588,0.7007064562853444,0.40839353469171247,0.5152652757291794,0.36767164817023656,0.36649176696009705,0.6055287785428798,0.27246038138095335,0.32974882315833826,0.536410350842522,0.45245051890872806,0.6588723407444015,0.36474832468960916,0.47284369096872464,0.3419539669036541,0.8128480933075232,0.35005526027932377,0.7636808332028205,0.7798522584520602,0.3557110515164773,0.2884071287701324,0.5801473291626991,0.8017649775639011,0.5145603955949959,0.5683275102138543,0.47099501087623014,0.8735055524628141,0.2583537930745928,0.936729758749632,0.8880513907232453,0.6461177396024985,0.5371944105969819,0.7080383524305361,0.7981987371486702,0.6819663044740398,0.7567520638081043,0.12442389578060523,0.849691164646387,0.9691778084450821,0.6819781529869795,0.7917880564733458,0.9423180934661408,0.8650717157137745,0.40719159523294524,0.18549130458237376,0.7457761545279957,0.46108297950302785,0.7277649282856202,0.5918490548738535,0.2792376403004341,0.4667901994004505,0.7627143247916737,0.3668057081238456,0.3772083644999738,0.8365519128015593,0.37923575103902063,0.36965921450504097,0.4014952944327661,0.35209761131163997,0.8326854866001993,0.6714894954976035,0.23885885401816456,0.63025704227029,0.7546641393686957,0.5553675130025527,0.5465556347577578,0.9476634923340549,0.9799705924782262,0.0,0.6496231283927991,0.539117996626111,0.25280911786651294,0.640768172757884,0.8358273374186801,0.5270666641718342,0.5589848422142785,0.5104066994255267,0.35715737897391275,0.3209613657083547,0.9474403066394825,0.17493247101229714,0.9401710572280401,0.9363434898034877,0.9165229502311837,0.5722378706783198,0.08862330819018682,0.4431293187322168,0.9295581465154598,0.4562904100286877,0.42058012263031835,0.6869132557980057,0.35112269606590407,0.6628625995039938,0.23682353366152983,0.29509999870150533,0.6562978261635051,0.35768221401171185,0.5064382366115996,0.47738230034758833,0.5167995611613792,0.6766121220755054,0.5315253796517563,0.6569067660979876,0.3199063014050576,0.23569033816436777,0.432808255361785,0.29834839173060734,0.34408009487564706,0.7987035005637547,0.3491366287861751,0.7973565414841046,0.42510900796422846,0.7236795564525729,0.8501682036194081,0.6699240773084513,0.6173891811298761,0.5100414606551255,0.3710883027235211,0.34389718742148634,0.5709726855090781,0.4808547026396973,0.44056356803035585,0.5154684043739974,0.6812075986837455,0.5841453538959692,0.4211444643852295,0.5171880748982892,0.3870677376872919,0.9168671321572069,0.3446668014513579,0.14598238485468834,0.592425263621744,0.6270805117651096,0.5996071026762431,0.23546884480865998,0.9264165293006857,0.21890515693101653,0.20611615829074534,0.8419526550988335,0.41713203478641214,0.9360443127880484,0.41978011318666386,0.9444147194385099,0.3727312976606431,0.14994863233415986,0.6503874722452486,0.2381319074528532,0.6226205090811658,0.5947797607870179,0.9360194764970949,0.3852363250941414,0.17192497227727344,0.5142550182442017,0.8233339382293864,0.04640179543538134,0.20227690199655277,0.3867976453603139,0.6706132901267777,0.5072917109789011,0.6397964507216815,0.5256190029803879,0.6558027007504174,0.6307227972024473,0.16541710194511133,0.6354322421676023,0.7275055162530212,0.32046759535739616,0.5901058999362419,0.5495348698204124,0.5795289130682306,0.5611229777363759,0.8681030687557028,0.8771185558161929,0.6035739334496615,0.22599084953685655,0.5906589721917977,0.5754993129251526,0.8563140432856069,0.7804896021631723,0.42197559619161973,0.7176379448445177,0.4683686827576869,0.3925294364238141,0.46119792783885394,0.3062534454975189,0.4462627641352091,0.31425411865286107,0.6238799516347077,0.8326806992168546,0.41619278786688174,0.7843879990141892,0.8832135665229913,0.9084388222322719,0.8936336704661182,0.798123361091359,0.9410559356920939,0.9057465707372093,0.3089797257645889,0.8711427206670156,0.5809103633494348,0.8939492242630728,0.7807380442838592,0.8464522831967678,0.541502383255496,0.5718918141055874,0.3668589657194305,0.705495807190815,0.28807813312922487,0.9010810823511375,0.6208442228150775,0.25967804236615266,0.5383525862987723,0.395076641301716,0.2953051782956413,0.3878402486477139,0.5747567492977504,0.581199468828324,0.24809918511047285,0.4466193974315092,0.8899952001408598,0.44031335271587424,0.7968442914735889,0.38097243021794036,0.42621888691428844,0.09296164507698484,0.9248993257835169,0.4891371429612907,0.45496601029191425,0.6173530144604016,0.5072750459251437,0.854209290237731,0.9374969091181601,0.4780132783335238,0.946163316028104,0.4344166215895041,0.2837579838401619,0.4413745824151393,0.2758126920230809,0.4692275961199505,0.3247353821427202,0.458539525924643,0.9406989764059078,0.6361140769177388,0.47381809491681165,0.8410751719705069,0.6332305657869068,0.3896164487866619,0.22187465551210267,0.5631412767631144,0.5884344261923602,0.4291092272534717,0.5171632084869106,0.17927208612128287,0.7634788651307911,0.8094849473027655,0.8247260349164129,0.5177025830863082,0.8134245075048108,0.5754639716580439,0.4529456936871047,0.1364269924508968,0.6877303040339305,0.20190158117123613,0.6816839658425421,0.24627203952237572,0.6392068690219821,0.2826057191878016,0.36528430019512803,0.5302457252369847,0.24392318560295553,0.266388123816479,0.2367449730098208,0.5025319623708585,0.7520771075967656,0.7119391575909831,0.9284035461680339,0.7723886843512504,0.3692082350243676,0.9419693958248404,0.8978942850444135,0.7097841918020069,0.7464199800387396,0.49954427310125227,0.22718213486418654,0.2510115859175291,0.4908590414777466,0.47189757506835883,0.4708376135865878,0.49974406308232205,0.6517625098725064,0.46118956396701277,0.46538833984151495,0.3212201572529154,0.6232643448990068,0.39404159576444836,0.5308055188680634,0.8819397639939485,0.7814491029160736,0.1446404298258706,0.6187469208273022,0.6413791166348423,0.6721466405341916,0.5918114623246831,0.46011981352528064,0.45235647501696563,0.22390896340336536,0.31687119255199453,0.28214271711183325,0.5024106369093142,0.2569069608568676,0.5009569748605631,0.6066635330130813,0.5962114015560852,0.5894202237492876,0.5815408426508542,0.5275919416291752,0.34523516666361037,0.6917512885575943,0.5489083265579098,0.9374252452203272,0.7033827180037197,0.6364763636305529,0.5796786423631966,0.2842669079038011,0.31185512063339493,0.31064034848310346,0.7000230090215458,0.7018638737365512,0.7591425458703661,0.1589668015047763,0.5402241009621805,0.8858790441807267,0.6034635732275285,0.5135691696610836,0.4599133001013986,0.6405074738736369,0.392690944349997,0.2526008239630105,0.7818624626970349,0.4933859419909827,0.2841393179401615,0.2405224410355428,0.5771137003572901,0.6147978054756681,0.7008168583115785,0.38805552665317083,0.9437117275120646,0.5122239476237692,0.2636487936182345,0.3686487552597613,0.2348750181956363,0.2595823817039106,0.696824882145667,0.584152175084326,0.8541257993547368,0.684740894648757,0.9349787573610674,0.08770209451748506,0.2634734018471479,0.12626530119158072,0.7380557616649475,0.42104084365772365,0.39762900446649985,0.9501419401510278,0.6414688174309446,0.15407735236105258,0.7732507013496608,0.7552586853284673,0.4936412617247928,0.1501251721747369,0.5195214387805752,0.9429238444693905,0.36600528287229644,0.4893943675650205,0.3336127028702265,0.4481873856251519,0.42780058743344573,0.5947777439751103,0.5816990311224841,0.48721385109855947,0.530369166565358,0.13105180406405173,0.42589730535519,0.8995938763734177,0.4341651016622991,0.6243873966777261,0.6447747539211937,0.5861921383647505,0.5515777049334045,0.5507887178607456,0.538467302814824,0.5518796394220694,0.5179388416000542,0.6257794313222182,0.41557984328703723,0.5905879501659261,0.4181500347758271,0.4061932395476055,0.770325620365661,0.6790969014918355,0.6775099490161749,0.6697846153571815,0.7018432673821943,0.7439793618719028,0.7613932432324596,0.9577639113325388,0.6950931948670631,0.6592637806399123,0.45234228772539115,0.6969934782553365,0.4514937813170558,0.6452118045129517,0.48595601697875823,0.4607854169518552,0.37300593081951455,0.47982297357990583,0.4902297460545023,0.7748734218602209,0.4894939900711037,0.5835002859233572,0.5816392859611232,0.6104435677099749,0.5668105382165304,0.5432111199202089,0.4218871911592476,0.9372680255587925,0.7945419978744929,0.7349816685428335,0.6878749247385318,0.925271682254735,0.938777229639854,0.37967788443935535,0.43839713427769106,0.9625626258029996,0.42314043730123657,0.19217055315915904,0.3802611527431797,0.39426797411699155,0.942560634226902,0.5142079547418182,0.9357699888358156,0.23498067723899357,0.2490214976899135,0.45855510895896534,0.4498919592028688,0.43424993456205346,0.5781437142034349,0.5531522678421291,0.3971278517231623,0.37689138654044513,0.9191180589367355,0.5438146738568501,0.4618593630307199,0.9555965511583218,0.5260697103670989,0.8960630407653094,0.9211396739095913
31,0.6300733510750537,0.8549433483018818,0.9513530891330239,0.9000792661248455,0.5027977981958898,0.8861618337609702,0.7348774863535953,0.2865888175956525,0.5779333958824306,0.30262535328342505,0.3665003938500415,0.39067415658989446,0.5495059686451034,0.7211749986846225,0.37823957457545615,0.9622426865876361,0.28381654740719564,0.9659977153041638,0.5699742520439751,0.44127947012344443,0.8634084445747774,0.6374288144753901,0.338109752347605,0.5052796941447851,0.3635843431178017,0.8645336934215734,0.5682036051897721,0.9155773768568207,0.9103453318728134,0.683143356516773,0.31425176001744537,0.34352709408776116,0.5800454055164831,0.3107342052587728,0.4443756375738596,0.3738597117336443,0.5615476266225206,0.4259612308453551,0.4543155419921171,0.38696430110709124,0.32400231785108424,0.3198715511346806,0.7164875383815927,0.6667821139459761,0.9510620596140347,0.6746447866738984,0.6551151459201967,0.3788283364134556,0.6683999284784511,0.508398663763947,0.6300630940216391,0.7038987103535359,0.3602707157201401,0.31367634245001486,0.6833283781166053,0.32996669010764307,0.7874178817002134,0.9593382361694324,0.23896152943339938,0.7692425354312321,0.5726866257192754,0.1262250311264524,0.48143782199559626,0.16180454214768522,0.32497039075588097,0.2366353936201187,0.7406821414776927,1.0,0.8856617746809821,0.5290801107584816,0.6004571638628259,0.7885157518724168,0.6076231073848606,0.1771038287616384,0.7580764982260567,0.6300134058652807,0.22824695435194642,0.413813947217411,0.43866550974149876,0.3320181585706929,0.19620859358760787,0.36175179253795625,0.6876579099590334,0.0,0.24229356232996682,0.2925775665939885,0.37766086398507615,0.6876974964984287,0.9624139135245594,0.8947716987646905,0.9715989460645706,0.3598051685272503,0.26747511471979835,0.286593948255252,0.4244677590983547,0.7278663493386097,1.0,0.530019220175919,0.35237044735242684,0.4519892159190137,0.36562675862922506,0.6178963785296134,0.21539571641929472,0.3274023140478511,0.6290823134478825,0.6255469295287119,0.29503258800325105,0.3966463822661591,0.5999719525719421,0.28139392448930634,0.6595960944629476,0.4627463526965797,0.45689137807651037,0.6247470326221322,0.4099443087536944,0.4156111230566263,0.43548637126754824,0.7611076577330854,0.9518861248961579,0.26965128924113535,0.1020663457562399,0.7259625293954772,0.7164435974713074,0.48430018018972976,0.40048746587765843,0.3970455557271471,0.927294450578594,0.3244309457223423,0.8870294000844301,0.8379836094221103,0.32762505717343693,0.7051055907672934,0.8805245592065631,0.7107434684861046,0.6596237071348394,0.5942811269907229,0.2574173089152032,0.6650765392241396,0.29430507202539113,0.5728609249871146,0.5510753258194414,0.9131714734701761,0.8347922719863875,0.4704023827869213,0.28959332576496416,0.7334711473512057,0.8235016026557598,0.7176604446165632,0.511273144023968,0.3913031097485666,0.7273394202537604,0.7148491294336559,0.5615048803603387,0.5671996264306405,0.9126122100053855,0.5360581233649947,0.5859881682859169,0.42877525425633667,0.29892880128526716,0.7986266824764819,0.5934049306307594,0.3357608704957989,0.5423091895495114,0.6144651340198409,0.543411782679196,0.5043045836450347,0.6749095864794573,0.4969081324623909,0.6854803224610285,0.695897810182365,0.4325171630161486,0.42285040348771025,0.6806325534427297,0.7005548726580035,0.5885800712146597,0.4518942844309278,0.4671525753877818,0.49757067100640257,0.4538797778910803,0.8604128639781408,0.44384188948909126,0.9637498539294869,0.9515225554418758,0.9347669764848202,0.42942735781898395,0.4403929776433755,0.43382131405601543,0.7447820276786237,0.4503108269688559,0.2158414383470422,0.6339021102712952,0.2978644939526585,0.5089412982341345,0.07741416580589033,0.1286671587995954,0.8411984757460103,0.5598809331752869,0.7885887872098211,0.6379729441516916,0.7330923331933845,0.6691301832452423,0.323286878717425,0.6615247802087973,0.35738760367546124,0.5182763298434901,0.8188925819464283,0.44661307028278785,0.8027181345564651,0.8706246899694623,0.55580218929892,0.8645962879318068,0.6111935949152434,0.29483964990825723,0.8646332335374645,0.2230003578985184,0.2805706137921909,0.42918103548646674,0.9536247774613454,0.092938783970351,0.5951374625597531,0.46893390820879904,0.33685284077465205,0.5684260927891324,0.8111324648594375,0.9463474782087409,0.33001895554168253,0.6504122928713455,0.34538389844734707,0.9290082452819616,0.1769094363799344,0.23920389261185382,0.529379187272936,0.08785220058082194,0.5243877642945959,0.36440368969589554,0.6864677738535142,0.4247426357015988,0.2512779385537226,0.7221315170126592,0.9662205497361416,0.9632881311317664,0.3185305677145981,0.9333272241498023,0.42455396220191527,0.23952063454795125,0.33727565602193826,0.4935776479235313,0.3043055462242847,0.44618860138670313,0.8567658533914869,0.9563393555044397,0.3066038055476903,0.4449559647139974,0.3175311263236785,0.6011362390255285,0.1752645326959454,0.9670041160356767,0.40675736440058347,0.42018675775872066,0.3975296589375482,0.26644825522287335,0.4232811020151715,0.397614565485614,0.1843338410546121,0.4188908577918689,0.762343389816998,0.419176431959832,0.004426050912932134,0.540932073778127,0.2447337974792398,0.3411556985146531,0.5083030121019407,0.4948779142773971,0.23180060808097824,0.32086520509042765,0.6365805405414757,0.6198800667136053,0.878825678160764,0.8615219025293569,0.9144203111275222,0.765576334691585,0.558182016016053,0.6962072385709425,0.08062359742922819,0.45792239223795084,0.7042049277345268,0.6033468764139254,0.5157422244707037,0.8522196137943009,0.4860371413067272,0.796741676321749,0.8979722158469705,0.9088829732371508,0.8463205925875259,0.7907577861525192,0.9584628517328566,0.9533650077614174,0.21635325452051868,0.6567015277071764,1.0,0.517363528745932,0.5156451905683601,0.8567044236854116,0.5886511187076255,0.7519004041333379,0.2699204769692036,0.2685460473516241,0.28874018142913477,0.8982123593305472,0.501524066885638,0.161884063389354,0.3208829054797981,0.354737545436656,0.3022373790020448,0.4188113948375851,0.7322015694262064,0.7323489791004332,0.2094458158411188,0.3743817392977462,0.696069657683105,0.37355929672254656,0.6708831127069167,0.3095842480744564,0.3804845549984813,0.31928008608130876,0.8520002276770188,0.6698724212057555,0.6272563136193898,0.5396020138542547,0.33265078942534276,0.8847172128860837,0.9574513919937289,0.4406599630001141,0.9539917506847485,0.37977914331491436,0.2571103774476643,0.38910899339173965,0.22728054504077025,0.39309712363091304,0.2602750595288886,0.42479816116202634,0.5500396949948851,0.5457167574675036,0.25653371711744033,0.8478099204621236,0.18572730722114095,0.3701723710333256,0.21992908789988314,0.5686818473940949,0.5433848171703581,0.533132807300136,0.47627140687370645,0.31451586737633136,0.8847854292472122,0.7935638292234485,0.8026066004904614,0.47476431693873045,0.7722116780709483,0.3735491619341319,0.38693621376509274,0.1343964444896099,0.15042768626543593,0.16947147067037208,0.08322172523741155,0.23568798454242615,0.310018676879535,0.27550990860454133,0.37806398286695264,0.5307078218143189,0.29389935419713004,0.22432889673328643,0.37981434289202926,0.43925765031477526,0.7296373793935232,0.0,0.968779245166065,0.6772220942864215,0.38678627752412187,0.9579064584540733,0.8992758806334038,0.8115202727831451,0.6889647530851485,0.0,0.19949639496007865,0.2395659705592942,0.04700005556845468,0.04236043467688345,0.0,0.0,0.7177134706302388,0.0,0.0,0.4883439102421626,0.43659157866941956,0.4182636390429105,0.3540626602336455,0.8602276885066905,0.5531759880199727,0.14734517085619336,0.09362237233688461,0.0900431361233965,0.0,0.0,0.20380003616572073,0.16201498183614405,0.2636037238613592,0.3097814060195101,0.29017370498246936,0.56404985664472,0.43831271370239716,0.46690929377650237,0.0,0.0,0.0,0.0,0.0,0.0,0.0,0.01599735156861959,0.9582829719520628,0.0,0.0,0.0,0.42010962247249845,0.3782036190264747,0.15139998118190257,0.0,0.0,0.0,0.14691608664901257,0.019599066880298784,0.9001405903688348,0.11193798839794605,0.039180088857469084,0.5901673449927054,0.0,0.34872753173166543,0.36992250012202466,0.6855687333545311,0.13205721252304686,0.43067299063753056,0.4495561242116438,0.49625162370514375,0.9340311120765329,0.5897303513015324,0.6606011983764191,0.9564965870120785,0.0,0.5453995606851475,0.5668368709703708,0.21153764662156826,0.4279595198128959,0.7977617153060621,0.5531607469780514,0.9080554074390618,0.804216620011302,0.9640949828627339,0.12980952035637502,0.31130105954356074,0.22968851234832718,0.4997516808114775,0.7155447337821632,0.40232324829203436,0.9357347384515141,0.423883070038789,0.47075536694366893,0.6441455325570468,0.6507195052841664,0.6812043190342285,0.4955131898873138,0.8288490777738801,0.9660784822829221,0.6075662114796988,0.049784493138360496,0.12627520261157885,0.18940489042426473,0.17727059578954665,0.3925287194372517,0.40085563860308276,0.7519104156016511,0.7874287671768456,0.18610256077055382,0.12949389352239055,0.9632628426811067,0.08940926692120305,0.227694967005174,0.24980238734990073,0.38728529136723994,0.4072625708209191,0.411916953049609,0.3899608471958524,0.3979910495639418,0.39143080929260826,0.5162803102378973,0.3103238297764964,0.34385845290689315,0.19152517703439434,0.2772791896193441,0.7140917985316326,0.9248902422121624,0.8209641074169547,0.6618708439518419,0.9119583066784067,0.6113396580966483,0.5956058627440499,0.9741986304683914,0.1574632189723572,0.1366406932147461,0.40042348863829585,0.4114054282298878,0.3955681508574211,0.5772120540406592,0.428092741909105,0.3842864573014604,0.3533159796014832,0.40510968332483654,0.38177464931510335,0.2424706229208625,0.18245691549898474,0.45916436978322595,0.44413901982664655,0.4506493147912527,0.4827766026646653,0.4230803976662225,0.541034854419185,0.9594159390491572,0.7545327365692175,0.736488782567818,0.6912250223941551,0.9461516847561472,0.93495746413452,0.5920993856616148,0.4027832210035174,0.9707512609902839,0.6268120746434306,0.6988889322627246,0.555356872440119,0.015047206261312807,0.9480752855962229,0.4647688636138024,0.9638098977408062,0.6066897390942594,0.0,0.6979583950085173,0.799829520807054,0.0,0.0,0.5571385911278512,0.5955958588305467,0.0,0.9603853368797112,0.6839484936026371,0.49309604101013527,0.9818543825299818,0.9274362334460263,0.9400869066729061,0.952898050294361
32,0.5909860112231402,0.5782610878353683,0.9049896293813822,0.8365333670625257,0.4597843921792837,0.817026100615792,0.9092587177132141,0.32578037597197634,0.28119709633818135,0.32431494364400687,0.7304957321968035,0.6939511345427534,0.3790216663503079,0.8000088825721461,0.33386676789249076,0.9282843628638221,0.4435053223372667,0.9196760462844685,0.5943118678745446,0.2641454433657747,0.8451024381875794,0.3052464667038038,0.1266715419642639,0.4490681590964033,0.24465568829906537,0.490837420703406,0.503396611321561,0.8388606620420631,0.8299016201356266,0.8663312341791265,0.25170332206433715,0.5047057966081335,0.7870357681012369,0.23345579762654858,0.33219959117282283,0.5327542391335458,0.5822725873085204,0.4064491597767608,0.7015507700023059,0.25204230966914637,0.30538599959982243,0.207289064798817,0.8552888661554781,0.833385653062505,0.9198237129389255,0.8650338616467511,0.8331652228812784,0.48879944684319937,0.862456615395122,0.3601095750753362,0.8185051303157451,0.6221392857363849,0.7337316816125414,0.4927294777483363,0.6137738876227363,0.49232047003103685,0.6265497576245397,0.6804087942622151,0.25057265050155053,0.5908519986858829,0.2234227623785411,0.13797015262145088,0.4028614260964527,0.07017422998987574,0.3606228128134752,0.35085739208325806,0.6867206979749554,0.15654878294163332,0.9065516600261276,0.21304830879889564,0.7515218917054913,0.8120737197050465,0.3648221322765022,0.15198148773251444,0.7834106965239904,0.515571488677585,0.2800206726636231,0.2904293573481467,0.34320339666164223,0.3082052998241846,0.6431019316043408,0.41514106024956876,0.3525033533406709,0.2818547163553953,0.29295657552821697,0.2637282068914534,0.17745717832301078,0.4328711164778643,0.9269797913358476,0.7671459412716591,0.935289839326194,0.40737780514355915,0.18653730844089195,0.463941226164428,0.6470757944543428,0.2573174228218569,0.7786225785512939,0.5196207154150772,0.19998349453626413,0.4622974470141051,0.22148562266895822,0.6841885882544834,0.4083244019638529,0.69500426885531,0.6788799377566049,0.6709152087672304,0.7464638333905969,0.6202581174071689,0.6951744110269419,0.4365147935501731,0.5728625294766554,0.45888797764625827,0.42597006568493206,0.42347477905357506,0.25224806652074344,0.11830583878563122,0.28922440448439735,0.7527584823967616,0.8329770689631659,0.1310779288089467,0.25000047914047985,0.6515379114067829,0.6922459729166849,0.35129401030529506,0.38437872117223004,0.23368314640858603,0.8260262573043949,0.5107992781071926,0.9531256410741876,0.8582511167849831,0.42022649179091365,0.47469684965885633,0.5840631401843458,0.7388480678113118,0.7040940115551609,0.8498891325212423,0.2351297508510556,0.5620551891610825,0.10954246015008585,0.5582200539446784,0.49184269823340554,0.9099275230756078,0.7914977454374823,0.32602356363311363,0.07664357813938627,0.7376247495363212,0.6980445800230168,0.7394393327343328,0.5661532982168954,0.1466103299026271,0.031619980603737295,0.7479991850022933,0.364726696442828,0.36769617980224867,0.7787654606581894,0.36409371325206297,0.3493515379378945,0.22791336721604813,0.24884621329536732,0.7298578969907199,0.6289521121332878,0.29502178858752476,0.5923054620626111,0.68701337771709,0.6522382757692469,0.280815670743433,0.6799229656674755,0.45985073070848603,0.6751767172023401,0.7520233085785568,0.39081980215627243,0.2145795368800052,0.7226075891176369,0.6531621839233018,0.7307916746976572,0.4816839429876381,0.5030223276638554,0.31109082528418586,0.23204484290441124,0.9544430532807402,0.2185040861949919,0.9269426048646738,0.9170492227408296,0.907353751407196,0.4184127202751975,0.34627755458304355,0.6512395039947362,0.898353875542689,0.6388870323421778,0.13915201957776274,0.5509970698750088,0.23899603631834188,0.3692233914517707,0.16223489487673382,0.2851268933641257,0.5218059910240144,0.4384971918785856,0.4207310605912629,0.5805949693076773,0.4618231490291728,0.6206109204292404,0.6970551334807864,0.6170252816101619,0.5475150796926491,0.19189447189430553,0.663703413179772,0.27993183756946455,0.6296235747554105,0.8031923276549584,0.4351256993133476,0.8145839440129369,0.4941995839130396,0.5761681297561231,0.7864136960977856,0.45039671846534174,0.34041977444394145,0.5834998773870522,0.5516443344282639,0.41541276106105895,0.5181127528568485,0.5946592400061956,0.2893766095403737,0.7213760559205002,0.7067139160502639,0.6409064832165954,0.4998607140456595,0.4927197126445812,0.5144687773842961,0.8993549530425691,0.5289839115828866,0.41359174050841696,0.5631738051046186,0.3947634364476922,0.5617273239009082,0.22682877999349912,0.9375421493922333,0.29623210145140516,0.36354747154763173,0.7216677892720972,0.11962580720593606,0.9221685427545739,0.5257293814266955,0.9122794192469527,0.5161557156760473,0.18733634615933814,0.33863778053749566,0.10704658761423458,0.2832860915284741,0.5160495473741451,0.7823661961505601,0.5177008465993519,0.23644601098968526,0.5070174374314744,0.891554282056303,0.7486680655911894,0.24204457461829168,0.4990783055775906,0.5817183684163384,0.30016989367483876,0.5652340366315717,0.3513853823284168,0.46148215855231356,0.45707305870166975,0.2550984264383334,0.43875581208966136,0.7015992256292893,0.2532020909462673,0.3953207648409816,0.4848426038194441,0.45671509497464036,0.4726431957073005,0.28431936363939053,0.29932264617733806,0.3362204886764593,0.25451289783912356,0.638914947287615,0.6887232959179456,0.8289827274615322,0.7651725678607565,1.0,0.7331430980504602,0.5061666154485678,0.3751126911247295,0.4619983162453178,0.34309059769812,0.4546221375618732,0.22245121427226652,0.6137582103818428,0.8769639746923682,0.34479971236218593,0.7578854217148642,0.8640463520271187,0.8914743422519944,0.8240926765751354,0.7863354903202623,0.9202617357449455,0.8888291162173292,0.35837838012557,0.6137923439987021,0.6630067846797842,0.5293479521511237,0.5846725122115317,0.7054633456686376,0.3542945205909921,0.5128870974740182,0.4093302925931249,0.2607688105123914,0.41157914787543737,0.8987462247952096,0.48342931307589493,0.29338448975903,0.34608719037808755,0.5512394639237802,0.16550723652180252,0.6796831924011019,0.43912213823788965,0.4407740908547146,0.3345601149165514,0.5434262101964457,0.4081059843129885,0.5473028469742728,0.5768639760375938,0.48959986215541623,0.5392244401420174,0.40316506384205064,0.9268013759182254,0.7944690752222112,0.7601284498149011,0.6388584436230251,0.44018947463996017,0.8668556341318042,0.9202891510292813,0.3538676294799652,0.9068744846269423,0.5474897696477617,0.540575203567059,0.5574048871457412,0.5146767149987213,0.5827930562909172,0.4075404647269925,0.4115005825842216,0.5535646602663313,0.5157569941813863,0.27582272709369426,0.7269303671903173,0.36866632337810373,0.49144176434181774,0.38792401797449183,0.5449709685686642,0.5737175000859119,0.5282635009534326,0.4614923752369084,0.21077121342426955,0.7637810868153077,0.8484477054737767,0.8484120069159884,0.4440066395669682,0.838287496719425,0.3978507556854372,0.5219322712741641,0.1548540617427864,0.7064483779271612,0.14352818109841572,0.7048530793799029,0.2015640087944796,0.6189449189373153,0.32439208050428603,0.43144929086620126,0.13078826705638852,0.039281594903265375,0.6439490297463023,0.58645707008021,0.39747391511071,0.7494701962980977,0.6062465630049941,0.8235032610471821,0.6405894762317865,0.40751818749866714,0.9159753259162484,0.8296187100458642,0.6205882953419621,0.6328196016658844,0.5192251952196956,0.09677939478414756,0.23363857288120882,0.7350877077474075,0.7385033281178687,0.8869800808081023,0.8857839797564729,0.622092495333485,0.8837870693847919,0.8944531978595095,0.36505692193869166,0.8344734321496192,0.4313944972484353,0.20008633503818216,0.7705171306277666,0.3558289972287531,0.13952926299203455,0.6553230803819925,0.6610238258269182,0.7099463304990588,0.6729325906488943,0.5947138835437888,0.6607182981506786,0.8051235257227081,0.24765840768100292,0.15223891543527282,0.42606642353304486,0.3955439453606342,0.29984762461141296,0.8049923727480428,0.8082307217180753,0.9205433899216118,0.9192837597198937,0.814797322145557,0.6551683781609293,0.7063215551285106,0.8342015076545273,0.9124725222254756,0.6882657146199866,0.8539199635974586,0.9531978255860147,0.307971300056427,0.28111267079097063,0.7665911326638708,0.7139983583299546,0.7247905549413755,0.7403280844065309,0.1114208936050773,0.4552448228294356,0.8762886081296134,0.7370386669788671,0.5418651776862773,0.43380679290108226,0.8597663800319946,0.32737744267899116,0.2881382948459655,0.8638108741920066,0.8564832502704698,0.28476954136237803,0.2212169227452795,0.4737364817710644,0.7410839724963704,0.4369707119166888,0.584603251304397,0.9136321196132065,0.6221481841954596,0.6026807973111333,0.45020324138745926,0.14210096323210109,0.37898215850464323,0.7761718614937896,0.9534202317672004,0.6796978032457494,0.7485505650415178,0.9176059158565728,0.16174766814831396,0.35264777918380225,0.1529635001949683,0.5654716455211556,0.7151091280972346,0.4212623725124896,0.9458488633343815,0.7527749042046057,0.5297562107484906,0.48917998280016667,0.5088315934298053,0.5590816116398781,0.3124416295736539,0.3177856703016582,0.9208284715002445,0.2943379441369541,0.7460609607194472,0.6980463214138957,0.6981643963036063,0.7112209372897359,0.23902810123881818,0.27173377377885816,0.291528904987426,0.38642260725616034,0.12940730687872007,0.765936493512618,0.9148094213003056,0.7581632916546053,0.8732587954140804,0.8813182828450025,0.6946652008578598,0.6408785660195896,0.32342164608247825,0.28494872562586765,0.33913592767410045,0.36247564401158217,0.5206322694148778,0.7015688432530734,0.583284511236288,0.7558647538410033,0.5771331924157626,0.43268046083672285,0.49154473652399666,0.7912215093885825,0.6492980832021589,0.7107131506129889,0.6627979100419685,0.20793079132507009,0.9313025675724123,0.9452868733313637,0.965123461053863,0.5797950585065841,0.7064556599472587,0.5697761984807665,0.7773332819047015,0.6085665169100911,0.5720363168005528,0.5595523191130839,0.6529807266354536,0.7015177842324382,0.5751156884938015,0.5707150053969663,0.7398206184059767,0.7407113493159747,0.744694242107347,0.7687072007086564,0.6968034014006632,0.7474966236899044,0.9099476944244183,0.8591275242238344,0.8628459598238166,0.847805082365532,0.9073103746191862,0.8993499165159897,0.2532226344250913,0.4350739278833886,0.9360816676898752,0.29858425918068676,0.5945690530770162,0.3177299513962384,0.3983514290103133,0.9187794585859133,0.46044725855651547,0.9211111850414716,0.4510488231484854,0.6359652819120021,0.6273412915662928,0.4390131572171933,0.8264361767790993,0.9176208708376011,0.5224060806280317,0.3213859287620061,0.7456450202432428,0.8717612618236625,0.3241057444485605,0.2809433624162444,0.9304812839992855,0.37863251262805436,0.89031383286428,0.8921521426590989
33,0.5517538714701254,0.6658974847853004,0.934697616958605,0.9144718761606888,0.4810471991003119,0.7961155542781172,0.8417818758433778,0.6685584567898359,0.34874965898315397,0.43390310222306505,0.7263979051162145,0.6767888782003803,0.4461890098026848,0.7626455201148088,0.2516674297697225,0.9520325386933696,0.4948656113054472,0.9481251953632862,0.4724759337911189,0.3327524812011671,0.8539259321529766,0.2811978170816806,0.32408216003392076,0.6161198677354156,0.3537730783962351,0.47412624618620886,0.4562591462244163,0.8408560381178765,0.8216659342505563,0.7782090935132855,0.2597581627009954,0.562216900553128,0.6663270122740411,0.23496321227487604,0.32677081484335263,0.5774418237511049,0.47599337669496705,0.366287293849759,0.45264782117613467,0.28906040468891103,0.3782564732246735,0.21587787696798888,0.8261640832450771,0.7942825736587978,0.9349521063774928,0.7777943018435154,0.833980864816353,0.5169857374795002,0.7818189769029206,0.5130453215962065,0.8304118233886071,0.5715507385282814,0.6082841093462195,0.5067892728853427,0.5407791677160444,0.5769851769267507,0.5608440907949886,0.38056330676773653,0.459773855850215,0.5212444412540503,0.28819352816697114,0.37006465933182814,0.4423861960614502,0.3822575419189375,0.3095738363478215,0.20512077051830394,0.634632652090156,0.2567649024493039,0.8648034592019169,0.5569989077816062,0.512958046337212,0.7641756561644565,0.4069532435204282,0.1351761688207471,0.7250347617327124,0.5462781087976273,0.2750228116468926,0.3437564213182237,0.5353665089134223,0.3312295660069126,0.7470198820713893,0.5156049068665415,0.5314447028749201,0.2753291270718537,0.6786725142748006,0.28034466918340323,0.2557444129698495,0.6122285365309955,0.9512849947022982,0.8512058815889736,0.9659402688496072,0.15519845234342863,0.31477958230719755,0.46948772249521137,0.5449266988756943,0.1442945138568729,0.8147012158070387,0.38008233510306244,0.09516952506477111,0.29136018972023403,0.21449809513668341,0.5797597110875603,0.22347252547296242,0.5372302508334884,0.5662256889461961,0.5680911251231578,0.7268489211081821,0.5024813722537772,0.5757656315116368,0.4554841893935972,0.5787946674971872,0.5049226698002979,0.5572298905304475,0.46941368390791127,0.29903994537702766,0.6811263728721505,0.30664568384696245,0.6763137958351897,0.9396361532191779,0.21324795298837546,0.17053745990850738,0.4948634100630106,0.662504465197531,0.2826977011851462,0.28617332426069764,0.13304474983037978,0.8912556386258406,0.6588883280566202,0.6767889426367725,0.8083676062524143,0.3371501839296908,0.601232791996145,0.8362464858106514,0.6710731373918941,0.621500316636705,0.8503247858494508,0.16816388060015736,0.4917341948343938,0.33604363547606275,0.5469278979521801,0.5212660725267879,0.9176428849969441,0.8070280465006324,0.36703322442764935,0.11251125645799165,0.6797872901535842,0.5688916153891665,0.6470242589223241,0.4257658298593228,0.2534588362635766,0.5100828934001468,0.6627112063100051,0.3902214863586706,0.3995215025530505,0.8674564001179965,0.3913987890952862,0.3693574819376959,0.23386418238236448,0.5948718304509125,0.8457064285977508,0.5680204050759953,0.15367575955815826,0.525119470750513,0.6542465715498487,0.4477214551173793,0.39125982705562795,0.9075540464032492,0.9417041830101673,0.6354463553467746,0.5239211313216118,0.4904791079474471,0.3139034352070535,0.501631123252208,0.6426927976762096,0.3753497091165055,0.28601967046113697,0.6446716764018015,0.4160582788672489,0.3370658901004207,0.5815274695037747,0.3130738986075933,0.954922700198063,0.9391481335733705,0.9240727325062177,0.2213481558378095,0.19940345670673898,0.3987545921881397,0.44691743712024556,0.4316046377678369,0.394326360054414,0.5337932524227201,0.40884623905930173,0.48156053485062145,0.2182042081406847,0.29762861220774756,0.3784252034501323,0.7042421582428051,0.5568489615828861,0.7234408134583318,0.4293059776830398,0.42936353095001284,0.7935732556125028,0.3982567643445426,0.6933564288732723,0.2524026703193544,0.6193819286639469,0.2683635812825252,0.5714312870666602,0.8690139722048967,0.43337188088714196,0.9339719287302378,0.4792475547467362,0.7717807312183254,0.8979677764237783,0.3952361083487991,0.3262349425411302,0.5837824549863456,0.3138608009597591,0.2623533636399714,0.5392920217279072,0.509388121544545,0.14542134372950716,0.270784763114033,0.6313716666120451,0.44427237338485215,0.5463125628614462,0.5299647132576785,0.5808883404698436,0.9030129570758145,0.3157441118494177,0.603122665651261,0.5682074150370167,0.09881389733598422,0.5799259664646474,0.16164592288755647,0.9211099056605415,0.25556176246738593,0.22010811668012184,0.7215341713344395,0.3439835505364862,0.9496753566346777,0.5445452051438336,0.9649805508734753,0.6253392350949593,0.23296493487508171,0.3130217637612397,0.3163225178463292,0.2600712420470763,0.17015420047697344,0.8064269229694054,0.3098514627550146,0.05920186824369784,0.6223180048297652,0.5907172769651584,0.553539621734158,0.2757563788664677,0.29089216625392333,0.4652999595518441,0.43050068494917515,0.4522051914899165,0.2972526592753815,0.4261936060225557,0.4074139680185892,0.16049214616316285,0.3810270209482309,0.7632676447945929,0.24735088245212475,0.477414948142894,0.5521880474626654,0.5690872239000354,0.7248437247107297,0.3608589664614234,0.3483005838427254,0.5726612282595045,0.1985503265393234,1.0,0.6189728890887087,0.837590115403783,0.8556047192751731,0.6119309302528049,0.748949428675869,0.6790144114592119,0.07085685910854228,0.5468501886398145,0.4291726120145558,0.3416343184967346,0.17670944137078148,0.22015192215972515,0.8240051652158102,0.42184172675592446,0.6887651453692873,0.8633512005414126,0.8630882742744572,0.8663678505989185,0.7874926066998967,0.9507071716209402,0.9433565573782826,0.12756160098743394,0.6550597155571921,0.916492245717159,0.3499960507104738,0.3450540276317938,0.7639380916681218,0.325886255350572,0.5498718415004095,0.21655882033522192,0.37683138910574865,0.211522882605741,0.8865529698407678,0.535987710549328,0.3936742152067148,0.5220114236681794,0.639168824199565,0.2857718856604301,0.66381992219836,0.5522666503049752,0.5741103554064806,0.14782232743933676,0.5869901419432642,0.6378897355862193,0.5764603060289969,0.67551503540685,0.5466212089485557,0.59127388350926,0.23410608989730133,0.864115471565989,0.5854545089223632,0.5459628436782635,0.4276917757851693,0.10717046229276908,0.8680529013302545,0.9451462439704998,0.4551207695847745,0.9636483646703637,0.5839026807279465,0.28431439315350776,0.5967369266293706,0.26331224969013106,0.6215077742218518,0.49542352422932007,0.3932381548661168,0.10922395400836173,0.6144281395843524,0.5322442211377284,0.7134976396516999,0.4682850458373642,0.40965708669948747,0.22140370777589916,0.5989199078031147,0.6118708617256021,0.2857141614573056,0.5452585959718173,0.2451859551816756,0.7040694754069584,0.9303016311748852,0.9287452629304657,0.44276777085567626,0.9510722442799776,0.4760241603625998,0.45712000744879194,0.16692834329272133,0.5440332081263425,0.20987253895133426,0.5487113072994205,0.24133760967674422,0.5131993694046642,0.37818247928369364,0.4366427134982225,0.0,0.15662895467203938,0.353880082435163,0.33960100141814037,0.453579381638813,0.8803798484776383,0.5128058097788362,0.8834391804033069,0.7008281963961316,0.331795785158738,0.9472549667137685,0.9160644369327846,0.6718013954705283,0.526922556998488,0.28484759340134486,0.2427169946749964,0.28161440903654716,0.6088721860251345,0.5959459698733014,0.5890311891367729,0.5949021878773151,0.6583594817315275,0.5718966077971849,0.5955922198355208,0.4107622235188609,0.8451328933355369,0.3565212291622283,0.28444808673810057,0.827495363270161,0.3723019996343702,0.15765081774789663,0.5573631915073323,0.5696728052567487,0.5369456837544478,0.4908305856092946,0.451555458256512,0.517195810788162,0.5657810152062389,0.2029844593411748,0.1410157531188889,0.4711252248571934,0.3320855165478975,0.4087477645055102,0.7148683550468353,0.711407755537775,0.6947632934971558,0.6945691440564445,0.6716363611825839,0.42463277994121257,0.616933618588387,0.6920008842180716,0.9516042740855143,0.6083055652669409,0.733357065422471,0.7067556594691216,0.3186638435793715,0.29282552002998635,0.09126292062138389,0.6204694655463574,0.6160273396703946,0.65623705581909,0.13722133035435036,0.4538954050687425,0.8747441066308971,0.6634382188267298,0.31862032667662604,0.792762463529458,0.782128783180738,0.27651400924780245,0.1439330203688835,0.5561058263045113,0.6855185093015188,0.2118049441903378,0.22102827728028748,0.47135097601604836,0.5670950393067453,0.5888895699501951,0.5398686972834408,0.9433545778146931,0.5531929933611626,0.6428161452501602,0.33430050759521596,0.15259126082189964,0.2881435450014639,0.947871623993692,0.4080723209959945,0.6195713349997051,0.7752492660252859,0.9459765934132135,0.20346714866261797,0.3740000919606867,0.24876734596268468,0.2702873657941686,0.7735603783670142,0.3882854604686783,0.9489060365458735,0.23011582636918393,0.5680149370301867,0.5449480690918843,0.5159263881702983,0.5524986007085887,0.32050658724627584,0.8101225487313545,0.9571368962175556,0.519260038559306,0.4865348806484552,0.37282901192719053,0.42403372538789763,0.40844187593422676,0.6374353574517203,0.6438137233220191,0.7380241015984024,0.7746966663569934,0.08061475954505251,0.49085693878726716,0.9461332353471473,0.4880416460922705,0.6471473896235562,0.6708697002194204,0.6875049402865697,0.6955617820394434,0.6143201330483968,0.5898843256548792,0.5755793302576304,0.5483638103610966,0.5742266963541165,0.8412833274139228,0.6657834844999071,0.3985401944798388,0.877693968343419,0.741202113805501,0.8201311716832045,0.8207833713250602,0.6622257699157452,0.7932671436266292,0.7528308292003302,0.6911176390287478,0.9606427682273985,0.549880925284904,0.6019085446527668,0.6222706665516892,0.6607154995429959,0.6150120139295224,0.6997289008547103,0.6532303318490822,0.6253664127551615,0.6040511514693723,0.6870479705598206,0.7238565283042482,0.5259066418338698,0.7390569532556168,0.8171544297942029,0.8333563265213335,0.8426884102071829,0.827204685460553,0.7358691452927502,0.7966263514547428,0.9592566620044934,0.9210580488731424,0.9221298030934274,0.8631336388743251,0.9420175580079885,0.9430253274490892,0.19710864674609185,0.4530964379742188,0.9633118179575604,0.7201453882942674,0.633241110054734,0.5331303398634303,0.2505561092320176,0.9451590952801235,0.42783554699180953,0.9497567384473719,0.5444824269661849,0.4200906482171928,0.6399324921596725,0.4562169832259546,0.5008329899844652,0.6820378895659543,0.3882949974720046,0.44434558444003697,0.45619222170948565,0.929846606567692,0.5586881137883238,0.4743144100392642,0.9580594087987762,0.5908735240870692,0.9287800789060744,0.9486485104941704
34,0.6160750335585629,0.4456018147619934,1.0,0.9845058760237662,0.7388330012431883,0.6288710778718551,0.7064455434088042,0.4257909554442091,0.22679559944424457,0.3380363557388157,0.5465234244933019,0.4599634007114453,0.5433098028308839,0.6845761228351465,0.28504196366809337,0.9873354347432804,0.600062384309646,0.9998778040259938,0.5105925723487387,0.20170020844758524,0.8813462902722471,0.389820287477456,0.399705040719713,0.5157764526610192,0.3847140156903871,0.5067364647807929,0.25269323366617313,0.6609120979855048,0.6443996421833746,0.6257991235997292,0.26847965470676627,0.6019619180151315,0.5108107544846061,0.2689259553679381,0.0,0.5775637200759682,0.35327801249397334,0.3694956890184937,0.13587648644904737,0.1786780056453426,0.41642685649742317,0.289359808264302,0.496564288969333,0.3905750935606259,1.0,0.5987022345629938,0.6961085171774418,0.521930651334045,0.5830176845512142,0.5624490770663602,0.6746418098137442,0.6243476079447234,0.21050638976690839,0.5715272184722175,0.6029421715495432,0.5038633786232097,0.3663419017172177,0.46206047830717295,0.4589087073778785,0.34739721547801444,0.7079458321051741,0.38345163210277394,0.7177470211694039,0.2394196012172704,0.36904720758556125,0.28862102538434875,0.6855779014840538,0.7402945855087188,0.7308276326960546,0.8798600250016971,0.45726710937600545,0.6294315342021846,0.19345639678754045,0.17032169798693975,0.5567975054072267,0.7200462933533054,0.4257059302774977,0.2592403073321949,0.6024259071644286,0.5299202074253496,0.5700594746308022,0.36686313137901294,0.3643748805392019,0.21929212269749723,0.3879469330508126,0.34908321089247896,0.16969227482877308,0.6214003814047792,0.9930794000548507,0.5621460644841965,0.979211207627892,0.31739679687408323,0.5076980959120836,0.39755601851054995,0.08782542851676967,0.7188061716244257,0.43676563376356786,0.7013664150461929,0.26824505257784675,0.6545668678229889,0.10555578745512097,0.34993612266782775,0.5572917089606085,0.54464220501011,0.3563760517500262,0.36586584250962234,0.4743871385172653,0.35025897454249955,0.37219967781827423,0.3498442377837669,0.2031701979512901,0.586427123630557,0.139982639528867,0.5078422332457413,0.2062086196317059,0.7544827790245128,0.2575769547401574,0.5402180066117627,0.5981786021632008,0.19830128282517834,0.37110799696173336,0.6633572686573332,0.6985996612042018,0.5368758791508462,0.3959490239658674,0.44694199416468083,0.6940854793409459,0.3465233717919947,0.45664020993978577,0.6544694390956343,0.33382109397264,0.48298106043862943,0.3574517260949706,0.3113033004817689,0.767404066125318,0.6833742115389303,0.23074792097807006,0.7208633012870358,1.0,0.6982416355604475,0.6149238645101095,0.9436037247414263,0.7731780096738248,0.28532983015994734,0.23268501291951477,0.765022777735805,0.18924409152511878,0.7940619129313748,0.2236889428781711,0.19094908638665617,0.23424500000114784,0.7482225548595485,0.2848555944239853,0.2902237251498669,0.595901839739338,0.29269365716674073,0.2823455212783555,0.21221560035650083,0.5408387830342486,0.5960799587362144,0.6620336241152693,0.23909601164709568,0.6351783443113481,0.7937603563755733,0.6646975007773511,0.5325854922433735,1.0,0.48959373428085257,0.716453343655761,0.5588698649004978,0.43452769920375905,0.2113350959010076,0.5284466763475711,0.756967038651343,0.2413085681320058,0.5163175859341252,0.5132058924617546,0.302998027908256,0.25353720398757446,0.2243069002340442,0.11954636735831649,0.9965247953358337,0.9885541515625798,1.0,0.5217823177755289,0.24265385001943135,0.4903794345196103,0.08891460262350077,0.5082829974714069,0.44153391498216515,0.7101686771932038,0.2658908878546239,0.5938539706420489,0.2027279825811482,0.2630773837513341,0.8236703159100488,0.670675617664315,0.8273419555418338,0.8242111496007,0.27511108613695145,0.5012624653523795,0.2463397328807872,0.5095423586162315,0.4007273611540206,0.028988779427640277,0.43564455681240555,0.2150544733280285,0.3286415038127236,0.9240217770951538,0.3753461376780223,0.8766356893775156,0.41193022961482517,0.6304667627383825,0.6161524815954728,0.41223672971170056,0.25834204833451496,0.5467269036476439,0.34592674428463566,0.40064215161169114,0.5531894624219433,0.4407554228099473,0.3661112142417268,0.5962335855056092,0.6956428819291722,0.5125818206273668,0.5897611728505167,0.45427683589471507,0.5772283066473248,1.0,0.6291403564291294,0.307737229812506,0.6450727213481126,0.37314151773070997,0.6446540021390872,0.10792907987505271,0.7387298186648792,0.12589500453699742,0.10728256387439258,0.7703871474091262,0.028554111698855553,1.0,0.6155015353736224,1.0,0.5327301382658279,0.16016713645525055,0.49932326586622694,0.37507973579557186,0.4730001555766444,0.5381923791779397,0.959596911185505,0.29006872778721166,0.4268678609246993,0.4472147154704372,0.667274537280811,0.2097468817472727,0.28099817283316514,0.2698527726652786,0.39182325515973465,0.39395544420990664,0.37717199585345884,0.21130880644983355,0.4712904913997,0.45837578239133236,0.08994018372266487,0.45883648097012736,0.6795314643531309,0.430506671330427,0.2386479333409553,0.5565908405594862,0.45170206861373313,0.6771196020955013,0.5717804552187863,0.5425382740195732,0.1647688687629193,0.16358017641605127,0.647552892037605,0.3030830706009062,0.916090169188682,0.8186785208279038,0.48647508600325956,0.8284630263252942,0.5747865049580684,0.42264041237136796,0.41754209580594853,0.3261021900302212,0.31676929667131765,0.07470830637683083,0.41534740066532533,0.9765782525148553,0.44374466134494367,0.6104130783286248,0.8814485685043364,0.8235640617453884,0.8398729692217841,0.7499463716194753,1.0,0.9982902801181331,0.5724446251006545,0.8716570411231701,0.7687793331341987,0.559740241775895,0.7017039124252369,0.7877993225885296,0.1841403231986628,0.6344432344418799,0.2923599019851868,0.17607934841601403,0.1191248603500441,0.888788090748459,0.5914575890958866,0.3011158080924845,0.23608896564188628,0.6620870849319385,1.0,0.6818736335118785,0.23479446351606434,0.22143949198147297,0.35400147270149257,0.6207094287788252,0.6012048097857292,0.6249365675355483,0.7958706472045014,0.5757102929205826,0.6568656976779743,0.44658447413757096,0.9788972924919535,0.13119134845853977,0.12665076485498644,0.489621770330873,0.3635129867977709,0.9147340468053752,1.0,0.32421851069381963,0.9832018845322171,0.6097818558962121,0.17878520859556568,0.6179363930328892,0.10046668601347326,0.6440718375668694,0.5222583861263758,0.3305551980775877,0.5001371826305716,0.49833648514515017,0.1607167482018554,0.7888272685659886,0.0,0.09970655201578399,0.19788865948931886,0.4739988335619223,0.4818787370471443,0.19744449182099544,0.385502683314632,0.18407113272066414,0.7798388380527722,0.9149535206793932,0.915992279000147,0.8926473860300103,0.8943955943227953,0.8764296119929044,0.7102754247002021,0.15108124772349762,0.6448409131188749,0.26900486525913025,0.6363601609767984,0.30728951769703683,0.5987277657933325,0.3734637626003886,0.3288892342957063,0.5308760814265531,0.2820805158408136,0.2531629367503212,0.19220110667979642,0.7740364738745139,0.8632677595838036,0.6295992566260109,0.8387571331790774,0.6422885781337795,0.37528556022569265,0.9994594454683734,0.9812610906690153,0.6433191841220904,0.5791515919568504,0.40407966047584626,0.29501135251469,0.33345849975195035,0.7899346488888749,0.7738836559064424,0.8010880885940532,0.7977625277557423,0.6228029124564838,0.7768637691580349,0.7613479917013585,0.41742862809856096,0.9613836811748155,0.24240647216464245,0.5697048037989924,0.8471679159414756,0.5775672394515075,0.16557693417121733,0.7048336057248247,0.7007621652611783,0.6694317933407732,0.6195763223084012,0.5617406973947048,0.6049201536931033,0.5177722001859998,0.34058203967447154,0.23161382240325162,0.44812652532071845,0.4109812056935078,0.42464061755272736,0.850932046578746,0.8333141651571367,0.854652441074664,0.8442525764387856,0.7695260315337376,0.47013809641291826,0.7318407234949643,0.8504663880811801,0.9992171877326939,0.7262480391953224,0.8796790644436937,0.8388256180620504,0.2661191901325152,0.23245691186396336,0.6406542844620462,0.7293414174109472,0.7688181992029753,0.7244275039734277,0.15634058234981335,0.509317695390194,0.7656150882427792,0.7465670212774512,0.4498935306865434,0.6285596372118715,0.865272983164611,0.3567972148640527,0.2259817636545521,0.5789769352881432,0.7442895018224307,0.12886458967310638,0.2131340185946327,0.497973833843223,0.5618209852244966,0.5886568771784135,0.5486237929436788,1.0,0.846690998132082,0.5368192148964303,0.28350481142750755,0.12298644063296973,0.4957661214459651,0.7151370114524708,0.5855760401340082,0.8315565110644559,0.7489012948792112,0.9983354796289992,0.34507481093907755,0.49663310068476113,0.17729468331532425,0.7149661994314975,0.7857906240178227,0.35431531967904745,0.9908056362358758,0.8265719049279112,0.6626722386784853,0.7021893271790807,0.6931466627275955,0.5455259141992063,0.23345151424746197,0.6840773671401159,0.9950160771775857,0.3295138690119359,0.8238871997194888,0.7534515874764525,0.6635709524778599,0.6778600715200623,0.39364564075502734,0.3709792857225264,0.35286009967227205,0.4248143302765491,0.09743691307855609,0.8202054143456128,0.9990202244739441,0.7938055546568461,0.8070862328645086,0.7979066740371532,0.7196814377198766,0.7092530588471068,0.4005532309621518,0.3512384469684366,0.2503558320775451,0.22385825568063777,0.2987569746898029,0.770342465799641,0.632296116149243,0.6956756327665167,0.45054570214267614,0.554985428807413,0.6185232732076583,0.839141091754221,0.8844202489747403,0.705262065434977,0.5867288697489832,0.5024190699548595,0.9997117265179718,0.8722588480938162,0.9082025481032425,0.6462115333482042,0.8070631907171659,0.6517720762515299,0.7964587717816028,0.6776322116842173,0.6214493782370101,0.6359552371183381,0.7327993125050769,0.7072631555295424,0.6718021208958416,0.856422670006514,0.8400516944353381,0.8416907997605959,0.8445700765456877,0.8523987534048583,0.7825342772286998,0.8098909624030045,0.9908524206312267,0.9518274025142394,0.934009208357522,1.0,0.9930212756794567,0.9789553609781451,0.6087020282922248,0.3766468995392554,1.0,0.5527683938899186,0.5680223970450116,0.22518920484139895,0.39609454757620444,1.0,0.47308710989865155,0.9866426580046405,0.5471911026692315,0.6657405979156267,0.5198288550970629,0.49589598063026485,0.7836139883013354,0.844294630817042,0.48620716844012646,0.48205215907006693,0.6933599119234666,1.0,0.4457503271592059,0.4131391657088767,0.9881603891159928,0.44383024589700243,0.9873674425541962,0.9876075645408167
35,0.4692124377680993,0.35201621155521834,0.9818783178823897,0.9263041790485824,0.6247061525089831,0.7569664194001468,0.7265443995484347,0.3177927342465074,0.3482234572869816,0.2905180850481602,0.541776882443268,0.35070132472950394,0.5435759990329679,0.6980472241538563,0.3552935893576755,0.9785381919883287,0.589213276673792,1.0,0.3660379310547901,0.410600989717624,0.8775057803679339,0.23823383695621694,0.2066383750511951,0.6900965602283089,0.1491090097919631,0.7807769377403022,0.35427595608978724,0.8137303433204138,0.7982200128348931,0.7973465631028486,0.3128649165450746,0.6717814826434831,0.5754558656798746,0.31527703948083124,0.2726949680857718,0.574826932354752,0.38266184147290033,0.1464206929245982,0.5166028188825672,0.17512193806945306,0.4592927292008594,0.27163849021451847,0.42850789395381916,0.35188289643056525,0.9840798120129284,0.7388640232014398,0.7117933981667206,0.5516702109470328,0.7227810456300507,0.5647017264748196,0.6850665183180026,0.6424875589126896,0.46223011926632557,0.6336590951264208,0.6134212602496423,0.5344175942631045,0.41534117219973177,0.29439396971473136,0.23120688320712884,0.3889699069981418,0.6012715657457081,0.10193277650782173,0.5061624928679208,0.06255774345729204,0.3896807318464623,0.24729259741312012,0.6544715583740208,0.23253069620955577,0.6352232455487489,0.7036995270678668,0.3801811679640008,0.5326918573519238,0.398691862403126,0.21247748431118307,0.4520365996094395,0.7330104336944566,0.35078536647589464,0.24414438907646113,0.5987837990391541,0.3062426756165702,0.7533304403947431,0.3229381988653127,0.555702829953332,0.039942825316908875,0.26764500028862054,0.2264891050142435,0.07139148610428576,0.5837020136528785,0.9849697956367401,0.6874845124867575,0.9875408182032482,0.4681015189921497,0.3637884851744541,0.9031477412973465,0.11702920521054154,0.3984562213471233,0.7633039581201192,0.4724849635201753,0.27450532626082425,0.4113975485544816,0.19377567336990797,0.2532100509073016,0.470646802883094,0.39675911263697244,0.44236111368135306,0.4237244711617193,0.4149222975901584,0.35899024771796795,0.3910866081929437,0.9045590018357887,0.2111453022342959,0.6533121615948198,0.4008377806418568,0.497784396705585,0.570385391093249,0.689838156568756,0.571309074804716,0.4240444478503637,0.750927189518266,0.28074997180801226,0.10526180694879116,0.4610510614071118,0.716446298650799,0.3223360657918518,0.39660926236573407,0.22670469879941046,0.7348417145393137,0.09076867730815989,0.35183053184961344,0.5531526969510625,0.48782629158392704,0.4544426408605472,0.4265449830473361,0.10995818878080277,0.5585060443571567,0.6615506080879402,0.25213610765545524,0.7368587618419711,0.5737305910692269,0.6791273253388386,0.6419211479146875,0.9390921360181967,0.8719076379285199,0.580827774939397,0.47376929053687294,0.6369485656156102,0.5456347699308478,0.6344260164490954,0.4143016532110728,0.5240944390293996,0.2552562492900199,0.6419659625627141,0.377414976568878,0.39019190979650265,0.6734538048080758,0.36814936592005393,0.35832190317736545,0.39462002250477973,0.5466977720262374,0.748727292691737,0.5823303985898522,0.286177670279409,0.4993163280076363,0.7480576396244075,0.4263660311172623,0.6514358395466494,0.0,0.48774263410024127,0.7121835268892117,0.6230016267885131,0.421377717050824,0.48257881382420315,0.5807463829647631,0.7854961806000084,0.5249060350862269,0.3608700101643221,0.5431213314168382,0.6108708459705339,0.5626900990646695,0.5757987718578794,0.27127774851403663,0.9874192574616555,0.9746595703960566,0.9632386356560596,0.3039141889858194,0.1842079554069768,0.42338409446769704,0.5391198869299715,0.4607577780610955,0.47122932979125925,0.6597984098866884,0.3534719915264326,0.5629932447422457,0.1929741473844128,0.21302807885511252,0.525416273628416,0.4866859462665919,0.33177956828405986,0.6847336332049521,0.28911418235194264,0.6321668426952087,0.4292458855897593,0.6226952092544832,0.21034706177250664,0.19866722918616073,0.475508819755146,0.34021411196334334,0.407045986188412,0.8470557255289198,0.38300506439459775,0.8700872033033261,0.4500565570819326,0.5970280119591509,0.6853036373209583,0.4811150472348001,0.3806454558841954,0.41840566680626834,0.3859455310133874,0.42063664973605464,0.5365847539965387,0.4002544252729863,0.4046400920895471,0.794397797305349,0.8322190657845483,0.6255581644706801,0.6604898540348617,0.4850358421602808,0.6139516628516389,0.9600812161873902,0.6368942367729361,0.3541580026825323,0.6575513024245523,0.41091629394058515,0.6481925486381415,0.24512710971981078,0.7379346457055548,0.2543712607674227,0.0853509555554781,0.7150477420359322,0.26354967299422155,0.9846322042126928,0.6410812707269437,0.9818183681268493,0.6708912348612079,0.15082531856067796,0.5813151679074429,0.16183658496354353,0.5808996527786744,0.5527115092900563,0.6628479925965561,0.2099616226528755,0.13222150255152726,0.26591349275893034,0.7190171624895726,0.5143559578337249,0.3062922373053266,0.20242641822195656,0.44122617647959056,0.34722961413261055,0.41223247805056795,0.22660529437182747,0.5385881445660831,0.5179559355753524,0.07723487231655571,0.528718722687036,0.6502437048081567,0.02918227153518838,0.3132026499802903,0.500246890536189,0.5311385128284007,0.4974006061534272,0.6338738321447532,0.6964048149981765,0.265068354017103,0.22552375166959102,0.5081537213275175,0.5558752335331593,0.8889384394846052,0.7065370534097271,0.7128516959448663,0.8459218180381095,0.4293693614629283,0.2595916044060147,0.44187821036889546,0.3067347408895729,0.5180397543086586,0.33169050501920105,0.5415438595897086,0.6789877892142929,0.31261676945047423,0.8142619957837297,0.8669479944498257,0.9034611734326102,0.8324430315138432,0.7427304444325146,0.9825340427821408,0.9734926120876578,0.11787089745310271,0.8116794900335537,0.6477459237111686,0.3073375612862526,0.8291457037013619,0.6929230550360593,0.32081467955157517,0.6459909251186553,0.4623270392459389,0.4676501806632735,0.30156248289942017,0.8585212989729013,0.5561127928882588,0.3012779035627841,0.37386883275384875,0.7556383021639246,0.18597842819494717,0.6886943682274947,0.375144345950377,0.3724479824575296,0.27574400670790783,0.6848956535558223,0.5188637910252768,0.6761920867196916,0.6926597812141118,0.6331692127142381,0.6527541814212807,0.6008491111046934,0.6828141111006018,0.2982392565683687,0.27603272097627285,0.6919487326775573,0.6461332015605606,0.9261459666260462,0.9843412553576057,0.6230585288233648,0.9491137551923026,0.6741882015004069,0.3459172459800425,0.6786097179915677,0.29514514711606116,0.6936228070928824,0.5407829869079005,0.4396195641166151,0.5556054306899545,0.5743418326923966,0.39342777358184783,0.6608649561534328,0.6767398559865501,0.1958680268301352,0.20740023797356438,0.5632969058592098,0.5787977220834921,0.4465524570995787,0.4993565619160098,0.24809762100800156,0.9138242533296393,0.9501607307848909,0.9058321439659434,0.5209458689041181,0.8818048584213651,0.4863996779960072,0.5007054498563105,0.08423129426319327,0.7179933376864359,0.19333027723730606,0.6994893835524144,0.218434649523274,0.6791006975374619,0.3876632021332623,0.47911201969589823,0.5330345969349461,0.34666354785566844,0.410739325368107,0.3754506868734099,0.4976767029042149,0.8142392256739498,0.6735305102356572,0.8120487952711722,0.4364210652043397,0.3407948526172951,0.9760148264492721,0.9493169657222481,0.6181925335055249,0.3695514606377268,0.6476529196050581,0.22091015162000172,0.18914065471139496,0.7204945654267553,0.7101895240293807,0.806973191191996,0.8000286048180778,0.8686204972948627,0.7887246283286657,0.7947934356931514,0.41179818198798435,0.9197387628964258,0.4662412736491502,0.4064991795909918,0.7976186273167647,0.6010590779798876,0.15479475155097522,0.6793125590453429,0.694798097120818,0.6563040344685234,0.6028870468708747,0.6488912836805827,0.6761623445597301,0.5742412539157419,0.2875787709777132,0.3764609895332456,0.4269112687956734,0.4017860570696535,0.34354720286602103,0.7916046419773649,0.8098691077852815,0.8632780530304702,0.8502440353917042,0.8170234324317577,0.6720455949861649,0.7421096405269235,0.7993701417084276,0.982130922312007,0.7127542352009526,0.8149760782313502,0.8657369051665402,0.2935396171251171,0.314073491213166,0.3706230101257711,0.7408473878223505,0.742201958032048,0.7000906109607492,0.15203346475972646,0.503123208401,0.820779845729105,0.7186515683881212,0.4636058779865246,0.2985179326649183,0.8460846033144648,0.3082501553326418,0.2289891861738192,0.7967390427325843,0.7862012798572549,0.20946653692909667,0.2127975471893129,0.40643016101836277,0.7964168084005506,0.5618131893437001,0.5600898517622513,0.9697383048166656,0.7225418783805945,0.3996696934572677,0.3221733342292604,0.1569465808731069,0.5016286607629712,0.6473725042446525,0.53711814907224,0.6110264810530356,0.5470627907923105,0.9779447092761067,0.3764200874362178,0.4058640714706048,0.12338656895545345,0.3718510732323281,0.6247414863853631,0.3556519639612586,0.9899002829251572,0.7894802973132379,0.6076953671251851,0.49483061652825466,0.4605260141496391,0.6531128259548687,0.45924774912338895,0.6952830234579632,0.9819264345910735,0.4901426354038508,0.5713292948799611,0.4426396155398484,0.4505723498136059,0.43516783560333466,0.5001095817244713,0.51721916070895,0.5227282537691321,0.5930024805620226,0.10088191490158166,0.5361197633998223,0.9928954475239863,0.5348525854043129,0.5772673698678736,0.599798941725987,0.6317933953603112,0.6309765510037421,0.5676828999451631,0.5386728732469741,0.49880970214046044,0.4497430894819725,0.5668183701587994,0.5707295017933924,0.5438870104138831,0.4038449021644982,0.485595890596713,0.6917668998354042,0.7010389098376455,0.7647604571055173,0.4194272952237543,0.6899131781305647,0.6995780655932,0.692687724105808,0.9728582527253891,0.6120807137499005,0.6162538182152327,0.689329002718537,0.745524449700859,0.6888292467823869,0.8161859095259935,0.7230084954744495,0.6770629060756206,0.6471207905651033,0.7726672080888854,0.7899225762902843,0.7863841245597881,0.7359457882879367,0.8566142327598931,0.868016968707253,0.8678774595038381,0.8703780338839018,0.8226916166992029,0.8672559264302343,0.9705762387574138,0.9707207378805669,1.0,0.8980119897620256,0.9753295151598991,0.9622775900040066,0.3760610189056096,0.41569836818108286,0.9825987452956537,0.5038822342910426,0.48598762613722024,0.3613198497150301,0.362416220056982,0.9842676397284762,0.36008437859254555,0.9745830772940404,0.29988875175476176,0.5656573340953958,0.3951815813971365,0.26810640501083266,0.7181433919959433,0.8518686932813272,0.34646993896614736,0.4126825376639926,0.6986184662487932,0.9554334385201254,0.4473329894121645,0.41798189860986057,0.9865060937532885,0.1190195155779614,0.9807580292833049,0.9706401750161645
36,0.6722327686417028,0.27770771533363103,0.9300832229254327,0.867779222001504,0.4887539582850316,0.5303669626435216,0.7829223727345571,0.4919363388715375,0.45531665081252587,0.5389459507240629,0.5534314427364189,0.42498570325707347,0.5017189367339582,0.6734237721172375,0.23078662691538568,0.9535792800154568,0.4285083846056556,0.9670435440793641,0.4698757988214518,0.3237131991106337,0.80642380537331,0.6605387280982479,0.31756315864890017,0.5705710521355731,0.3968166478268185,0.49880965185697407,0.0,0.5574067135121282,0.5318383753279032,0.7027912642670036,0.29160291835274754,0.5429087058674291,0.6185718296267119,0.2802407161734645,0.46322823672451036,0.5301864297183471,0.5731873414173805,0.3116887716604521,0.2276586211279579,0.3606261273100846,0.370733946386449,0.34603191043736914,0.6642187036885311,0.6180373960240176,0.9188571013557211,0.8136754768899719,0.7063765079387614,0.4088120021350645,0.8104633804158476,0.4508922856450339,0.6757877204512939,0.5918953631529313,0.5774608485681723,0.5190511891898268,0.5656443178197227,0.4227226342183175,0.281217384544894,0.4560672087599831,0.2660157771632003,0.2757243768983667,0.28851430526122385,0.13945940003001273,0.02448875052464692,0.06132478886747294,0.31232269311314154,0.24028944761052648,0.6531025385344781,0.47643898956713654,0.8334844354450852,0.5189882253471638,0.3509252425275479,0.7274509845473425,0.3789483924166974,0.16792518202447937,0.6850004674672295,0.5881351547150928,0.41592838850273534,0.3694170706643311,0.4250468327804566,0.296698642897335,0.7394412585827489,0.6318264397381247,0.6441320394617626,0.6108690596986703,0.4812542013250704,0.2898884164379711,0.17380713125678537,0.3060339024985035,0.9543064999738525,0.6077050903192881,0.959011605430497,0.3705881756170006,0.29815307622043347,0.2330170897210313,0.601046341171194,0.26318094030764655,0.09012526846908463,0.5690301912115266,0.2844094785389306,0.49438593860431224,0.38107926570227135,0.5227268993555386,0.28657343428918347,0.5919568478131815,0.3672303165754777,0.3682322253967738,0.539760138652565,0.25242769327615905,0.28737763226400703,0.19267925340711076,0.5696826310189648,0.4676627396371665,0.4321859917034697,0.3063904411740509,0.28384809846196907,0.4865284900542357,0.35262808926550293,0.6484672710229996,0.6846901761843869,0.5470480156031502,0.2590894956418186,0.5542295259644208,0.7165185205063697,0.6182854328016204,0.6288364417753866,0.5684927677440678,0.722107368600573,0.30503902928522764,0.5447105353047871,0.7684413994138518,0.39386448998525014,0.29975910361566815,0.6847864797172428,0.5877047083176282,0.7946332056316728,0.7257504823075764,0.19304681787878242,0.36580843060255686,0.714738209741535,0.5605164512737271,0.5250719639348804,0.9149040730681692,0.8341177694017233,0.3501106867187744,0.2860786460011626,0.7976356293182068,0.009231732176021084,0.7934274801350402,0.4330575323853817,0.2536335051785385,0.4165868220816285,0.7720388449752414,0.5629576539859441,0.5765741277198307,0.6324294116308182,0.5437072430643142,0.5889793952774566,0.38528675580544663,0.5428504997371413,0.5838362745643522,0.7352008306789484,0.21264220118733312,0.6129345562911914,0.6006657439087215,0.6370338203373574,0.6514190776122534,0.6385105877665146,0.5991101180661245,0.6620046656937618,0.6544564883346367,0.6213760722830689,0.30074871688052196,0.6403218610718918,0.6802797315437491,0.584874633934301,0.5909623382432825,0.5936216049378485,0.40724881776707195,0.3351322354890159,0.36564151214390805,0.4464632371152441,0.9574651897175099,0.9465995046301586,0.9362565578035856,0.16620922004742125,0.3382407331801851,0.6203164700824679,0.2473943275071334,0.634007601474366,0.2590979081721201,0.5689582749036776,0.7302620593288477,0.5591793050842526,0.2587732596060597,0.3144312142475215,0.7264303748999319,0.4615157277781902,0.7277606027678237,0.7408370155196426,0.3728030923030175,0.48539330838919004,0.5651116453646223,0.47024183895014,0.37351754258912145,0.18695570030170555,0.36059672066821485,0.19250633448711174,0.2904957715258851,0.9030775630322244,0.5224301392051297,0.8269657059657239,0.57182606349217,0.598423434599341,0.6139686599717548,0.45571317196707317,0.4250261532803637,0.2672795337593771,0.36196104063451834,0.5376458088954434,0.5254553525025406,0.42335817871831166,0.36666673139341416,0.5706259395534272,0.7240313493465586,0.6477092435043547,0.5333986182055095,0.6539194665512448,0.5079040833312584,0.9443921016443158,0.5230113830922981,0.14386355831008296,0.1831766781442014,0.4226239149354658,0.47434300301545107,0.32884807268516386,0.745377307744389,0.22474207087197912,0.1491338733800987,0.723159385600481,0.4188258133801912,0.9471777152037512,0.5472072702811226,0.939321228065513,0.5545003851639414,0.15869727155627536,0.28643418342020976,0.42088931198836377,0.2858559580944624,0.7563787630485084,0.955296468682388,0.37856614728614635,0.2080770576808111,0.3046489579135514,0.6712792203552388,0.4063437444646253,0.3297738808234882,0.35278268192610834,0.454055058502799,0.4183299821364414,0.42451139268993204,0.2985769531279095,0.5869909904334477,0.5628688306895171,0.14309446295042275,0.5698927825118368,0.7408141214508067,0.0732901555725952,0.8641012067061673,0.5061983299955457,0.5384694175189788,0.5839211544967506,0.37708191126672336,0.3206605555823614,0.31346218280145083,0.20059918923528985,0.5158717514683964,0.573302501924713,0.8402633225290426,0.8103003531121918,0.26744460430886613,0.7427268788272322,0.32151432031707444,0.4385496995149057,0.447909497636594,0.2862626153968065,0.18616820841338894,0.27303296619604933,0.4087624892437548,0.8373537379595474,0.3411374141657318,0.7737431795950575,0.8826108095994001,0.9087858870521073,0.7949118801528648,0.7186320623659335,0.9573920699493856,0.9455494399949763,0.2027570819187231,0.7283741793547333,0.4967730652310545,0.5623207811917793,0.2716767201648909,0.7212041818019014,0.3380294927135574,0.5813533308858082,0.2607206571792449,0.1475368151291932,0.13749818853493556,0.8397444987554296,0.38862428002175686,0.29856610260980526,0.4112040087361271,0.6460222423384345,0.29807012169773495,0.6660449157983055,0.5133568007922175,0.522994601654318,0.2847074629109646,0.5879500646035616,0.6248916310603432,0.5882413802129495,0.6901472083937894,0.5405389631902304,0.6505506973122831,0.41431794370763886,0.8820013254260324,0.5070980927963575,0.46878426616622093,0.5022928175596385,0.40530290716815476,0.8514891903531876,0.9549925283225199,0.4428217736698207,0.929753128659457,0.5890586341375293,0.3530604553076463,0.5995036431665077,0.11121617579951087,0.6245828607574735,0.4847833576399549,0.41235261593400485,0.644766082562471,0.6836051276308954,0.3904501381959171,0.7450097497324756,0.40696286502816864,0.2810579671653325,0.2535746630879454,0.5464558902537741,0.5689901047307373,0.3507263405124926,0.5109147426321774,0.26432579717580296,0.637516587514023,0.8805550497725545,0.887117764660271,0.8420650109111589,0.8489748951231204,0.7882864804863877,0.6251086462851695,0.14282818746141376,0.4170207376418334,0.16803500076371186,0.4190217669686686,0.15767964344266605,0.35933513254731975,0.40317133701013913,0.37240026189895387,0.5296776715983004,0.23780991734461543,0.1350601173999019,0.1377028403616884,0.6788975906875685,0.8560713679491807,0.46472980374252604,0.8389980855169096,0.663519209002072,0.391653161870985,0.957061641136575,0.9380035106699545,0.7309970751191924,0.5888450073341035,0.5353054120366803,0.21740599941264327,0.20353532365905766,0.6376066309339298,0.6355945885289712,0.7394771847855078,0.7428479332741884,0.6766175093141329,0.737196891351198,0.7444886914646568,0.41510415175883164,0.857933955945776,0.43784978930967217,0.49713122405155313,0.8505445066161812,0.38013436363299635,0.1795925714683968,0.541727816940419,0.5468544219456971,0.6254475251864717,0.5922542760974221,0.4979348796118201,0.4557278410976323,0.4982294953266296,0.2912235852342973,0.2457245955641197,0.502889065900211,0.3084411282161716,0.3763438333100618,0.7624334930907526,0.7461173746222939,0.8317987909247411,0.821355543129103,0.8389051340974434,0.7140769327395321,0.618830795107146,0.7361684397574513,0.9486334966609706,0.6108897503977541,0.7799800764788318,0.8119090082814742,0.35515759730036073,0.3422207950071462,0.11832410607827626,0.6384370495146247,0.6405157432129028,0.5567833850462769,0.1410704966461359,0.22299616845768874,0.8622866663075962,0.5806791269677165,0.5333924805044079,0.4842426131031997,0.7879644564839587,0.3655953479991214,0.29891428760977223,0.8857348399257826,0.7385738376881749,0.274236208849577,0.3448529288441737,0.4651603505469304,0.7752482394163226,0.7316785529291271,0.5328945428853744,0.9528427774280677,0.5069062010112603,0.23205950776151388,0.4454571979360032,0.16479818421463804,0.48021278831568925,0.7625554440518132,0.6265370985612875,0.7728151057311269,0.6632538290671792,0.9567710046727949,0.3279302710649263,0.3219670869400628,0.0960644964037355,0.8223361324898606,0.6652572230157482,0.37289223929274407,0.9597932182222861,0.5920127383712807,0.5550168434951519,0.765505191677084,0.8062992499205848,0.7995798066531181,0.7069210761538491,0.7689116984048506,0.9586755815239326,0.6954058612186492,0.5261350624977198,0.43753566838982827,0.3497505693555348,0.331762547706981,0.5975780938238674,0.606364337421388,0.7405360540078156,0.7973080422075346,0.14498172657314318,0.5403791234618274,0.9511000472639728,0.5588545495634202,0.7414558702294084,0.7645328645285213,0.7125709792768602,0.7198731136680725,0.6511448650939862,0.6554352421430877,0.7009312796666618,0.6671218168508003,0.7439664354681934,0.8138242277283723,0.7691405844010708,0.16223585704115273,0.6203381645966852,0.628347505500607,0.7341495633510354,0.8961206085851698,0.6766140550427792,0.6943617290488915,0.5030991919988241,0.4323580506481798,0.9668480377842094,0.6415436283865296,0.6498444157324599,0.6238321584773406,0.6637503867363291,0.6200356895103611,0.6438216858093596,0.6535639674308548,0.6099048343831375,0.5884614984172813,0.7324072230519798,0.7173272525727997,0.6169772197701624,0.7371524743514268,0.8081755320272245,0.8051911654940468,0.8136141828720315,0.8042104837657367,0.8326198435165864,0.7749787425906672,0.939204664137187,0.9220775232987483,0.9360098606487963,0.9395371367628004,0.9373454683679644,0.9187303680532811,0.22142620609565644,0.1846954580509765,0.9501204770907088,0.5291947436951656,0.772013661102154,0.43823455641071957,0.4146458269681805,0.9511189461589741,0.4104567403598641,0.9462849677539222,0.6120788448157364,0.4929345580179804,0.7614469445870883,0.5405160024481297,0.6734339578946035,0.8138260289090962,0.34515877765589653,0.5544730391377024,0.6173475048015095,0.9516320151517875,0.3871396182930931,0.4292979598900625,0.9534706105517472,0.5766025744640055,0.9449970801812981,0.9551036818965458
37,0.39932679400407894,0.7196027201784844,0.9037673497465228,0.8505500352405406,0.0,0.660078768134608,0.6090418916425279,0.7210110217734927,0.4842346345248133,0.3686651659451611,0.43161660480620967,0.3940685852839734,0.3789742827999498,0.6083850008214027,0.18874876035505386,0.9271713216924071,0.4570884956618241,0.902087886505221,0.17669426473222058,0.49656076786977577,0.8230147648178368,0.38126696094269136,0.3498589777401726,0.634098493806796,0.32111381353326046,0.43373826931818243,0.5569673909117254,0.678839457715885,0.6685753017887842,0.5521012314371804,0.23839496089493956,0.6071397629386233,0.42741016966407813,0.22161858628761097,0.5001733554873298,0.5906976559110076,0.6025764982396348,0.16965013717145086,0.18424319006760587,0.4688136762334903,0.29372163729748957,0.2081573375430148,0.7645378138773574,0.7196877958808554,0.904430143566422,0.582110270161641,0.6307390297088746,0.5802627667852975,0.5824090429840492,0.37074635596707206,0.5970108793762491,0.535846646446802,0.6257607347734782,0.5836255018635027,0.5055874774989385,0.5674569994746554,0.4901083220497008,0.37215807361571485,0.25906249116832547,0.4595431431403373,0.34963578810089563,0.1545724636699906,0.37436953854869354,0.16331804423187826,0.2928721946008969,0.20313446218844902,0.6709796725460732,0.19573623034984153,0.8341544726263631,0.27391687773363976,0.292032460903851,0.7280056811703127,0.3136449970383391,0.11133935781271757,0.6852282311033819,0.5449110731889173,0.23507251819012662,0.45284806072391126,0.39673399076969496,0.21776936565070973,0.8011939144988752,0.43661765597326774,0.5641320594961295,0.28251681876668266,0.7356558319377964,0.24927737027170754,0.21098460580435063,0.6024053863873648,0.92530554800851,0.517728110505979,0.9243460224385551,0.32333022926888955,0.17547162880782985,0.10808895734628017,0.38801245349105606,0.0,0.3764333741231898,0.40482383817472667,0.23477438752337998,0.3283805700531466,0.4318497412496075,0.5087209022916317,0.34810491440267743,0.3439628298079404,0.5706267956884852,0.608979872747756,0.42503617250042935,0.20662861947507546,0.5420695675849636,0.06691856667785527,0.6320285392100714,0.33646713695451,0.3774204308121628,0.020231387493243304,0.20303519415069193,0.6516548435061609,0.2330039074860043,0.6361671243016349,0.9390658310582207,0.14151754404144318,0.044444809057897376,0.7864475632422335,0.5622652987027428,0.4607522815057868,0.10286056931177405,0.3868131839080045,0.6352077488667057,0.5610578926385094,0.5582832227013124,0.7679253176399745,0.344260980554408,0.6900185715097835,0.3103809571090734,0.5816799770689871,0.5049447635689122,0.6442081618260491,0.22231066757402396,0.8000593091266047,0.9643881890888513,0.4083612375078274,0.7263638939481143,0.8907917125555692,0.7424988875195143,0.28071568006285325,0.009875440986014089,0.5106924766705109,0.4335143266124851,0.5107853641711758,0.4168853091408458,0.3964609815390356,0.5736738226157737,0.4231224316852317,0.52899516067215,0.5345162735070577,0.5144356906001681,0.5152065477323996,0.5157311162157531,0.20564469884698153,0.2706226495963468,0.7191246727815445,0.3931080665031415,0.19959748687269982,0.27494855856333045,0.4525493756651656,0.22706487233248807,0.21268761609532802,0.6792062251238252,0.4375227281157955,0.581185236915962,0.38427196674247305,0.012194618777139437,0.15364460413189085,0.356398412108877,0.7079369363093765,0.19895746257292618,0.41572785024869235,0.5461278518559217,0.2336162858448012,0.23952518580533427,0.38090950310304056,0.40444927616262494,0.9193542207782709,0.9143897614155206,0.917256093742256,0.16444402015200724,0.20320543369565314,0.14582425698774695,0.43706392175360453,0.20383111647520524,0.03018367962218708,0.4023653353972412,0.2750373343775858,0.5182132426611732,0.14712220735440062,0.036791308285022986,0.6439215394563986,0.5396933902110025,0.5382043305610512,0.6590089320925927,0.3527920029841821,0.19290060398007491,0.7261476362896043,0.182044529625411,0.593973712736947,0.28393958003101133,0.5290290261793968,0.31829105006020886,0.504748810615213,0.6844381222551548,0.5667875209269079,0.8443989607058304,0.592069166829837,0.736770206966435,0.5732378266262621,0.4336508968114893,0.3233364650965794,0.7310369319678691,0.3064399250691546,0.4362341051277372,0.5199626040376916,0.46536514809647944,0.31856420248418876,0.6873741339543541,0.661513723285181,0.29723158912882586,0.6065084671644975,0.5900832931714056,0.5806033781834006,0.8774963727922483,0.3945199646334737,0.45827611774456717,0.11184273584990437,0.31964794543168273,0.16637875936633145,0.24117634678420724,0.8881422287385701,0.30233506529299103,0.16364448110575214,0.8127025585532011,0.34246472143573004,0.9074646339648201,0.5908210692793758,0.9136899081105893,0.5819329101678608,0.15087874444016958,0.3905266084771158,0.4156992511458937,0.3572232162353267,0.0,0.8112376613553628,0.31146347285155157,0.12415627507372065,0.30721772195054364,0.7365526315165947,0.44912122571626834,0.3450430673506802,0.2907535328000723,0.646960670731193,0.3443091794883472,0.6161132165702747,0.3201586498120879,0.698090403846976,0.6692135899089613,0.11561307175406223,0.693432285582342,0.5586098486490418,0.17049217907890582,0.34445571138941855,0.4118624791481025,0.3081212691860196,0.23781840671679474,0.3124123851911374,0.26421762126037596,0.2098948616785184,0.20903172545683396,0.6486883651807323,0.6114662260669762,0.9885005528333148,0.5392806810996589,0.41426195107735064,0.7408465617359378,0.0,0.44461295570800813,0.3483374964850881,0.39294264624079345,0.48624377412948855,0.30224889097241814,0.4564258896876539,0.8362947068648524,0.3975934159857461,0.6955237346138653,0.8537720975494852,0.8632185162837495,0.7748384471078849,0.6828857788521306,0.9062344153456807,0.9277684629373788,0.2675826079828686,0.5933833688937782,0.6170632070658825,0.9584157187801331,0.443385912698385,0.5710814178970398,0.29371406400643485,0.4816867470286657,0.3537284943362418,0.3983119519274537,0.24615257784764924,0.8437486994628242,0.44319335189091114,0.43070637756988095,0.6154291734274319,0.7024921385887586,0.870817264913506,0.6109392615655893,0.864911621661558,0.8609020013226971,0.13663210548953691,0.6522097384063719,0.4520730126477539,0.6455520052622381,0.48682022578790834,0.6015016269805833,0.6507216860978874,0.5982392197920128,0.8748407921585208,0.848974708204326,0.835547291628991,0.6723301054703702,0.41383118826540183,0.8626422442344118,0.8981066323387256,0.2631328892519684,0.8796576901363943,0.6433393362529753,0.1894078847521667,0.652261647551543,0.205318094066972,0.6660624486766998,0.5447719169287337,0.43064042331051733,0.4919598117075861,0.5399634065062594,0.4555996763980981,0.2946995027360881,0.4976928159150691,0.3884708051015161,0.3584489037159457,0.6476902543634923,0.6851542679717211,0.6611143829817668,0.5854569532879812,0.22977315592518954,0.8761389674615153,0.9767055004865212,0.9672137997101341,0.4307165140320826,0.9632789932112632,0.39366932984369307,0.3534679913438312,0.06618688507884692,0.21894646681683547,0.24398669676204565,0.24105779933100968,0.2588221854116888,0.004534300474573297,0.4367874305551173,0.36643082120161624,0.3620903792819814,0.24714763132751344,0.15197473036080267,0.23659053433102967,0.384280643868604,0.8332311527253173,0.4384366454918425,0.7110542020312887,0.4523535181753879,0.17747069021744755,0.9037462441180679,0.7654237902131095,0.4377607707545379,0.49182963554074205,0.30991771590341954,0.28075168313145477,0.2660780054778267,0.5006463169069215,0.49249574808641566,0.4548613563817038,0.4778649740938179,0.6054451084439094,0.4392821891778095,0.4781256066347719,0.523627973515354,0.5194989631256038,0.347668136275831,0.38349239818628655,0.7373593906343048,0.6087469030822324,0.20873361827054665,0.13391257098830453,0.12097437570916188,0.2504552485830054,0.22718640216693425,0.1820733497092409,0.23252142290994982,0.4601389210551352,0.3628694138164089,0.28736418956979387,0.30113336561114595,0.3084277176963032,0.3009858030137487,0.5973090872776167,0.5899842244852446,0.5702014507854104,0.5529453514336355,0.5589976392285104,0.3412932730040093,0.23439284308733344,0.5877699131106849,0.9081961503497629,0.15488789695251243,0.6386458900295205,0.5329965972260071,0.43399430969952046,0.42586385387073444,0.266882645067986,0.22528528501636644,0.17091332097225936,0.34689308986677314,0.19739538183707409,0.12358551732961473,0.4499907718391585,0.15436063550014678,0.0625460684899848,0.5300565351316738,0.6681707269117857,0.40858880010931903,0.3514708885804259,0.18581983916604078,0.4210090330391794,0.4045012063992049,0.2205527825638138,0.3685352093814532,0.7550037859943148,0.5899891092065458,0.5433863454078651,0.8944784265902382,0.29485489500477463,0.5405666359964262,0.556059182396283,0.22203744105322495,0.28077347610399683,0.3249596866801024,0.191493707066495,0.32389271350916793,0.42378194439795425,0.9058890490785508,0.4185795446988606,0.09451874242448965,0.13801239303410104,0.2514259400369412,0.6214878286375499,0.3616640014924459,0.9014274360956424,0.4798706959514763,0.7001101626274457,0.828468363316427,0.8236271076809155,0.7788165515288803,0.6564789769861055,0.8311908436230682,0.9091384170314523,0.7934994000724557,0.2920085396771648,0.5015374859759884,0.3029445469083657,0.28869050138189,0.394856180927023,0.40417740794840046,0.9616274954610844,1.0,0.14193195870465516,0.4723314268188241,0.8908136937936354,0.4682514172383505,0.3593792317845977,0.40335417331640316,0.5374968802869203,0.5512467560848752,0.5112888595551568,0.4855903373176627,0.6002224690556418,0.6059434281896328,0.7539273103354561,0.6467119629616915,0.6403164120701659,0.332460118130873,0.8072355206191162,0.641495813287966,0.9587358883776703,0.7502546662333448,0.7330375877658578,0.7273605820429747,0.40229490938519075,0.5228682351658108,0.9238427372828214,0.2616452371491088,0.2886075560158697,0.6747972126614294,0.5945318219199224,0.6703694609105867,0.6942954801592471,0.708355069654874,0.6666342530643438,0.6643994606706459,0.750861585577262,0.7194388670865609,0.5854714348392684,0.6663418836205928,0.8686372989170064,0.8775468778293359,0.8847670658062871,0.8775297003907825,0.8913299159192077,0.8934376626323288,0.9087877157891762,0.9604577567588889,0.9692880430536583,0.9398368859918256,0.8834269911442486,0.8958552779881019,0.49009148204474634,0.39421764444513263,0.9165828671127186,0.5499694950631338,0.5049908221802041,0.49954257107148714,0.3990971969591164,0.9121902212525898,0.48025943338882915,0.918191104558585,0.4682559765795665,0.25514390731214837,0.27627355245112734,0.5145268158399038,0.37929264878913316,0.5174649862829993,0.3500216078658227,0.4500952728485477,0.35918263446597787,0.9098572079525352,0.07006857914966699,0.5577314025295566,0.9093816282172693,0.2450534152059634,0.9111942773216187,0.9128578595373935
38,0.6661041747340516,0.4311347060323148,0.9374590235931589,0.9200683182437278,0.4813077347071554,0.6375835412732135,0.8226371012185703,0.49147364037630015,0.2972684893234303,0.36847781269297786,0.6119496878498102,0.5217185875398457,0.5297978364979551,0.7762291942968653,0.6431085346133234,0.9558933381863816,0.5092345028425559,0.9402410341914406,0.5940402970124602,0.16240126084955564,0.83864913832407,0.46948568575164407,0.17596229000116306,0.6873689169113376,0.08305916601439957,0.7316189210645508,0.988154556163566,0.6551213239179767,0.6382948652832919,0.7706550721354477,0.23624688259894003,0.596860262289667,0.6818936267656935,0.22849807871101974,0.4510981329668567,0.5730160029809123,0.5443994290886748,0.31581926102166075,0.5436915288763121,0.36408405678821665,0.2782942990536014,0.49251392893485535,0.48436920788760246,0.40792556657003176,0.9417303479283899,0.6153759137270832,0.7683560729416408,0.5843779619096938,0.6192567748048998,0.4585931955878527,0.7526127858454891,0.6258176688080412,0.3698443065505241,0.533795219535257,0.6023534011883079,0.5242952073066085,0.6989277858722912,0.8456208662521978,0.2711464799368443,0.6709185049256955,0.8528532044509354,0.1390688008936004,0.9598098251049998,0.4013972051208291,0.3077865349718063,0.39264045311788914,0.531683346425205,0.7387958116284387,0.4346787664644573,0.7840011146467272,0.3299853951862819,0.33397037008610697,0.4592574311152208,0.0993058592113797,0.24476321148791463,0.7098382587420325,0.3059653713865761,0.43703252550688404,0.5888401155013022,0.678041920468292,0.7186423664068324,0.39472716457743406,0.6570694780058269,0.2338231729984683,0.47182392887711816,0.2910254970920897,0.001616450970259891,0.5385212243311822,0.9557292359956816,0.851880843762476,0.9451913110768893,0.5484426624886679,0.7389287040851551,0.5732378555925639,0.4124900080024587,0.9319699575569703,0.44117303317294254,0.5702016184450742,0.4078612981499689,0.4938555617877347,0.38085759592860347,0.4697525168074166,0.6267722709373142,0.21990595910911034,0.7398286047892764,0.7542476513971667,0.5039767109405778,0.2971294277996827,0.7401077459476489,0.5361146802448505,0.4868745326889055,0.4469707370525031,0.434910352648173,0.4234052373468317,0.2757417128503458,0.8898134411112859,0.3308940497473766,0.2313925009474984,0.7655476830257593,0.444150372172433,0.414292144059744,0.4206283817208963,0.8306608596196091,0.6605358704878936,0.6253657440693562,0.5969472263047585,0.8656472616089256,0.43319870531690396,0.7484279837271409,0.35475655831534947,0.3969582579263449,0.48332829169181324,0.7455074134232381,0.3810527677393931,0.6204793125251125,0.7388926612694647,0.11465671977889874,0.911855770407596,0.42645933133641284,0.5380404378786305,0.8765003952536198,0.9153587665790779,0.8539533499401492,0.346883255950605,0.08979949608547128,0.7321847128051666,0.17076950946109234,0.7609916142659042,0.43162158849738086,0.2134926919508721,0.4508487722149818,0.7731372627204744,0.487307804458501,0.49511566454003475,0.8283920180096777,0.4713236725200303,0.4389494815713152,0.3815720857406924,0.5449424472417937,0.7656745296297303,0.6954408790460346,0.0978328329996045,0.6043215316466964,0.6275389484144885,0.5442593530682919,0.5716417875402663,0.9159342826533897,0.9481767316757438,0.6433031738551697,0.6856656742382207,0.5218704963382137,0.1937629940538085,0.6631208740421871,0.758857612735576,0.5419078166403951,0.5749154758527205,0.6778372210744412,0.3633843693006646,0.31302466045602134,0.6733953845334409,0.37897924585985865,0.950387304475888,0.9438188210265874,0.9493760044293181,0.5363188651289733,0.23722272520363705,0.653097451378796,0.5657329641397169,0.653186182289171,0.30987245142532777,0.6220297765774849,0.42455866307490514,0.7254535996816123,0.26555777758840776,0.3955291686073106,0.6779109515695185,0.5838520185604013,0.5197021442459535,0.5189067076897755,0.30593882601373334,0.7259322625746378,0.6441313512030608,0.7310344865473524,0.4720193806861437,0.25739761608400974,0.7405182840106397,0.3153448286974207,0.729880011792237,0.7929994639358641,0.522515058285132,0.8316470647633324,0.5705862520854448,0.7186106522571466,0.8366496327754014,0.6364676929821987,0.5840419454235698,0.4749363018211788,0.8188900296170345,0.5197059077694285,0.5546658909609927,0.4795778231220681,0.3695451426792767,0.686053434080249,0.7278209300451827,0.668704759847108,0.5872369074682252,0.5840558748098494,0.6033788725312482,0.9071837234707426,0.4695265518889161,0.3400059396388541,0.7003285761734981,0.5900485506877639,0.6937194233480889,0.11317479576171609,0.9071442475517334,0.11428468357290894,0.20900748148996942,0.8113988128263326,0.8762875648975958,0.9513250518834803,0.5944298919590514,0.9187136360960929,0.5769312272860164,0.23827108216579393,0.46202856325693636,0.36429256384282,0.45794022841811655,0.6032424063801849,0.8420615907927883,0.8460080581622723,0.27858529403744603,0.6950674584717451,0.6569076564805312,0.6769460864937115,0.44631718053157104,0.8504591241443027,0.6913189208902896,0.36078169851196146,0.6660019692637341,0.5410133629543357,0.6682721011067118,0.6448757628602453,0.12860684173786335,0.6230377456599417,0.5858106056752743,0.20567769084436868,0.4475905647793042,0.48256537021983154,0.5539888115409937,0.6951636780403291,0.8916543765955575,0.8759121139410524,0.3819013801846361,0.19749449391798946,0.5853545445322172,0.6101065023366335,0.9503215342972522,0.7465381599079008,0.5162391454216,0.463932967817061,0.4348080805042129,0.537783621182245,0.30531050335793763,0.2338624406248828,0.44154195195297086,0.40207195937489904,0.6274710534629707,0.8847478599683813,0.4195028170668481,0.6678010821171765,0.8670127894462333,0.8504918872724303,0.8117008893231359,0.6598500263894173,0.9483269780890674,0.9519738909927512,0.3080224723604719,0.7335929374070664,0.443614773111136,0.5300900322520131,0.5107794055796047,0.6839877623896002,0.35832542236237336,0.4495097498672623,0.36432456849431094,0.5558297236041073,0.3535610503602692,0.8467420958575964,0.4771558855566993,0.08164736887253282,0.5633262232615571,0.6421867460395163,0.26913852701747404,0.7187755037676206,0.6231667202626231,0.6373063487466791,0.2652267197507005,0.6175207795392382,0.749456732127144,0.6064129880494114,0.6855709076753462,0.5791554866818521,0.6110694384412917,0.6459279977258487,0.9236273818475333,0.5218568700301303,0.4834108574748828,0.6025045291658053,0.4978176292200122,0.8474682820710151,0.9492796080028544,0.4325928055717308,0.9446759125172255,0.6042809653804445,0.37771473585210363,0.6106834193208672,0.34915838040992925,0.6331190886872533,0.5130549808205124,0.3286793523222684,0.4331077686064004,0.4477780458814264,0.13801534245481548,0.6307901792809091,0.7427226753106982,0.4409486077579905,0.3131671588604735,0.45439736952710896,0.4154460013047873,0.36451763179440555,0.4527135719475821,0.16550003968650234,0.7937807405447149,0.8248263674897256,0.8345311870509703,0.5825232945855189,0.8201284850349595,0.5581365530605351,0.49218088949928357,0.07805113323751409,0.7293323090278496,0.3192230751483708,0.7142800158327066,0.3214121941163798,0.6974917152668967,0.3721458405288051,0.3680897056742378,0.531297097122528,0.2899809247499511,0.3966222022947158,0.3631167144264718,0.48393745194040366,0.8656908455700297,0.6831214028240192,0.7989252251345602,0.5313193013555854,0.32224901572888864,0.9401432578789651,0.9137966035605679,0.5920776141399384,0.48651681415373244,0.5961461303919007,0.3371656436860039,0.3265713820626016,0.35165832988726936,0.34830317885870277,0.502779533173017,0.5372502258160929,0.7429513281763047,0.5048814452765049,0.5522959958840612,0.46050450740728827,0.7822953962492872,0.5837806887166751,0.29787583502016934,0.8274816626930923,0.645185917350209,0.21742773714886207,0.48036319138001016,0.5105589437018953,0.5760350768782199,0.543967598519162,0.41998835664466444,0.4178133346836765,0.20811694152942595,0.34380312195146856,0.3438037560179809,0.39553514310980925,0.10070256834554385,0.3899617838568766,0.4651729636384169,0.48405027983473303,0.6405876996338651,0.6399165877738944,0.61546345872322,0.4887311990566776,0.5957491086080507,0.42320559572830546,0.9587004464627124,0.5886957366035552,0.4438614189417557,0.5944786985269107,0.371914295901468,0.32867115506734956,0.18294714058416303,0.6152169576236125,0.6123274293566874,0.7116718983152448,0.20181802978671526,0.5533234477602325,0.7547721577455576,0.5194405023794899,0.41697206946332727,0.7579445665926595,0.5152257263655002,0.42260059490617885,0.40165650326041274,0.22150793158967577,0.5469788366701372,0.2770374259331706,0.10230290176243062,0.4150906792691085,0.9273727052052978,0.6189911753975254,0.456799912152053,0.9505428749204436,0.5431961379475003,0.38997508847688617,0.40736879873028947,0.17681420022600758,0.14786997593561932,0.7041074547234103,0.5773435272621801,0.6943408306371649,0.5935596060624347,0.9438116219241559,0.37056767865398893,0.36904791145022414,0.15053969279032883,0.7478037504342442,0.6774631205263714,0.3848361189829689,0.9527562506009828,0.6367020794489309,0.33817586755274126,0.4221690696135694,0.5084815043923127,0.43107627678835825,0.14967208896361156,0.5220358068609902,0.9539176289124142,0.2494211510498941,0.7117727651406314,0.5662988726336923,0.5315561885994905,0.5163748861064984,0.7213637903961239,0.7144026568076545,0.7277160405374794,0.7107368096863163,0.10519781556854764,0.7113007975648766,0.9498909592571485,0.7161994435589629,0.6594659918613714,0.6780632878565501,0.7232023218099075,0.7442806805433467,0.5336452808540404,0.499818823703188,0.43765528758781536,0.41652921440252366,0.45643019094407555,0.4830469686470419,0.4876348366575258,0.41796906771180187,0.32187302903184567,0.8089904049829564,0.7310624752466548,0.5968409434558146,0.41929417505872035,0.7629226525861089,0.7533179060435455,0.779374170889179,0.95807131334194,0.6686196296817561,0.6923292902535778,0.628741365525988,0.9449572078166303,0.624821717368211,0.8957811018830933,0.66758213257981,0.6354728870519558,0.6323732455288468,0.6855049422512994,0.6981711364545863,0.5930017065711963,0.834343812333866,0.799884999681916,0.8114056293653676,0.8101575229940968,0.8220176251350687,0.7508327231048835,0.6563659141571501,0.9563906317729824,0.9232006931234766,0.9277683742941774,0.8723569566683949,0.92960261195884,0.9363838167017351,0.33615763214282046,0.48634813524762827,0.9637199516064107,0.9905971806182831,0.5019614569989119,0.5961063758852342,0.3457484117320612,0.9590022728914056,0.48270612632350973,0.9558580911043204,0.5418488093764416,0.3624023505039748,0.6021467837582387,0.5348948774131161,0.3636307390319232,0.6344392973718518,0.4529839873381627,0.3871807109042162,0.3674098146213532,0.9544393211857055,0.5059809268672106,0.46361926349839516,0.9453849724435159,0.26642448968584276,0.9131913609373995,0.9429709438089415
39,0.49031896066204994,0.5940680488153279,0.8910710131713405,0.8628009177498079,0.1440776213949715,0.7690385529000037,0.8273990846813892,0.3000251209378565,0.4411931653962695,0.43317567446483185,0.7077087810008872,0.5150808381347092,0.5276932819860548,0.7485866615033375,0.2707067242055437,0.9203808365520084,0.6342534720123303,0.9043003648872523,0.3075227091061182,0.3836021178076755,0.8303871019409222,0.28355465209708586,0.31114201276522035,0.5186265789293599,0.32088355491991727,0.2920640926986041,0.4234611206529966,0.7905024546290673,0.7781196314040517,0.8093160008897726,0.25445464102139775,0.5214825918937095,0.8791694639073845,0.22188500503918965,0.4323142825493104,0.5171068573170959,0.6608057484156943,0.40945563317891764,0.4008614692375045,0.35688078343361035,0.6141428655157412,0.38039292731246316,0.3053577369734982,0.29278619628800345,0.9213581673720185,0.7777094561910828,0.7781872315583023,0.5321763083913608,0.7708389113902704,0.6769997499086394,0.7642040930790309,0.6912719556504272,0.36714087236800125,0.5052500537680168,0.6747659085023819,0.5160371938031492,0.8285574895731188,0.9721038487169565,0.14465332147283533,0.8120858327706898,0.0,0.15978221612764834,0.4783590727013786,0.38040660597917714,0.3107722285752344,0.18106022739978062,0.5300011935885394,0.08153038668640153,0.2374920659849751,0.54437003382378,0.4551452672932041,0.12534634629163496,0.376333476566938,0.24268091799865646,0.10281928993021623,0.6209088057471408,0.2889904688662378,0.1987754208101936,0.49773286605994277,0.4416958878460535,0.48069270443921186,0.49023117951362377,0.651225942219588,0.44343128220616357,0.2646751228872705,0.33402295961518197,0.192694736832998,0.5756259746975262,0.9232133996046394,0.8920074471985109,0.9270114866656376,0.72723685887361,0.2491593068557054,0.6321860191616577,0.37154057325683715,0.34383131568615116,0.7037462680754318,0.493254461727754,0.35213046284358074,0.44527834367036667,0.34559418984525875,0.47643190892529313,0.47051573992897167,0.504747582984405,0.8406605172013945,0.8563052495069762,0.4244893326664602,0.40448681297280215,0.853950029370934,0.6129321514741672,0.07292957087936343,0.5692732223853676,0.36430467173968123,0.4135867793513644,0.225242252542823,0.6421007547819441,0.26137793348023974,0.10407994347432079,0.8676795486569022,0.4428242489902221,0.205306308400624,0.2418040194273847,0.8514115103970027,0.6072607313197739,0.6595467148484848,0.5638542843720525,0.9121322872487568,0.3221782242999343,0.7201724773796994,0.1318470113764138,0.7707592575607416,0.7047457929082879,0.8456847850335147,0.2739905927874653,0.5314907954630057,0.7905366986170611,0.08125524614272134,0.45254141686822774,0.6095731760864094,0.6284556712080162,0.5328830880230655,0.9310855610206014,0.8195968592770916,0.2997231867662093,0.33439947442088197,0.6192099377171424,0.6068146983943776,0.58418481758888,0.4485538897530534,0.14983280463190068,0.5501617657337114,0.6697955253054858,0.4753520600934151,0.48547309453663867,0.8925166066414436,0.46309613385093085,0.45789661888911964,0.22715929731706688,0.9732141520779124,0.7556980775549733,0.4732256867011041,0.18888144156796574,0.4019867041034237,0.7049467697288097,0.586143870584165,0.5951962767525876,0.7156036974755902,0.5890978612225625,0.7368702575854852,0.6181487571575998,0.23030841387833995,0.21231501625405394,0.5856160973805838,0.6915204369952855,0.5086498249827253,0.16227378799561318,0.5963308046704172,0.3111891649050891,0.2644871073715789,0.6052456664887029,0.4118045293616706,0.920875175940971,0.9069450705467846,0.8901188461372453,0.22465807150407296,0.3037800232928529,0.3180083398458135,0.49441524888494404,0.35627264825897703,0.4220915104971137,0.6364477185369696,0.2820726667049069,0.5184612777978727,0.2519244868261854,0.32777296285299984,0.5422355371885305,0.5962984676046991,0.39081491009075964,0.7012393336693687,0.31720154027842734,0.688312646083152,0.3870121121267433,0.6884790224561955,0.1636997749477972,0.3663989396104535,0.852187682152886,0.36625604590008337,0.8233335133418298,0.8590506280308629,0.5074872242749985,0.8018912302375669,0.5774384640686451,0.7393961437414045,0.8750732986669336,0.35279347809673006,0.4087068123334227,0.2216875185244039,0.9694281987976444,0.271782086109838,0.5659213043339728,0.49410696217381156,0.34521239476092175,0.6196565035055455,0.7824535351506404,0.48861384153975534,0.5033433718324569,0.573031526582101,0.5169468116154072,0.9166987366327906,0.48083506975196094,0.2894455352634974,0.5579071256903434,0.25916873602186286,0.5387227826688575,0.16292802906629822,0.9236016352877425,0.14353397737111,0.31325250401894345,0.72961983908797,0.9810276593048975,0.9146685983932632,0.5355690508739558,0.8833519179039662,0.524592723626754,0.2895283136184164,0.5311928431247817,0.3606901240118122,0.5215786568268536,0.3119748338106871,0.5974468765548793,0.9738122243507524,0.2737029384206709,0.5650496267083907,0.668530119919001,0.8191437768191795,0.31556538470798773,0.9850909894738165,0.5927730389796736,0.30705354000977103,0.5746777999914771,0.41984359199311816,0.4250920560774245,0.4068573145534284,0.19386189627770345,0.38175042169556256,0.5827406701207335,0.2029216113434615,0.4310104358328396,0.4891336637171752,0.4678241903559918,0.6552891625015793,0.6588736307196006,0.7220698621337666,0.26511538995155237,0.24499360959867497,0.6612067892861689,0.6614416746854295,0.8059903852437945,0.7142086570720722,0.41665871596666704,0.7510795144893087,0.48016798205554106,0.5693905660979233,0.5342986396054216,0.37068980031703413,0.49963300414701173,0.3346709599613155,0.48757072811050134,0.8702522632449883,0.3858598389345921,0.6487911819790902,0.8549772706130845,0.8465819043059433,0.7577636236983302,0.692652798541081,0.9095012796713959,0.931488263404792,0.0903973856076766,0.7654435601585594,0.3884085623073775,0.32502595142350194,0.6625389146291878,0.6871938056391085,0.2102283043058545,0.77891537119411,0.34781570117193833,0.35983772832164945,0.4008808381689481,0.8370380898936459,0.7438365934075633,0.21719713910442348,0.5562529130980338,0.6254174130532301,0.282880467788152,0.6364407311427174,0.7281231829098684,0.7497275071949437,0.39187373857629965,0.55513340896676,0.8419945063400399,0.5429728447482828,0.6732197284281941,0.5074191977962222,0.5398819024718233,0.37295930666176064,0.9202812555658103,0.746349722409455,0.7003528985366672,0.7312926282372647,0.6778993831597636,0.8595124491986681,0.9179443339507051,0.3616045613302431,0.8948910767701798,0.5415524778018792,0.3849736679720513,0.5427817489314057,0.37888771487286454,0.5769211692108022,0.44934484904530264,0.3387548949809817,0.40120236215374255,0.5623651101844134,0.0,0.6815771168026252,0.22940663125921193,0.46035481797615435,0.31162266682746737,0.5091819413242811,0.5215122125086133,0.4678848534601409,0.4408046585946931,0.11100399173839552,0.7472743378444551,0.878799857068979,0.8791830393336332,0.530771160422471,0.8345594937310571,0.5158814779511938,0.5088746591807605,0.1274839431659749,0.37439761324463056,0.2575958290295362,0.36572939797559734,0.22508288732723264,0.24582863738516358,0.41869928095072634,0.3783919857063919,0.5320557905246488,0.29887053528549673,0.3563897643682611,0.31623034244342135,0.4726072796873937,0.7900054023335091,0.3649564410111326,0.8108178572282421,0.5902122863120035,0.2798732999547242,0.9115218073902601,0.8388232581532415,0.6487367785141176,0.45573146556855965,0.25407667004272827,0.27084496115259576,0.2671932600423824,0.3081886200266126,0.3148570266912844,0.3828006742859199,0.41485902802418684,0.49961041329408684,0.37300033777098884,0.4168725469197212,0.5038690977407825,0.8492874514808473,0.4994236673511443,0.4367444629804527,0.8229344067215283,0.10422461445035777,0.1774105410149383,0.5854866500215188,0.6079568312979132,0.6322669814645012,0.5937930195197172,0.4799233106235428,0.5009063995012087,0.1946008177572746,0.2969621905280325,0.2686499619148309,0.4458792524938417,0.20872843950671235,0.3539441723833796,0.4119087783753193,0.417942262138825,0.5229274733793879,0.5049858289054009,0.4978116264378145,0.36925374381069087,0.681557041461662,0.3689619992821871,0.9258046791796666,0.6798874535961718,0.4491535338438214,0.5140265761554854,0.3920087791733249,0.3795928014035369,0.13653168275949187,0.6716374564501034,0.683740565851684,0.7498420760347668,0.16044967256113196,0.5828249584593999,0.8568038955585269,0.6400750355132712,0.45765317084654944,0.4233651310051461,0.45740463757461636,0.3355119051268192,0.20168715522198075,0.7109965265616632,0.3527694820916628,0.39768929454972246,0.11258503856075476,0.44061494553192154,0.9876495664321139,0.6234514765682189,0.49238425311734735,0.9196313765491727,0.32225774096442555,0.23147042737445692,0.5418450741370697,0.14939400186378154,0.28829227498270865,0.730187511425381,0.7182114261212577,0.6762160544026871,0.6247799003148395,0.9185442604568717,0.22239088292259268,0.391798104723692,0.18470807178569076,0.3952604162869015,0.7252819327820011,0.30118367453812345,0.9091484005563328,0.5913852298373496,0.37550621994948896,0.5314448679984228,0.4679683255283191,0.5423497855279986,0.15090686419306582,0.7580116927821307,0.913883729521095,0.4584186564109507,0.42453332112674025,0.25560652754287205,0.4083681994327018,0.3939593488507682,0.7054250045521261,0.7003546379294606,0.5806766981060273,0.6208257712298924,0.0685573965211246,0.31177810447529736,0.9350457210457103,0.2857386224995666,0.5957110144274456,0.622496742474684,0.5510351229297434,0.5043191562308718,0.6315704220877979,0.6323281921501364,0.6864454973970914,0.6450195031439582,0.6854402557244128,0.3857394368643165,0.7183753683679108,0.30620609807929544,0.36962127492517943,0.8562131838001921,0.7047845459717036,0.7775932387263643,0.6415183448162391,0.4937266324569198,0.7824329265033858,0.8179358632005499,0.9353061495963417,0.5971333413994211,0.573922280369868,0.5751825173365959,0.469105850937798,0.5745449581342096,0.33552116554502043,0.610803074906972,0.561877476168625,0.5551555274231021,0.6579318117909612,0.6399939309243476,0.33195845643615945,0.6085527788242198,0.7681822875808867,0.7739478327703417,0.776501537633687,0.7880079968661502,0.6509687395099839,0.5624164134682862,0.9166224702894304,0.8474913196906199,0.8401166105197362,0.7843626910727483,0.9056632475040883,0.8728292346877939,0.2758373484432198,0.4397471103219549,0.9391606219020917,0.16906713863369593,0.5242212209628971,0.5362227796917389,0.08451833173418301,0.9007987988480514,0.4237526995590603,0.9194462452765826,0.26688134929381546,0.3649149632375854,0.42680534762358435,0.48732880311987625,0.31917082843620626,0.5170163662536947,0.36869380656061934,0.2905228768829524,0.316832234591046,0.9088804069474056,0.5301639061304708,0.44560321017246035,0.9268722998224767,0.02433203926955636,0.9060149625925226,0.918151159401181
40,0.5986650473076558,0.48814834509143595,0.9178569955080372,0.8980015402858035,0.09939027097123107,0.7583966150474565,1.0,0.3606323644423342,0.3305779364722708,0.4033630007602106,0.8427794739825005,0.7066371905108424,0.7308440585680073,0.7247465209704504,0.2178715457119945,0.9571035710400418,0.4776819890365308,0.9606211605313425,0.5405360684990603,0.23419324125273122,0.8205157196481587,0.45513596107201126,0.8984497727044457,0.5659857862842638,0.32016385825072974,0.4951427281307607,0.6191504628481047,0.7977876013454321,0.7784003052019769,0.9724030444495997,0.2448181205909942,0.5558266789153851,1.0,0.22674008756188974,0.2858919712008108,0.5145031887712699,0.5538009792128197,0.29703787336710064,0.3904327558967929,0.22172626277459515,0.3454479430730117,0.4634607275425521,0.33952815078076254,0.19017670700204226,0.9202691230254612,0.7471190405555448,0.8611233614425501,0.49309580678706455,0.7465428629340853,0.7706907175382562,0.8568730630077304,0.784735706600374,0.42415071249856307,0.5452749017195493,0.7587075576678536,0.5212328003906316,0.8990229826200049,0.9013815300912856,0.3048266927636064,0.8882964594188861,0.33795308664387547,0.19844930020331694,0.4201679380126429,0.3549470014098306,0.3050554495942281,0.47317979708524055,0.4445013612170057,0.011616681209971037,0.5374234566660092,0.363567941008997,0.5841579833196822,0.43202297398533074,0.44816455714104975,0.18754501116433636,0.3415882583204118,0.6501027863724255,0.21361059135671157,0.338918650965233,0.4871943584259181,0.3081431144114835,0.5303863368467484,0.4689740846825067,0.4207782218596792,0.2112719688612071,0.324291061587804,0.2700275282486296,0.1348538253005072,0.6191334252944978,0.9566082044306793,0.8498430622769507,0.9377930410602909,0.8887233691258556,0.16547990004263838,0.14201008098472295,0.10882489877440016,0.3993706222527737,0.8141107903815242,0.5812844787062031,0.3102692292453184,0.5397956433177793,0.18429167402024066,0.461506944854743,0.4512602409025428,0.4607285179633457,0.9154817610996495,0.9116620598672532,0.8473018879100278,0.27140056583497824,0.9153062468741894,0.04977621587040364,0.1800098079318658,0.6974764913692953,0.39998778854510886,0.4601597288589888,0.2993305386768687,0.7187484972110608,0.3366064941268659,0.4246876190889301,0.8794316300141681,0.19537031700192511,0.19936405452570302,0.5163279267407745,0.7645165030161445,0.42776312154500346,0.4955122079202336,0.35972611750770045,0.8675404085387262,0.32523603360351977,0.8947345874162984,0.4523810213331423,0.4650634918050174,0.5475584350251774,0.7503717196055742,0.18466766625287642,0.5685727331420803,0.8740827330355813,0.10786990844175982,0.7853321576321943,0.48347827110528335,0.7878504123267296,0.7065465302491515,0.9587397261503164,0.9113255533240233,0.36517216300774435,0.13180443253456375,0.7029546114080502,0.5329551251311228,0.7063530799028669,0.47971330993727407,0.2435434648082202,0.34411566454618114,0.7218354344535287,0.40746151468090513,0.41189253226230993,0.8249465749135868,0.39788576062383324,0.40370318724894716,0.21820556119841683,0.9280981480915713,0.9079146991553382,0.6573511721461789,0.2605747347246097,0.5604006155224377,0.8491831742003316,0.49017906325139504,0.6305648423134571,0.676560019266552,0.48236018575800965,0.7634386069699748,0.6297972533424723,0.4717411642962734,0.2559453583195654,0.601047667666264,0.8461484297540571,0.5324809105368962,0.5394511456461771,0.6753143125157464,0.3846749332035782,0.29393890579118626,0.8857907899794725,0.3005904902013895,0.9627451790126633,0.9605923841916282,0.9351814203085466,0.3785683211691215,0.28826980879613245,0.4522088361772798,0.8231303933764305,0.4635263961018473,0.4301672132208053,0.7714112434631865,0.30678133885090225,0.6283305196273006,0.22948892509033658,0.2923145767166897,0.6850521285591833,0.6267788132407313,0.5797081856241972,0.7177029219207304,0.3641641251666962,0.8570836934994587,0.27039208366561773,0.8527150805747639,0.3823293252196005,0.3206934095997741,0.9039333249399859,0.2591833337253593,0.9000911555372842,0.9006029618402458,0.4479470680977508,0.8610178288279469,0.5078222246684677,0.7306237753003002,0.7555825528458157,0.3595470018201004,0.21975057318810354,0.42470078657028465,0.8845590351796976,0.3132287439564584,0.5766186993735566,0.46567872670783683,0.5129123674973948,0.7335338361518764,0.6631052832308587,0.4243048344520192,0.5319753546653342,0.481027542031351,0.5533425965779539,0.9114941631365119,0.3534773950838849,0.2881266911108855,0.6406943350436142,0.27476435253704146,0.6712740327524515,0.27751079626934677,0.7251253952652719,0.2805004653357212,0.2322339859364257,0.7926639977974943,0.9243372087149219,0.9534782040515886,0.5843759853195865,0.930502481468964,0.37750749155363017,0.18383704318424682,0.7262086006727807,0.3221341953794435,0.7187692475593669,0.2536950121377502,0.8372783144715029,0.9023517406242292,0.24001210802483597,0.583802309894088,0.6140807576548878,0.5793842139533242,0.29195650281070934,0.9083487089025432,0.4753523122263831,0.3333618936498196,0.4545534373654761,0.28324014883419313,0.5454583622115592,0.5159511097904798,0.17085555509946895,0.5303925527765534,0.748254154082716,0.2749761257479266,0.4409045934903287,0.5809660014987158,0.4465244305690775,0.751566375388233,0.6678459232300185,0.6567478793548311,0.47964333228998923,0.22901496648630773,0.6340562222798882,0.6286090827113087,0.883696725494687,0.8371633665248992,0.4540090861457405,0.7641290330167028,0.7111423771078202,0.5004981882429558,0.4991077365301375,0.3453390822463887,0.34210760723431055,0.13760613410507638,0.5314345826650949,0.8903892830248418,0.5361273970104159,0.7294192820026304,0.843425334835545,0.8812469845349395,0.7878945555672222,0.6396222255174692,0.9581811101374985,0.9436784723282794,0.3106539102089538,0.9516011347917267,0.6943820116704562,0.6644120825000785,0.6008053811622008,0.8211952440817769,0.3895807898385038,0.6138256655776756,0.3646099465824397,0.3893995306907871,0.3558393558740578,0.824376240705779,0.8581927200919442,0.4032892765845121,0.4328226380491963,0.5901140355238734,0.25517020567356186,0.5837857320007928,0.5200813325791858,0.5040392784005083,0.31077492119852523,0.5677913188135781,0.8962911045168831,0.5679463560777178,0.8087193567220804,0.5145845496334053,0.5742480352529702,0.14779374692663186,0.9013666030433524,0.4155193241591012,0.3777095832098813,0.5423972598107709,0.43020704744333177,0.9385559511791427,0.9589753659104778,0.33542719750284133,0.9203536199463419,0.5436651500996162,0.39925125664610817,0.5486111627247702,0.38203427521091726,0.5812503354633609,0.42799491307461307,0.39490968735897575,0.7051900220557098,0.661249996261627,0.31895715658899093,0.8343236181462212,0.5834382083896466,0.2519401401626398,0.2007260802733482,0.5475859015597575,0.5692520038511234,0.3914019960694083,0.5190904890548605,0.18442552311095528,0.8092529169760434,0.8602490841717235,0.8754608295685135,0.6639568853873956,0.8560195498555134,0.6504452506487823,0.6256365906154376,0.12497211931199236,0.5935229560388339,0.17368597911830774,0.5355036337036387,0.22488223408970173,0.4966239149110669,0.42994340243054874,0.4962165999750075,0.8465510009458034,0.27823485279125343,0.44564111879657825,0.4183548800889719,0.628853923463781,0.8962856740029589,0.5378075137314318,0.8911647876681742,0.7764023133760183,0.3840490086174585,0.9606210209164148,0.9393107311392136,0.7049001193281647,0.5754506655925662,0.2828355427086089,0.20551967747350747,0.20134448272796285,0.42737646698775505,0.42295488961929484,0.4475268700858266,0.48085606023152444,0.7313553141887754,0.4402248316498396,0.4690904400757557,0.4027270465033854,0.9125438615436781,0.33877718128183015,0.5429158311698427,0.8686274877257678,0.5799503086623921,0.13153352180636674,0.35506390181410885,0.335216432567268,0.3686760852481227,0.320869869705443,0.2157338304337527,0.19151463900537777,0.2883969833612581,0.2409801305919555,0.25682396525348544,0.521367346840627,0.2564697191723678,0.45447093576301406,0.5504077586929451,0.5487314871405239,0.5798958249411785,0.5463094627055379,0.4931249853087387,0.34466348464643626,0.4457220946937943,0.4885555939137118,0.969165902747975,0.42353538491519416,0.56660363394973,0.5171078967822209,0.2971356554464459,0.28344680812152573,0.27841159505274965,0.42735633135385304,0.47198611029308984,0.5299612417062514,0.13082514591324296,0.3788120534166412,0.9135094526356565,0.3176840030593212,0.27186847686281507,0.5929454667768922,0.549016754479821,0.32047499665479884,0.2086462380746158,0.8336446515353799,0.46212152452516736,0.23856479902730426,0.1397677370793961,0.4945410208291678,0.8028650315648663,0.6543549816992276,0.569207024550607,0.9611506939405128,0.4518094915400292,0.626061370166889,0.3367651280834336,0.1325155779531928,0.5172991248922086,0.8953324616882665,0.5545802027603401,0.9178191100973995,0.7395583692693598,0.9608709806373179,0.19203265318041768,0.3564438884454384,0.1870262074735602,0.7100763997814126,0.7392406446732556,0.32374641835935564,0.9523341213524501,0.5754511199164893,0.37100517819817724,0.5435590781254721,0.5437823516177895,0.5114411139254692,0.29059975088295753,0.5498750802066377,0.9632093796183764,0.45070529359181244,0.578815445928381,0.41194947698917245,0.48813601204243146,0.46438289861348425,0.5098505379670719,0.47997675719128635,0.6625162034297895,0.7270144658518747,0.10516229635387435,0.5493505393156389,0.9842204150373417,0.5087928885690151,0.5723713335874103,0.6197851103311406,0.637844456278035,0.6540658451646306,0.5616963026308212,0.5322852871465187,0.5793018509765467,0.5568189940771977,0.6619606202222129,0.4659936270874219,0.608707054037605,0.4015534114332708,0.25648327653114245,0.5953463353604348,0.7616476892215104,0.827145895820542,0.49152818811851573,0.7117034111023219,0.48776319272793195,0.6312754804412406,0.9600237299373922,0.5855399782701408,0.6162353345534345,0.569515963593315,0.7229164390272688,0.5739379874486328,0.8924706486420677,0.6005168995084835,0.5660723556805286,0.531747913938036,0.6509318253067193,0.6523114918881353,0.6764508293572663,0.6490854033285002,0.7645696403840255,0.7570435473566581,0.7849218882160919,0.7797319389724324,0.7831241935597167,0.7444418064106108,0.9977841911873089,0.8471177641094468,0.8795029002494742,0.8780954580829304,0.942610448521346,0.9341475119359121,0.2537327261219102,0.43735120487780815,0.9654460389802562,0.5115386351125194,0.45717452403312453,0.4336237827649243,0.34508150069184723,0.9476947848840531,0.43184321000845166,0.9627603120553949,0.2758081658520069,0.17201314668891474,0.30252115967388565,0.48901340890226014,0.3952797984348264,0.5095195281761586,0.4596115328357734,0.36615015234551723,0.4069647946137183,0.9165846495814796,0.33211414350670726,0.465598450422801,0.9551917315642833,0.4895261563389261,0.9335970108530383,0.9396585403427304
41,0.48092958128747515,0.6270181722914865,0.9027238904568069,0.8746479507924332,0.6227189046548554,0.8688415783895755,0.7629241084347003,0.5041327038114555,0.2915216511959088,0.3527968929138151,0.6045752478905778,0.19662294660396162,0.611620958115938,0.7344299801340185,0.729761997115158,0.9329497020931417,0.37649630842044174,0.9107761269189937,0.29737474615435744,0.17497549371541882,0.832721210759258,0.033349566383020716,0.44792988163256997,0.43952215521314375,0.3440847018582756,0.66324389983383,0.5094810779417621,0.8867019478356858,0.8763109986227527,0.7275369799029519,0.37244586018292347,0.39341900615127606,0.641451141975629,0.25539199632442294,0.20250926399938882,0.34972196384112664,0.4066773309251133,0.39373600429844424,0.5257642933519852,0.13210250812553914,0.3120231005868048,0.438822250340469,0.2523396296909305,0.184828706732678,0.9223401404862375,0.616529074844606,0.7126412266279325,0.43889330727411835,0.6011378418856139,0.5162917353158981,0.6911500172985594,0.8873912243682628,0.4600181984514113,0.3573173070249273,0.8812417274769444,0.43827561386518377,0.8212872432569776,0.8828991039489361,0.34297609201076557,0.8045315215928445,0.060981550882932514,0.24876805454119483,0.5240118546823999,0.3306893961002805,0.30087360269220026,0.2184595804749639,0.4581831106045294,0.4388224178147233,0.559565858537806,0.5894614277661631,0.5388430515308047,0.46222235601174,0.47820103913576945,0.17441590175999014,0.3895704276984029,0.7842590007459718,0.1896125202216792,0.28234423321992674,0.7197958967574075,0.3421649505486957,0.5389896270266868,0.4058912373943007,0.46082878120357434,0.5767819153891262,0.5046376000621613,0.2822762750672725,0.1598467263636668,0.5857675872257434,0.9325811542797424,0.6703038929574537,0.9373205226081051,0.7319823302535245,0.21181733258552712,0.5119239485224305,0.1482902559890326,0.32066558315885557,0.8287846818915127,0.6162230014393686,0.444100637293125,0.5477559500582517,0.12440710409885608,0.16727681600171312,0.4263609178243381,0.18539382438106625,0.8495732041646287,0.8646960584501717,0.5460051043408947,0.23183762171245684,0.846012343358772,0.5039128047423959,0.0371611896918298,0.46050051324604685,0.2852345739105105,0.6886401315506591,0.3409160320635684,0.5759986388918169,0.38609342494519217,0.44721694538435497,0.7569311418397068,0.2597489432742935,0.14061084160846063,0.7247097287205525,0.7099264661052468,0.3772332551429754,0.39369650806274614,0.27229782792168294,0.7316969031714085,0.4208179619107708,0.8816283565453182,0.48156835801953485,0.40107330576320943,0.47228550684174503,0.5103546280802633,0.14380283115660547,0.6121134577284779,0.6632410444385639,0.209524116485463,0.7724612331229131,0.04551407100621006,0.6363334811602726,0.685085703158637,0.9305097064721058,0.8697082625608139,0.40123766391489557,0.2083784668054555,0.6385846446887807,0.8135274572146663,0.6077402814154865,0.4792269265060813,0.3329760347944659,0.354636440121913,0.6846843892901421,0.3193696903310012,0.32399255826137274,0.6295902004467556,0.32360391756478507,0.3152318851557116,0.24929974270867758,0.6716323914302742,0.7904433194693092,0.5050221733156226,0.18698229914074682,0.4510651969963956,0.7058091637075506,0.3881066224798715,0.8166233898410613,0.6487777471427054,0.4653574354913724,0.7065841434764302,0.6045892349116873,0.3417000275968198,0.3331241735399866,0.5860319134793947,0.6473941184289856,0.4858484668392542,0.4058896939971964,0.6126928258996469,0.43051800437873966,0.35188063590329066,0.8590936047723606,0.2409417261983375,0.9313174797316514,0.9186869715526997,0.9185719382251734,0.5580018937213304,0.17215444166983904,0.3659584734030219,0.8141458773861021,0.40477236395942745,0.3478643302738492,0.5765657181806322,0.2644239679242422,0.4843708103293819,0.23522250162777053,0.2426332503383959,0.7785757375355584,0.5796119416790673,0.6795676027074158,0.6647077084463624,0.6715763347382495,0.5057153658651856,0.6470318100157796,0.4701455247447115,0.47776547327396673,0.14894095870014368,0.8386780808269374,0.42102374890891625,0.8230608396572954,0.8428389428459848,0.33129356570094753,0.7797530168447715,0.3450878616319399,0.3976347021473867,0.5994879912944996,0.5905849310024895,0.5360720829663002,0.32095407093761724,0.86185530644246,0.3932313039258597,0.5616124088328791,0.526412011023408,0.5116521092477023,0.46459962113430364,0.7593152721833845,0.44592991169017704,0.37544612460325344,0.4393692446867447,0.35742160326410266,0.8860636955819919,0.3014225052472048,0.33523932692713443,0.6393173181158603,0.5488410275315131,0.6298846505412754,0.31224791955163783,0.9150781456622465,0.281730305249508,0.28128430401508364,0.7455562365882696,0.9158679818266986,0.921327191907768,0.38636699887195497,0.9188947350563207,0.4069298628486612,0.20556095732784826,0.6666593989401172,0.1762680446668535,0.6602393038207839,0.2349913831224592,0.8634362717848628,0.8875335027341,0.3648825958173227,0.7205796023640327,0.6439344550495242,0.8087164629187339,0.2357107717336753,0.8931416113120613,0.416999401078132,0.4631681232115131,0.3944851481539537,0.24636917825133092,0.414728725863702,0.39967973369597504,0.1692050036748825,0.4229242676639446,0.6025996712560404,0.37489028917930584,0.4197922028893096,0.5244253667350652,0.45246891976988235,0.7780206635461635,0.7997564002932139,0.7749743025990682,0.36104278265835377,0.25668001857689154,0.6882736930145338,0.6916204269797027,0.8133441503329305,0.7871969389954155,0.4407611448528089,1.0,0.31751482126474184,0.632243758235776,0.6293425800944917,0.34300794588486094,0.6594859658388749,0.532182568396325,0.4852961475452046,0.9132919668837101,0.4263174136342106,0.741669188015047,0.8396812908982557,0.8906838686706888,0.7599426561942657,0.6392411440076667,0.919874996758819,0.9264947260651365,0.23278275695516965,0.7874195307269399,0.8186046666839715,0.32039651266570324,0.7599451557862839,0.8690251042976059,0.48363311802108266,0.5026539927783232,0.32404075688064665,0.24742244072680342,0.23734130439415949,0.8288041076627876,0.6089207070825489,0.3211170625794115,0.21291133701980744,0.4439393254581642,0.27121947154916337,0.43214659586489246,0.2968397806747577,0.2905115406350741,0.2106660672185163,0.4078673638506619,0.6366217084278596,0.39429041613646965,0.7401884782670899,0.34316023058306794,0.4188878037960227,0.08621013830250014,0.9170940436941398,0.2813645455925572,0.25382877024295514,0.5627116271921371,0.46982971996203937,0.8177541088765871,0.922687359587879,0.4860602279716582,0.918956509560993,0.3977015876243326,0.3566007424465805,0.40676915519006285,0.3440941620530365,0.42561048952066705,0.2837265778674593,0.43274419083620147,0.5809065608098065,0.6069996276128038,0.46640803299411443,0.8209106550798885,0.45334291351087436,0.18712498029742514,0.21285808107335308,0.5778739424740655,0.619715892692152,0.1363238572476649,0.5176065577279715,0.19192818636094347,0.7237406148483828,0.8114090426034536,0.8263744470401294,0.4636852056480725,0.7890592964930762,0.5170551732029668,0.4616499077692906,0.12991599147225533,0.7259038761829716,0.1672374478747889,0.714261264244014,0.14985515542254849,0.6904162849303793,0.3568357381505455,0.43540911210995814,0.6579226069163903,0.31865209417669565,0.4415000667734274,0.4024497978142228,0.3676662852514713,0.7396158191945742,0.7218020472561266,0.8558395626326104,0.7449118053771047,0.41177401944303443,0.9183443681454249,0.8640870277896211,0.7148969236275148,0.6303488555749249,0.5641514651729408,0.18517555000760963,0.14718347416579816,0.5485117436866231,0.5266578679331272,0.5300060007095824,0.5477640078530565,0.5909683497024949,0.516282075490389,0.5497615210489909,0.39678893306821506,0.5819578065616167,0.06603413314511504,0.3040141897718438,0.8516449021571548,0.7224181422374346,0.1229141109601782,0.3444634458930965,0.32199022060357896,0.5955990452922038,0.565159504134674,0.3800272361525923,0.39583973499642827,0.21737464353785427,0.1785466583092381,0.19324412708410763,0.5568219781259769,0.41558201626236074,0.4919780748245253,0.659824596853849,0.6589321132995293,0.6409339340578587,0.5939613049390088,0.6016280866237032,0.40171175711920004,0.3936464350226406,0.6128219022661543,0.9281791763838845,0.3770137454456658,0.6566176720579602,0.6256396850780049,0.23319972002320177,0.262522579679526,0.2095306477258957,0.41185709109048996,0.41675274032303444,0.6654383243277526,0.08847773603236721,0.45098565638006133,0.8456506086406508,0.32788610785164646,0.3618021894450967,0.3224517472406554,0.7111137073006076,0.27960325104369405,0.2542580108019322,0.4706039417079691,0.4838359321527727,0.20150358954666286,0.22921269741258915,0.6769307054947432,0.7574223044499516,0.9370041253726366,0.46432929213435314,0.9176261211497178,0.5376219591427934,0.5188599020054413,0.3374804936986955,0.14820013422351708,0.26151693024297157,0.612319010965377,0.45695527408787623,0.714355784819481,0.6526098343577685,0.908894404963836,0.18522665848562012,0.24014718271493063,0.12767513805785846,0.6852521483333248,0.7159160334700422,0.31660042138495065,0.9101911147745309,0.5806089833348138,0.507825791457235,0.5776236960847101,0.5756873095340298,0.5141015631407125,0.1960307371507305,0.25900077067961425,0.9325189503252073,0.31125087041512256,0.6740626016606193,0.5677414847794189,0.4503504863719212,0.43149637851611344,0.19037624788677543,0.2349199619368207,0.5983413584475764,0.6870696278583575,0.15747236241828866,0.6038688595148498,0.9186865347949145,0.5581975309309356,0.6747996456435724,0.679601345770264,0.571216325648908,0.5528587679696507,0.2346197251651277,0.19234630808310507,0.39211503694978783,0.4279407600595703,0.570426790019903,0.3528001286496396,0.5189188412026691,0.3760189835327163,0.4479205554935811,0.4930361555416132,0.7307782517235694,0.05459850906255793,0.0,0.18260030546693598,0.48574505830371745,0.2426432037954175,0.9281998254752903,0.9133235523550386,0.913392636103788,0.41295599995643983,0.8120443439310093,0.40794396308982633,0.710534544748248,0.4431310077538547,0.4109003474866828,0.42680665574975013,0.4842365288735882,0.42619299898677254,0.7188911581231361,0.3663694515185829,0.5324891265690022,0.5286220935545166,0.5251660572200927,0.555200400368098,0.4063920727367816,0.5407725085205003,0.9330816236216697,0.7300041437909037,0.7091017995633675,0.5981570172292031,0.903430804078571,0.9198129996656074,0.3699266079978581,0.4284491900427499,0.9333647909409359,0.15895331454385722,0.16644033184467238,0.17039115895789997,0.3654773929936438,0.9312604953953846,0.4176472056000982,0.9246073718771665,0.11336935223284043,0.32400624527420185,0.45908751132512543,0.5538440391734454,0.49024854302276094,0.6023302106728361,0.5226767336816057,0.3252470934415946,0.4425313734200021,0.9454646221774748,0.5655731562959407,0.45235329948963937,0.931546057888193,0.5093227029287507,0.8746945107183662,0.9028783319972923
42,0.6977416924996246,0.4140139716266766,0.8973696473901301,0.8568072537987337,0.5126231371488374,0.7581685828997847,0.7601702760727895,0.22746392605187918,0.28605868275239366,0.33550569796008395,0.5200817389963549,0.4664260679883631,0.5495377582570821,0.7232574241915137,0.2459141169798358,0.9293860147550151,0.3481448405193641,0.9263934871684103,0.5351909292242301,0.4041679049725826,0.792658743158165,0.82023220067869,0.21659477805803948,0.29853708035964555,0.39308046309104333,0.6004522621401097,0.40755143242898756,0.776631320586045,0.7648236908713776,0.6670106285048794,0.43116349387525693,0.37402462393904734,0.6160108734508589,0.3980698077682874,0.6016354229725124,0.2597920732643447,0.5767663957659497,0.37206871186790735,0.35220249040383816,0.4414547217314957,0.21415265674487374,0.3509943919739965,0.4676489505149689,0.3926447826366005,0.8932428068951674,0.8417085513557268,0.7277721339211917,0.3949994527416936,0.833395410818764,0.4880958441842884,0.7070152785484058,0.6646315110393262,0.3437903675745491,0.32290838362414837,0.6538730897264415,0.29201522131853125,0.4998885351718466,0.3804186166800392,0.29241731410970717,0.4650482060246383,0.3729627824590235,0.1919471822457525,0.1321737035919135,0.27523693509386077,0.3431987209976978,0.1721745758154502,0.7066441922562714,0.6799465911928799,0.4882557722541358,0.857307088159758,0.45949245583395865,0.38769320357020914,0.4689705181706903,0.24241176487807578,0.2758112629595703,0.4737634366805971,0.1449969194382798,0.3797055117306,0.22037152245546218,0.2409376267657383,0.4806104732223378,0.39331822279370504,0.6623903147660355,0.04835196081620334,0.19230246234383866,0.2784807062880485,0.3624703629786225,0.3469666126362155,0.9298955598828077,0.7546332511410131,0.9196804886927115,0.19209179599544737,0.26299017912012557,0.32226827769426475,0.34745179786226915,0.8265483734602626,0.6213145087616871,0.48869980162440163,0.3295579832265685,0.40048506889699276,0.5256673106455795,0.4642557940801145,0.47074887194687454,0.629864107215405,0.5698414053515307,0.5608430542957574,0.5949249582484005,0.25435986016058176,0.5458110414711109,0.2927999278752479,0.15181337522157878,0.4617558567250613,0.4988180463664459,0.431061891105302,0.3335194704236061,0.6262857755291794,0.37100939139198824,0.25207914173979873,0.7056804425396191,0.48142150605575174,0.14960724692428698,0.6755714499895705,0.8631722036362314,0.5335461734410861,0.7024020350464785,0.4835393160934537,0.8388624310741457,0.33878494839478623,0.7283662819988046,0.400371340156896,0.5989717134227297,0.4993637342651932,0.6688158526408851,0.3281623539975769,0.6351146420627161,0.6859242782804453,0.2577552855067839,0.4339530232161375,0.025000743422941372,0.5354166459518549,0.29549977872810496,0.9150424448505065,0.8238646331351681,0.3968672140942433,0.19096723275214503,0.8067428936257146,0.5917234656146592,0.778797219775893,0.44216422345766554,0.30105673097113933,0.46588683476236287,0.780548648650388,0.3781123100306239,0.3847154808009021,0.7798187740102468,0.37544264221670137,0.37115085887934335,0.3087855387539072,0.38170183576269306,0.8452340954278638,0.7223404706215578,0.47287941796809896,0.6667984932805001,0.5871834816614215,0.6868189065957586,0.4341457706730055,0.7218869720045159,0.43579123712432943,0.6625472040069337,0.5936702893808921,0.5967984470857264,0.33187241214080937,0.5789010578345906,0.6907637250776469,0.40096444314205426,0.615477145410988,0.6271191442932512,0.4126966451552265,0.3509582064409109,0.5643766109309596,0.3263400847423966,0.9267139067150264,0.9197822942328419,0.9078637150986205,0.13987968123278566,0.3330669546641405,0.4827430531450253,0.4907851400168385,0.49958423647843064,0.25062884531432866,0.5751094246182465,0.34437883405632447,0.503325855667238,0.24249414804457622,0.3252066399244781,0.800097563931064,0.612118111655757,0.728255815247488,0.6625381009333196,1.0,0.4052035617330976,0.32145043970194864,0.3788366850682596,0.08410954696589411,0.22966731744303603,0.5352385519592939,0.46144709534056805,0.5196916552612112,0.8509709880528621,0.3396769489953852,0.830415136918551,0.3926776903791422,0.5058049259137998,0.848642035750971,0.39758646378608437,0.32888821613719144,0.2618335431614581,0.29807975585625374,0.39386243111085073,0.5381674456184671,0.4491337706405159,0.2729111620665892,0.5358897270711404,0.7366883971919765,0.49200697018098155,0.31950526495208914,0.47359355744562615,0.3826658211531254,0.929021699898436,0.07161748764246013,0.27939337404288966,0.35808132490233635,0.37244812411101214,0.3113762591840231,0.7287462495847968,0.9318009680254375,0.7942590544853612,0.19808386950089138,0.71950993453434,0.3322771689911913,0.92026999828859,0.31110137215616873,0.9328379501716172,0.46189436293221964,0.2449846201141601,0.10327378368412012,0.2542006151926914,0.4219851909321637,0.3083462192802171,0.8386359321882585,0.2971462407006406,0.23105489389435035,0.4104544593342736,0.6502713225389292,0.4899295807233168,0.25272533451581985,0.29080974101900275,0.49626412393292707,0.4655328775165169,0.4787504848750955,0.2752536335027519,0.42156394082511384,0.41526641993104,0.22621805827188796,0.402422330647273,0.741328493552532,0.27049160608984335,0.5558562551331302,0.5440271570130001,0.5997027691287319,0.5916480188236398,0.1780739747366651,0.0817821576120179,0.13439842446745248,0.4109224713432855,0.6184352191704772,0.6170925794306173,0.7655738418053138,0.7705540406028392,0.37304680441024163,0.713727344692262,0.5241000592668251,0.5840850873543095,0.44265469372124483,0.4352551520395071,0.6294751475749543,0.5303729198611606,0.31807636601169986,0.9134436649031243,0.7176928772969559,0.9013477758640257,0.8304356961378014,0.9559961816356537,0.7376808399001387,0.6776472429474129,0.9189239184926249,0.892116501211366,0.30091370131605893,0.6168034356303991,0.61791786552875,0.5617518073925923,0.5416362553607335,0.7304322615817591,0.5322886375282858,0.6704058957600384,0.09958470282047449,0.10701491896222873,0.3670900328265961,0.802233242738706,0.5597579813737806,0.30184612014918066,0.5299960319484135,0.41024996669109726,0.23354573074774562,0.3239852840497737,0.5036109072091507,0.5217840423937268,0.29241949428093256,0.37925531678055036,0.6045638677265938,0.3721866542259525,0.5873223725540668,0.31772782809745126,0.3350271056871056,0.1569227287200579,0.8809688779256187,0.5302348581829153,0.49560855499665735,0.5903336729139816,0.3564941484062095,0.8502264404947331,0.9143691961806919,0.4665105862391426,0.902357341841048,0.365821113296294,0.3335486152131397,0.36983798814964797,0.31063824882299096,0.3924114436881494,0.24949457748778894,0.45245554026221585,0.5181766953902446,0.6079409323767312,0.092155753379285,0.8067549080529761,0.4258918722043917,0.4089789838736334,0.24964708395165858,0.5709084083594315,0.5539374696460367,0.19726564851485934,0.5110608511752538,0.1517428755794439,0.8626820232831529,0.7564853284632383,0.7638607613048921,0.4621431224352714,0.7644282894847377,0.40468053719238395,0.44286727642028445,0.20581032253232603,0.5953500830148918,0.19126597549183472,0.59154476605316,0.19627367247844982,0.530858895212841,0.3478549038044511,0.3349668310338083,0.6474862054225008,0.26051480424354784,0.29500262226474566,0.29290585685891485,0.4640358788896568,0.6889989129387339,0.6166304877900216,0.8577386108427467,0.505630004212882,0.4274610608488173,0.9156653760030316,0.8812589971644692,0.7464688646088207,0.6606194071624323,0.3956044839111605,0.26871714084968457,0.2439543525246533,0.48196964954115423,0.4612834363038411,0.6450107687957977,0.6513528911149432,0.34357007792007305,0.6419541223116156,0.6653894016187543,0.49637149718423057,0.6242293181089945,0.0979428656481015,0.4704903738529162,0.8347745006126034,0.59823135084013,0.1479377961948893,0.7029693508247636,0.7291963906950865,0.7647072898501203,0.7557581364129137,0.5908427237252138,0.5345832451109166,0.23817318753637787,0.30181348143102943,0.4371976214592516,0.5692707738943269,0.39380852073031397,0.4943255568382456,0.6031314675748615,0.610190612967325,0.7759333976468972,0.7672008455380591,0.747474874944349,0.5079393315980459,0.7883027612020784,0.5767239662659778,0.9217550589571991,0.7881204830452372,0.6374880993990584,0.7630552108150748,0.4210593057092394,0.414933794758583,0.1363576073931065,0.7966302292995491,0.8177188871307577,0.8712206596770078,0.1973404219509888,0.7929463206634791,0.8294319132145256,0.7823257866142779,0.6713511117603405,0.4413439033721339,0.6405899296830369,0.4041841126528994,0.25352506288750576,0.5660095651505865,0.6595207018544968,0.3828019196101887,0.2544248012629386,0.43209363161382724,0.7621199793086241,0.5928913753504444,0.5098892272722345,0.9179346608825935,0.5834695357811291,0.7473407837344539,0.5459704277743359,0.22026272338770467,0.5331977469823275,0.6486617069822047,0.262500918821968,0.6390861491784285,0.6025141542266833,0.922906317819487,0.2971922163976567,0.18210065638606177,0.04907683030472188,0.8524681065034515,0.7620364118009295,0.4765135892641431,0.8923971519634105,0.855408940316705,0.37061145859132105,0.32858020882763433,0.30711259397950763,0.4566143791869396,0.11854043055833703,0.6021397282920634,0.9222090472900671,0.2926155472194862,0.4351664979020885,0.2805973934726491,0.30451467494636836,0.29874659462508,0.7132739615588254,0.7197539353277725,0.701434631417987,0.7207829210674426,0.15138509811529888,0.34848435364130675,0.9324242121627482,0.24322564263484273,0.4074783602795474,0.45314682107479315,0.5903738333858681,0.6036840150336793,0.7255120524221844,0.7463796573851152,0.8679386958117741,0.8188223594352928,0.8108013025513222,0.40475599787977123,0.6025171448649504,0.25052631523558305,0.3129870029579498,0.8058488071892272,0.7908453079734287,0.738118433238771,0.5756941436362385,0.6918768191142586,0.7069366404885963,0.688791066464466,0.9336282748586886,0.3169855332772826,0.2915341194488159,0.38647298084951104,0.5271275882880953,0.39945573964699815,0.6671179485524394,0.4149356547432389,0.3903183139456572,0.38174622607565406,0.4148188586222793,0.42823768534706336,0.334381676031992,0.43972734519764906,0.4415225466914968,0.4431727016013169,0.43646132185955194,0.482119205714895,0.32559372374652346,0.5260854570056689,0.9133292355356132,0.6800815033893296,0.654280748983028,0.6432093416769382,0.8786016798425627,0.879629588960093,0.3119902703884846,0.39102475376638324,0.9198448838377045,0.7628640850142141,0.40485247868185187,0.5573537162395897,0.18000611141352021,0.9423920544389042,0.31908224292169646,0.9289855384020729,0.711277401360881,0.5030176048315541,0.7300897461782933,0.46390732081369906,0.47775319285776846,0.7169151757809066,0.5362671155530381,0.5605823071622374,0.5981865325561876,0.9007104668257592,0.36054652622115624,0.5879756656707699,0.9369704441593636,0.7634542355702075,0.8769708977173858,0.908513969213657
43,0.6637960291786317,0.3877576724701537,0.8534952769413908,0.8248644392695836,0.6616372604073967,0.6295776915420398,0.7726714689069526,0.4117081705427788,0.3901111893690057,0.43059827027762343,0.5428597813400177,0.6248064847848435,0.5517058810719416,0.7254056682141884,0.15373674889101333,0.8942325946553802,0.2006150200107039,0.8980338143846381,0.540014169829403,0.25515282628222025,0.7698161980428895,0.7506383520812029,0.37623669093290474,0.2687364495109595,0.373634258285376,0.6543137983958177,0.42744770088938994,0.6375163976887532,0.6152963689272036,0.7253193107979992,0.28770781295172787,0.37573330553226963,0.5794924118772451,0.41079307431902823,0.4806581044706631,0.3454398025552835,0.46081294299022024,0.21759543547072754,0.2493986952734871,0.4819886346242638,0.13450278273744165,0.21707164789749162,0.4500514254914683,0.364719715223602,0.8839065738867514,0.7630909316351446,0.7298348844418014,0.40383446828155944,0.7575665023700706,0.542784460088442,0.7076933761782435,0.5990859075918749,0.6173329806510782,0.36512686227419827,0.5626497895991546,0.3789248251746669,0.3063203653873838,0.5536058520973866,0.22221319388646044,0.27968323138604273,0.20896764282006644,0.1177214365073494,0.4653062911962026,0.1946300189899642,0.334025158305459,0.1481825264957653,0.5824043192587237,0.6646787934691634,0.030512023450640316,0.2425257348374888,0.35344484356956873,0.4862718511988675,0.34261290911798203,0.27038760768244796,0.457437530912474,0.6110236069669062,0.16218603352449354,0.32829302352330997,0.49217955557097837,0.02023759942652479,0.5577520399449828,0.4984424992244652,0.7007830401897914,0.21163344156219996,0.4073944939576255,0.3127792162851043,0.28586536630183695,0.433915970912656,0.8948022567663693,0.737011813784509,0.9028982772017058,0.44763835435672805,0.2855372989545811,0.5763802024028537,0.3382027152604899,0.7473360810062134,0.42158675970280735,0.647411626625816,0.25759464258203346,0.5710590780482564,0.3927753589234515,0.4560221142631751,0.39442003594042185,0.50087734242901,0.3495114440569508,0.35284495173434466,0.5823655032779478,0.3681913994122894,0.33934567218504025,0.5428494593275005,0.5392495531017213,0.5764184715534837,0.6594029957067898,0.834012950882993,0.22913551328984272,0.2972107431675775,0.27006683626187855,0.455816032201989,0.7010339472174948,0.39018914039717323,0.17530576312399807,0.6620376114948652,0.8984406832912538,0.6535228638185682,0.7734916971501797,0.5897772836279659,0.7826973442723386,0.0,0.5978512178763752,0.5332171236252612,0.4186273323750825,0.3845524150761395,0.5642541251263081,0.3690449648356635,0.7392303483187626,0.6697522039024602,0.21776285506255857,0.30539406085723975,0.8413332585980036,0.5817932872150885,0.49765034437269967,0.9283109167362003,0.864754304019137,0.3081865383655734,0.05634893322269175,0.7520366653433632,0.2954334642269481,0.773957047577642,0.42267865949205424,0.1526031204641571,0.39934134879032085,0.807815670146745,0.4940289117670853,0.5032939726061223,0.729822696169322,0.48734780829312097,0.44723114505375366,0.21293456793227947,0.48608006489866995,0.6034506427731344,0.6925433999126975,0.21777092832935238,0.6730105706131235,0.5998509927918214,0.5551205374869032,0.28277392132572915,0.8659825489368262,0.7178346403206004,0.7140548201408704,0.6728159976243453,0.5231047083843764,0.2422602592482312,0.6430574814371228,0.6495648897392161,0.5303348967538284,0.5628895772581181,0.5526777787217664,0.36913162335600785,0.2921745256739354,0.4192679972876936,0.3911168694124779,0.8955872062354248,0.888924776828213,0.8525505999678495,0.38021754359764637,0.37032525883705625,0.6511579300636987,0.3333215650578938,0.6436724035656239,0.38269914900187246,0.5739137117120201,0.3035410080687633,0.4535682216976841,0.24641604870344844,0.3219768153369014,0.7918229681080958,0.6038353742017717,0.7174378397422356,0.7399579927273898,0.4854333036508669,0.21318867341890307,0.3785412931921229,0.15308544330365748,0.14865089923511887,0.10504879349030305,0.36675544964185114,0.34503471242888045,0.2979849776609672,0.860955639754531,0.5764636960646584,0.8016077761533036,0.6206862485942096,0.4247913265410339,0.7508275987151818,0.5911897156751666,0.5220200181152166,0.27619984911314305,0.4863067903425197,0.38176345539467305,0.5514828381990227,0.5076817948800125,0.1590159895722384,0.41615843377367595,0.7007965920315978,0.7763196065541768,0.3925528188091041,0.5665791961277804,0.39803218718598593,0.8096811309855505,0.05582912513236184,0.26704430887699426,0.39679664139602816,0.5369817267355332,0.4751228331167759,0.27374767093772673,0.8775752464086485,0.29940355823009257,0.24551346153682463,0.7170034212706595,0.5356317509953648,0.8846499013214538,0.40916907283918724,0.862241421827542,0.4625699848193986,0.18271709307474848,0.33211598423744604,0.3932529529224996,0.2936869669904885,0.34397415486166777,0.7989702710141359,0.4976332716873868,0.20589147060864588,0.4568476407980744,0.6956967652589608,0.4103146745331004,0.22191970816473347,0.47717133247813254,0.5889478508730263,0.38776777668160206,0.5613870118100545,0.37754730363072897,0.63894906085676,0.6183325315231514,0.13590976090428203,0.646576256965314,0.7353913049202193,0.25614478979817,0.44055581083518564,0.593298669462031,0.4819438262424586,0.5996833900050357,0.4045938860292306,0.32617488016154034,0.26578727852971074,0.4451348641092782,0.6176880973582273,0.6215200561240536,0.7557029241092202,0.7890086351594294,0.4110046238110783,0.723710630954469,0.6871333789980801,0.41557624793563924,0.41785771971706637,0.4686111863893422,0.6232968376452124,0.5205399712478265,0.5108985693897277,0.8234113444912998,0.2307167296327693,0.7362582184768747,0.7961853787792939,0.9028478613112096,0.7207804654620954,0.6249680494207358,0.8797862320942874,0.8920250656130888,0.2404865394251216,0.6298258899482284,0.35492320941728184,0.5534593121297261,0.6279271629849025,0.7959409991058918,0.48420340713474136,0.5544762494521558,0.23309450242745836,0.3172212683389105,0.39476087455181635,0.8094714871643542,0.3679991131909186,0.09315984377018931,0.4501133418478103,0.3002536297934906,0.30796138827150654,0.40447081099732246,0.47752361732672605,0.47630542922624475,0.3079315432287339,0.42412774158588484,0.6377301129729859,0.40934261118304716,0.7009385468804091,0.3780871650406879,0.414346160980227,0.25708607995127375,0.9089210729627767,0.43972768015128855,0.4090045992454049,0.528564229773079,0.3397862115870312,0.8073772939003835,0.8799467835167241,0.4160361005499918,0.8664106663462559,0.4269257042003362,0.3691646066303104,0.43605899111574914,0.33224142022241604,0.4603307271138991,0.31831356296140445,0.4671841793399865,0.1588113270352016,0.6351212107170243,0.07480736344358102,0.9043175116549871,0.27440188298981527,0.32655759875853274,0.22363799121179428,0.5815586482345617,0.5766744763500949,0.19137331067397342,0.5395006224068406,0.09320812958555791,0.734225653142348,0.8055709091880383,0.8367970413428114,0.5634072904374405,0.7936307857922955,0.5056609683090629,0.532542902189939,0.09399560191583504,0.5609649137467841,0.21917420115006148,0.558152666069864,0.23073426879096565,0.4979350850421509,0.4003815541857344,0.4947732508217226,0.41632159474296127,0.14464927661790677,0.3336238290688118,0.29418879017442406,0.46147322193867146,0.863509381797399,0.5656883301425918,0.9079282704841309,0.7306809461279892,0.4117046410245466,0.8736649699989429,0.8232187880270322,0.7507425880897859,0.6502365426356262,0.3208549528477225,0.2593906221608288,0.23755596145935326,0.4944923764345148,0.4854892910591532,0.5987176390265976,0.6023156405768387,0.43358797784049147,0.5919475604538232,0.5914134204094508,0.3982477501419277,0.5740590054347083,0.3329137867175181,0.578572848495747,0.8828109754482998,0.7421948612908553,0.14120686436322652,0.5887832221844608,0.6079800514475899,0.5971181916940577,0.5527981501259902,0.3675143214633772,0.398345791837423,0.26577731117790493,0.28271619343200866,0.23028953441137762,0.587150864230672,0.4462071875433913,0.4473021941131036,0.6234825907036279,0.6391119378742721,0.724515794058345,0.7068493237781153,0.6425062548904097,0.46666187119568936,0.7008023031176903,0.5894109412192878,0.8853405025467034,0.7005087916055588,0.6370707358536213,0.7033450235653675,0.41860786599693567,0.3571101211346956,0.2774020390582118,0.6970401457563686,0.7059249444443322,0.7316451596032582,0.15983165111349407,0.5699100891670685,0.8342497613498707,0.6272010842739298,0.48894275843954804,0.4585482140918645,0.6263648583934451,0.393911564387205,0.30568105723993383,0.5241873597229724,0.6312398653897551,0.35229549543573807,0.27416311832852586,0.8093964182795325,0.770906084778147,0.8132223783547171,0.5153145053025648,0.8782510139243633,0.3925899775382237,0.7006956917535933,0.5008177531151486,0.17486999982711043,0.29445967266041095,0.796152148127851,0.5978429551076617,0.8200531869095748,0.8080982850707368,0.883466820699886,0.29536479616116706,0.24273276516274808,0.1205931226321933,0.7496593685155121,0.5377489984419858,0.4000548816722575,0.8486562361829694,0.5876622765466221,0.46921789283726567,0.568258350306737,0.5576638637803101,0.5891267593043604,0.34533995883556107,0.6353580412426879,0.8917549700970012,0.36757335804833896,0.48960342637707605,0.40006836093252074,0.22126824755049432,0.2139074503805057,0.35949415917048616,0.3785213812277345,0.2637623065298717,0.34699265459418777,0.15117657344260912,0.45942026047237616,0.8782478234848902,0.4150385569641039,0.4085766267823768,0.45358841125977983,0.41337921581892234,0.4030511878558883,0.3729000925856894,0.3497484803924193,0.3042366528910503,0.3083850298178916,0.42219044271856715,0.27749482275836623,0.6639989838606368,0.31909102260645483,0.32529378745992266,0.8893166463211849,0.8463815402829826,0.9390171388698889,0.6679440570764421,0.6606909487561092,0.8178023612580129,0.8816069978149423,0.9050563775238017,0.5400562029890431,0.580470858922932,0.44436045877017666,0.5428231143201543,0.4417013683093423,0.6769561177854518,0.4733463577538582,0.44305818456144136,0.4077839411438832,0.46111834760460585,0.4957783959170493,0.4526428475655154,0.47713627433880385,0.5802921664571703,0.5792410108369684,0.5874263824217233,0.6098532283532464,0.4853078740870436,0.6875979445209911,0.9054536127041998,0.7581481675580934,0.7529901921862718,0.7755930860307995,0.8544906009332476,0.8556432161509689,0.39089099563270785,0.4131908352674004,0.9036939797890968,0.6469682019199237,0.49882508040844753,0.48559172332762107,0.314923851596066,0.8857383805574441,0.4284148075303022,0.8890818374626794,0.6082351620155433,0.2876524240128027,0.6558788274880305,0.5318337881320367,0.44311418352345167,0.6969365628411996,0.39044950324789074,0.5778168971486779,0.4662022198704691,0.8998610454880126,0.5627586900899827,0.21171573541266075,0.9014269221169527,0.4228626613540295,0.8772908506074609,0.8762498874206867
44,0.3317753150956874,0.5382733283082028,0.7680556934967356,0.7537591768521896,0.48061765423374453,0.8194337606043608,0.8306975662269864,0.2645807037021405,0.6056522549762543,0.3136123857401021,0.6549840437417612,0.370277931044838,0.4423157720178898,0.7531878385660148,0.2118683409567809,0.8498367521877316,0.3461340959778219,0.8081056180408512,0.3233354277100275,0.48528985516532674,0.6895855708063974,0.4535480954015506,0.3007567448383333,0.42118574540566994,0.4065180487243982,0.3343083260083678,0.4380394619053431,0.8384104972434979,0.8227897967342563,0.7942033026330716,0.30212236214135935,0.4198520490631849,0.714034993417896,0.3029322290254703,0.4531114674292406,0.42899935252399235,0.5611128570616571,0.19679030132289696,0.5387137205022687,0.19665878387005523,0.5282011796710504,0.0,0.4528777174826005,0.38308837580200644,0.7892092817428624,0.6613526702454229,0.7674894582043841,0.4067641649401263,0.6622233735894562,0.34558506725493465,0.7568419136614177,0.5727543645266194,0.34279079306557736,0.41096331289041693,0.5421385534471974,0.40895251254749326,0.4834522838890453,0.42989937800602734,0.29003739298005854,0.44536196007567713,0.19845440835517855,0.1886971895244015,0.4671244803486444,0.8419540867518803,0.25234915671116454,0.22221669164949706,0.6131175641067153,0.8233941815839937,0.652238142745543,0.3681461398542191,0.4124511216826273,0.5475807274031217,0.37238617328954743,0.14727326864833443,0.4747758971530383,0.6432042565253606,0.1908040219430272,0.12096324173074292,0.5019470302524713,0.514755033368771,0.4092055586823056,0.369712546540973,0.34378894163993495,0.19264258958087696,0.25220405494721077,0.32178057768141555,0.26268086571462096,0.555219416788591,0.8482434411794957,0.7987166938059659,0.8404706169502075,0.1418364353863031,0.3472392341324292,0.7509408926873312,0.36901058075671983,0.7555697477969827,0.7061287825955005,0.5007336267249972,0.3016112450881397,0.405291836611683,0.40864848446398117,0.4392349421527596,0.40223086353748344,0.2741054692337023,0.49659021235905626,0.461600732554145,0.6733694772246445,0.3626162333243694,0.4439412290800949,0.7486615659206669,0.8864410277898186,0.43999018300891646,0.4236316680687238,0.3958395499504943,0.2298085466787233,0.6648944271853113,0.26803889095595346,0.4420573634847146,0.7423786867017961,0.30244811223195106,0.2412772586100443,0.42416847246178185,0.7517984817431439,0.38471962715567143,0.44094953904112993,0.2838268680095489,0.8133602450258163,0.24401332266638265,0.1420585588585845,0.5700095736201778,0.43559451656678094,0.5018643199715217,0.6971679280821511,0.217202262344302,0.3971509289373896,0.7525646305794828,0.24800064861255527,0.6628488935114965,0.4588441266669497,0.44951516705088,0.5304784019761049,0.899869214939637,0.8016830395192056,0.3121648514319092,0.0687298351335284,0.4413051790159911,0.7237824169309729,0.4429771661418342,0.11660443939807213,0.16033709050251047,0.5366817442939106,0.39796653428723977,0.6210228929236811,0.6277054567342463,0.7673865283011955,0.6058390114838167,0.6057992144651058,0.12032273385095564,0.4505133109241589,0.719836159915152,0.34211136127502,0.32823433552968606,0.2999031429217637,0.48511953827342885,0.2913140891388562,0.016471845103640796,0.8282211098651642,0.4152443483105918,0.643438365543344,0.2831494824691276,0.3581812682475127,0.15560123209870486,0.2625990200483875,0.6702569178294231,0.24681709757719647,0.42085752632164114,0.4687096939572337,0.33910241969166693,0.2663677406802193,0.5781134621080293,0.5145919044568282,0.8435594581453675,0.8354496402082413,0.7783552735618776,0.3441241145825309,0.21293082660337276,0.4339680458562695,0.3903819561836333,0.4544702392575949,0.18486210540175682,0.5509114360969527,0.21335125394439838,0.4958239998998504,0.1983661424085326,0.3607512992413393,0.5036879865145217,0.732833907713796,0.42746055263327165,0.6020883801107434,0.38734957241904283,0.1343821623973313,0.5158050422536001,0.3726264567534044,0.3058311929504614,0.43953587904114144,0.5300960522746037,0.45449491650163854,0.47218847283226034,0.771698125289252,0.41032664504101235,0.7621322335059726,0.4727487729195122,0.6280662223049518,0.8308430017488873,0.3614135907492458,0.23342351259155594,0.27371055469263383,0.3280178072670165,0.4940780100368627,0.5636793388407912,0.5040754915097412,0.36103257689873575,0.493447113090401,0.5866024994933967,0.39054072390382716,0.4204592103330527,0.6834874618066208,0.41785309754512495,0.7916065306482176,0.2755387104705373,0.09212712186648184,0.5080051987466271,0.30808065331721574,0.42836309231945807,0.14322737556829926,0.8355427605767248,0.13892889432572653,0.21184877324836818,0.7098949111804668,0.4141075549441149,0.8110881387961475,0.425975603972672,0.784696493716462,0.3565242328812303,0.361493602451899,0.26761616583844455,0.14968861860354135,0.08980084846297832,0.45656130815546564,0.7700998110248932,0.29516496127145847,0.32394506789507094,0.2759827752384571,0.8738362754616698,0.43465238452148186,0.3463637281341497,0.2722039914865423,0.43873538223456393,0.41551629667368223,0.40903381334070915,0.34746475363100104,0.5957897616363678,0.5733248330955568,0.13007806573889458,0.5731728297759199,0.7065651354049403,0.10232596203789407,0.4398851002222244,0.6889741191482738,0.48833981907548707,0.6929037550206092,0.5309817966826327,0.47975135967392635,0.13373043748557562,1.0,0.9042625762833827,0.6155823371933885,0.7276948797819028,0.8362496861688968,0.44241145193266357,0.6668783590476512,0.5617228035196171,0.13177510210112564,0.519318470953929,0.44000563658894426,0.6054627162649027,0.42470256337357887,0.34611115076544857,0.774784298540576,0.1898726191829369,1.0,0.7644401616381215,1.0,0.7125157646228467,0.6504307080594897,0.8229389095482427,0.857869317264085,0.11796447313759188,0.6170800497781364,0.6055307428555933,0.9309304217624399,0.5353952581991054,0.7638636514979703,0.3740622242515031,0.6628104627462202,0.1884965729867738,0.4961470099878049,0.08510574034068051,0.8001339054476367,0.3104577700174236,0.02599616937907393,0.36370726162741535,0.4427252226500001,0.23044597034910239,0.4599006718777364,0.6296089612382002,0.643154273927872,0.25444560939806815,0.4692847769542416,0.4836910135135089,0.4644645284548112,0.5749832903366616,0.42375804842936654,0.48561578475595,0.4742069093687242,0.8241951454118641,0.5963713815556364,0.5578943351315488,0.7705283905905884,0.7166510655846015,0.7515142033231272,0.812490715179111,0.35720501224075646,0.8562704916444245,0.48035273879128054,0.10371470652055323,0.49310956330392475,0.0703630389613862,0.5194589794657932,0.3770936129506739,0.4987119711659849,0.58683416970263,0.571569482779144,0.2676855534558407,0.7640928218742193,0.8056411131861734,0.44799574484163557,0.3151424205370517,0.6492917313739578,0.6476072175168012,0.5450108329299858,0.5612489064875034,0.17259856109224297,0.7884951833292428,0.9106061011137374,0.911407342668344,0.4462862658186829,0.8889220168768854,0.40822790645953244,0.4550286171068623,0.06882349641350528,0.7432242651497377,0.2945488679215343,0.7294658584283515,0.32322278594846204,0.6980207706080785,0.4517878711373922,0.4951471838754141,0.5310555531099409,0.347841547654706,0.14368812678746415,0.13464580024383985,0.44948182467956177,0.8692702583675165,0.7428928115626798,0.8945706453710488,0.6029054026071669,0.345774086685553,0.8159656756188499,0.7729250086938525,0.6749647828920742,0.6852932655079628,0.6653748229426512,0.3457132979622462,0.33898485226632974,0.7492218975786725,0.7407037355532813,0.8751843146742992,0.8712171822214849,0.5970774144765051,0.867904416982318,0.8683141950808257,0.5059317590018954,0.740648648309321,0.17875554554739875,0.2957668512656639,0.8545948046891826,0.5370615660589302,0.1914201715221254,0.7436727760044906,0.7650450400148021,0.7648956167245696,0.7358733837988114,0.6892411010334568,0.7148018523741575,0.5889846272898823,0.37104806154372455,0.3666558988656155,0.45982559428002734,0.28284643225614825,0.31941396017312274,0.8251224046298821,0.8185185255480468,0.9037427283962177,0.896567073852032,0.8544063689882971,0.7681194125684593,0.7938960401899601,0.8336986485828556,0.8218180006017439,0.791807678576451,0.8655081893143416,0.9381784323010807,0.3887469522750815,0.33759060007566993,0.40413831229934477,0.805908732414793,0.8085013011998016,0.8045497174648556,0.21834442344674937,0.6180081191104851,0.8849591092778623,0.8097239625530115,0.716747902764817,0.39716662042610684,0.822095751132199,0.4571722303687026,0.4612063758477824,0.9061116457640923,0.8182096391178725,0.30000599190619753,0.21238010833782953,0.5984744901344149,0.602743807595513,0.594128578682407,0.5850966957092857,0.824308690619772,0.7292868253342591,0.5339876611791943,0.41776253066612806,0.24549665312567975,0.3891382406727661,0.7639053692607564,0.5909402857995081,0.8068593859008354,0.5414859971891633,0.8357418684692537,0.34339122073595196,0.245725506798292,0.22991280734056416,0.26730613483001947,0.7163483673011746,0.40618947837115915,0.8330667782844309,0.46637184174318713,0.4534192546932973,0.08036090661251326,0.1066175130829874,0.34010113139337633,0.2779753562234372,0.4632387337727949,0.8407310817415017,0.18374256723112486,0.6216782735864308,0.4753872187439589,0.5559876217479234,0.5321712359453925,0.6193840502299252,0.6099710146832061,0.5523743434228259,0.5852563518608739,0.11507114353223745,0.4979076866687844,0.8100515723069739,0.48960670910118714,0.7623906345134519,0.7714945572391251,0.6675688211664786,0.6637343220092425,0.6023145075184094,0.5913300654695208,0.6793134535956896,0.6651025101222293,0.7171220621534047,0.22780223276654676,0.6729375080950503,0.45736161230034633,0.25248078729008233,0.7150687982759085,0.6115234964619278,0.8672997560478415,0.7908015321230891,0.687148239349322,0.6180308616880433,0.5429046256852968,0.8540668133656603,0.7657395679702599,0.7447902343918505,0.5027479119941807,0.7110616271143757,0.49612267592725495,0.7201930617112199,0.5298313208116875,0.5001817489560554,0.5022920660878716,0.5865426409181203,0.6059955406550817,0.5636612413598204,0.5238647966876129,0.686187031926018,0.7033971320456451,0.7081676235393507,0.7127459153643351,0.540851199622212,0.8430384780654455,0.7854970180349374,0.8544005628292524,0.8467523407452677,0.8468248916989368,0.7963226692815094,0.8259436608397315,0.3682518978134655,0.5653295944689783,0.8395396451340373,0.7117240349007754,0.6904984333218958,0.492774742767907,0.45133092954009785,0.8162033129966451,0.4726535837756963,0.8467966955987923,0.6350826498481882,0.6349000849766809,0.5681406376256928,0.5098704952111446,0.8124198129516793,0.924270666637642,0.5324550110916019,0.6077891156363914,0.7815989928142104,0.8053790718390019,0.5266253847454494,0.4187265407127488,0.8518872810943106,0.395029353872792,0.784555929163635,0.8355858498059993
45,0.5138204739059469,0.3393184159484867,0.8131409764942332,0.8300403797915228,0.47859330565084585,0.7279283280464776,0.8930356791330997,0.45432213471192756,0.4048917363732071,0.29996262992696016,0.6631458319207191,0.5938231349738192,0.4486753622809201,0.7191241877038331,0.2048190245204795,0.8846457692136566,0.3684404717778739,0.8629505096541054,0.40588471785858987,0.4033243110559475,0.7128664524793968,0.674896038657847,0.3019742266225883,0.6642497429439963,0.41747012492790175,0.4271157061482828,0.4253589814952228,0.7618349462629306,0.7392820852725478,0.8773936040872594,0.24459222361180993,0.5160100945853601,0.8382450522936783,0.2756201914922944,0.36969784837815445,0.5082748356885425,0.39812572709174615,0.1719659997437482,0.23040089523008206,0.13454396400753305,0.14828391524014087,0.32188881159862415,0.19246920098745487,0.1384155497912247,0.8467225735510836,0.8623130459100337,0.8481385417194036,0.47167971323972596,0.8619741984524983,0.3005770981706031,0.8351020110172901,0.557694792433021,0.2156487557594192,0.4985388539546143,0.5388129335559368,0.4332450512325347,0.4477931679777167,0.5305527851754605,0.21152632110462982,0.41712721237976813,0.6511079154950582,0.07553152084863847,0.6146689792646932,0.2903547958858145,0.26346900189982925,0.08247856697950051,0.6218337456124958,0.07462315128203224,0.09115263494935909,0.6539172735544848,0.378357732965864,0.32739680056517384,0.2617407910445985,0.13495426193996155,0.39838352849674713,0.7852217470761018,0.3194117702967382,0.45467364153952294,0.6486511101052923,0.4780694753219702,0.6974670834130509,0.3418178518828396,0.18225952777269355,0.07200482995404789,0.4574225468404688,0.2826526690977866,0.18849132631500326,0.5858585952169091,0.8820619226828328,0.7106699777785502,0.8862005165090288,0.419701107008043,0.4063013381717,0.6554286578822197,0.3563919507843902,0.32089421593300765,0.6237847500791788,0.5753520995061039,0.19400445852327747,0.521936766274442,0.27920799478575226,0.4479641966598159,0.6059528681589883,0.6969701489880278,0.49279848705166124,0.5070257591251925,0.6944860614329893,0.411663167446609,0.457026620826981,0.6351972983443568,0.5852736854828438,0.4648743778075187,0.1783165912909056,0.44753916937134475,0.21056649761963886,0.5630449404826005,0.2462424628439032,0.42583420816898504,0.7830003650821478,0.32192739670760107,0.1767860393811734,0.27925563710561635,0.7272729240680493,0.38625629676716566,0.44470558714031644,0.31147909567216714,0.7689521231657701,0.336674343559482,0.6206822227924539,0.4954096591787889,0.3676949598242306,0.3741771082001834,0.5544594097133152,0.2190294651016742,0.46044278015845513,0.7865145315737285,0.21375609114869232,0.5370074907270579,0.2510385835018207,0.42389517641382707,0.39472013245256365,0.8911536645690404,0.7496148223371188,0.2916819906775268,0.053773541534843226,0.6527059502540328,0.5723365676085153,0.6543365674842075,0.424314021566153,0.11885668932344252,0.42405823693842737,0.633021302445064,0.4875773201164,0.4955656611398731,0.7177204618935693,0.4696622643085225,0.5142574914107585,0.13207665374977753,0.14972401473343935,0.6449174081786736,0.5841406760309729,0.17327954495354908,0.5207823471227241,0.5327760467475237,0.4519671749021967,0.4365365914677727,0.6710736289588705,0.9177526342390191,0.6051013608745605,0.742625977549769,0.3038747194038428,0.17992683425445538,0.7170318003953109,0.6035044151749501,0.7028902669469136,0.42590647183735697,0.5045482745163082,0.32745804401017653,0.2616205230984408,0.6312458408602813,0.4275282949073964,0.883229516728054,0.8720925051319735,0.8394378940170428,0.4394749276177276,0.28891403428267043,0.5030768200075271,0.47118070999531475,0.5130120271492351,0.042617761573001116,0.5249034283847961,0.35808453898530496,0.5045712003937085,0.27130125567991786,0.3662737644452324,0.5762955220773366,0.4637414656885044,0.41183715190656794,0.6288503031380129,0.8266827088541394,0.6629331827870172,0.051929690277698774,0.6384766700780277,0.3258920045627747,0.3647610535744355,0.4951164632778741,0.4524364464295547,0.45100174717216795,0.7912170370332713,0.5028292266716883,0.7518857709467697,0.5465727644070578,0.6863277144336402,0.771761064251888,0.2828127377504466,0.127591634913301,0.36808189973467,0.37604579861121407,0.43397310752173024,0.5708545902170904,0.47537564586896197,0.3561577295156497,0.8120390218087702,0.6288933186872507,0.4820451276134334,0.502065947096605,0.5856161796290537,0.48263136839432236,0.742183310783906,0.49918898118644983,0.2987387745195133,0.512631763078595,0.22516408197118623,0.5186519994401173,0.5125384888135929,0.8628998849131145,0.5718196094027587,0.1957697569620446,0.6388171394018575,0.47345226396406526,0.8543662138861496,0.5194244614669103,0.8634170905502699,0.5457634667235023,0.3351236043932317,0.4269376551608786,0.11847782262153785,0.4019073829952942,0.4507905328983369,0.7347988147311717,0.36179087632221885,0.1637627553612919,0.47983301228585146,0.8122827547909648,0.324670454221383,0.3338953862643839,0.33789435570173115,0.38703589128122806,0.38735497650238915,0.35925880699727275,0.37638100616701853,0.5296765554358899,0.529493526832507,0.13993281233800098,0.5070701165152436,0.5846767799770921,0.09038213792949885,0.3974612119318847,0.44136216592979605,0.5211578271787487,0.5074210245301514,0.5368401836591365,0.47392703144585996,0.41730621416990193,0.19152028970296084,0.6095268552737005,0.6505092091551806,0.8350065846981397,0.7691428297222819,0.49040019541857993,0.615726227943,0.3573740084588309,0.41177692369280533,0.16245068241635385,0.37212185250382546,0.7064307103498987,0.5510931266282636,0.48190111616337916,0.7900397808111049,0.4106558715007436,0.6260561722321394,0.8401617295648209,0.8250478671130599,0.7349276144111532,0.5888602854806562,0.8662918502466598,0.8368742104327854,0.2074099940960548,0.6164211291953409,0.8219387245062627,0.48172869159001547,0.3928281165680799,0.6564968952975336,0.30909381811529324,0.548209841454194,0.4486969299718244,0.28626010500304694,0.1538688057941061,0.7983385958311945,0.323621501084672,0.2983914916535563,0.35730543603423837,0.5973219272472274,0.2615294555528875,0.4158237102430205,0.452367653612081,0.4512455644544256,0.2181313574384555,0.5588883407397904,0.33132701483692656,0.5473852736507945,0.5440256903169706,0.5186923716865339,0.5943181095498316,0.540453089374889,0.8386542427130743,0.34868352487607723,0.31787286051752195,0.6110462611403282,0.48849308690725496,0.7843527641440942,0.8607308658497292,0.3335753808009468,0.8702841153319545,0.5623156640770318,0.23630838853152003,0.5735289641061435,0.21040768434808982,0.6012716883677321,0.4373754099553008,0.4723090623210003,0.5337975795245434,0.6086210559366441,0.3349580977882187,0.5540623168203265,0.6637373744479078,0.32480993735800895,0.16103807152288982,0.6336636936241511,0.6352617176639868,0.419659743228597,0.5592050002593031,0.1967417017980253,0.9321101975835971,0.9487810118296435,0.9676247104499673,0.44732448705487854,0.9134992619397108,0.44611198184575596,0.378052097634624,0.058448842731332565,0.489291468891556,0.27037817577543055,0.4868790161171479,0.2729055837079633,0.42576236863560185,0.4727495919407083,0.45200312158080774,0.5327186195789982,0.3818412312456268,0.31502299748565477,0.2576435139726969,0.2948945488276011,0.8535171986944403,0.4635819232374714,0.7386380565939713,0.4580770526539293,0.25533207917212214,0.86069949598143,0.8136915107889641,0.4681148358963219,0.37807498847596066,0.2247119427376854,0.31833612545027806,0.334775516529384,0.5563293053582448,0.5456806055735384,0.7161494500140613,0.7157601194824653,0.6053252118443133,0.7062789936945602,0.7081096733231216,0.4512865402128234,0.4200068221818644,0.6645141697986949,0.2406286313638909,0.7807396015768332,0.7398607635099572,0.1967457737522252,0.610645438364087,0.6278272393099834,0.5431691107740613,0.4892494070489061,0.39712148692246907,0.4270440393681292,0.46224898237689943,0.31860373343665344,0.45147968090467,0.3807211609926747,0.1409492025283204,0.30193438501365844,0.6780001323185353,0.6798177066745639,0.7987601732076524,0.7937478090331396,0.7940990837478861,0.7198566802942229,0.6918116523619323,0.6618352564845534,0.866154516080906,0.6933286996972067,0.6807636676211564,0.8126346354479372,0.343523999742614,0.350326461811091,0.26946994125165014,0.6967084959656287,0.716661524123365,0.4897408804425099,0.20134564797872742,0.36992549781900336,0.7372109250151225,0.6717676357802952,0.22189969793052888,0.20395006585477493,0.6670596673057667,0.4087811964092836,0.43474498161227076,0.130354355074511,0.7195082898517209,0.24857227072281857,0.02780343918087959,0.2649395406149157,0.7644625151230215,0.6160253839151832,0.5055588763960828,0.8550302572732319,0.5277750943755073,0.5301999290295846,0.34665489847560604,0.2091101380996934,0.29083569830024986,0.6346630243339687,0.6923039432933507,0.5748924815639967,0.6744631840827972,0.8510490209430708,0.33139559680563807,0.1454054188846468,0.19797339885379725,0.6364479062079836,0.07309276121179398,0.3541022715945637,0.8802637477295174,0.6742954443532607,0.1562733455192334,0.5729023333034646,0.5770687417128955,0.4927483853994654,0.15710806825267618,0.6303765605778896,0.8751378889973247,0.21724732436759175,0.522738602699974,0.33417968640701134,0.364543156101549,0.34280784633787975,0.42796178169345156,0.4295760043767836,0.3156239711972498,0.39287648759040716,0.18875120280122293,0.5077268262593342,0.8644038246176607,0.5072557534658827,0.7034811869697437,0.7041924703007121,0.5786973051645267,0.5334440677971164,0.46593474820064695,0.44509073193875764,0.3868036759850162,0.36428603986528707,0.48816408844210346,0.387782909882963,0.530015636437873,0.3361287644020429,0.46080130738563213,0.7582305556012865,0.6551502358046486,0.7456530984245284,0.5889810672342932,0.6977524814314007,0.6901273338529036,0.5945600941255115,0.8758358666223032,0.8592173255188392,0.8624834807776125,0.5786290778971523,0.7170674711420625,0.5700229157962279,0.6107648218343044,0.6142245890740907,0.5756738752620768,0.5091505419562193,0.7028033882430847,0.6961999135570397,0.39493088977997465,0.6267286500337024,0.7784039711454823,0.7853329546514878,0.7898074493921483,0.798360605672566,0.8560272778001381,0.8263829151713563,0.8764000278920835,0.906668468266444,0.902214101575809,0.8533295916692728,0.8312949662618074,0.818191590938939,0.3351586226848643,0.4467439958456204,0.8718431923438336,0.6872436888981633,0.5065840726911925,0.45482007696359705,0.4674747605999417,0.8573653737347817,0.46151893295763086,0.8806966901920181,0.411006322857239,0.3789035753690603,0.541844717640865,0.09820330562398785,0.6060327671574003,0.7793703511875333,0.5096044891521049,0.5034775288899797,0.5657851263999296,0.8415333349391353,0.2883197298212378,0.449691371846308,0.8852957943985778,0.5328182991974562,0.8734598428496589,0.8700727074291237
46,0.6018978628312284,0.3221342464793298,0.8706302156828734,0.834171650396461,0.32808806038034966,0.6373603615078982,0.7378592383621221,0.47943917132775044,0.45213017229122365,0.4855986010788219,0.5023003752597038,0.2266642474140158,0.42437410661650077,0.7154909240614241,0.1661599382781629,0.9025930208808318,0.51108779974202,0.8696559452869079,0.5017086259939083,0.18526222242363696,0.7761780346934337,0.4641109033377414,0.29761681775166826,0.4859928036039916,0.31149278771475875,0.42154291442112146,0.3757310409917704,0.6579037351034592,0.636467632336158,0.6621594327325303,0.2386342984505807,0.597811574710358,0.5964670383416154,0.23885730831655294,0.38310674620814217,0.5830739956372901,0.5006984336809344,0.2909310781970281,0.4632748771256077,0.21019490787258938,0.3369418292134964,0.37230684991666585,0.22630985910346188,0.16606024281409473,0.8751794996262129,0.8583910127933386,0.6911810522196559,0.6784045735555092,0.8590099371661533,0.43520713152334234,0.6662979693190292,0.6097271330238022,0.5822678372939266,0.5595255386239976,0.599626549226527,0.5518153857385956,0.43123272980918026,0.5817765948710283,0.30585045772116143,0.37498905083382783,0.6193599763789801,0.18537054064731082,0.5512987652130447,0.19674039585729522,0.2640859705660979,0.15113938671079458,0.5395747379823456,0.7066210605032562,0.43741518827797177,0.6965782209380922,0.31857820095315115,0.3350661950298074,0.2490406870116968,0.18739264123911625,0.21609875593451489,0.6565742814843761,0.3648335343942151,0.45857115315385316,0.5039791841867415,0.33509697512867426,0.7242617595594758,0.5374628068927383,0.6178376950945917,0.15801691546281094,0.49920632743605553,0.26572945702387096,0.26281191576432655,0.324886521832956,0.9022187419607373,0.6633456247203001,0.8951221305994926,0.4760850965352074,0.3729533019583813,0.4936051715008863,0.05771273590939577,0.7521432321023763,0.4570757997828783,0.6017308103751453,0.2290238325280497,0.5109418282984621,0.29186626052947234,0.4519184768487935,0.5665292554585766,0.6743156838397814,0.46231817269949554,0.42563396451854263,0.5487415773102726,0.37549614590977054,0.4375445651165996,0.48325719339180523,0.5007802456278553,0.45828917752871057,0.595876035919857,0.36736057632605007,0.0,0.8917560854014583,0.0,0.2261323358316723,0.6946575738174354,0.179060461724164,0.19404400631727473,0.3588610150166788,0.6617546387012041,0.4742870478195197,0.3085377650246909,0.4071830863301047,0.7842366314929968,0.31236297095341903,0.6393993480650043,0.34359232731267936,0.3798966800411895,0.39488936101841104,0.547766581757471,0.0507596781109668,0.6591752122242256,0.6877308144649321,0.1958386454360606,0.5827585055008373,0.12523621859522993,0.5615047027444746,0.4534285003196306,0.9130060404395728,0.0,0.0,0.2940941759306497,0.7246690593324784,0.36424417992992275,0.7101816471252079,0.4340186851122183,0.0,0.20224825554201672,0.7332072412871915,0.5218402515276354,0.5253155640835179,0.7183690781006227,0.49605150286467015,0.48821695727689773,0.1955598103762159,0.3316433377849244,0.9034568135127808,0.6851616534044699,0.26230326385295705,0.646764796337833,0.5862166194143286,0.4696589661740877,0.47779007474165275,0.6834167550887019,0.9226611135547577,0.6727164724071766,0.5547834146785795,0.5408437114721107,0.0,0.5212016869662893,0.12428163743370838,0.32831142595769164,0.41485881003260505,0.5100983168869504,0.0,0.0,0.39794378628427535,0.4500271639871365,0.8979968798978193,0.8770628049746565,0.8557627727193521,0.2090997551371313,0.33625874057787086,0.5500707019686442,0.2371812558990142,0.5638286819475036,0.2452811156582598,0.5686839357264851,0.3553976962653231,0.5890109291132657,0.3149738437453265,0.3084994058946651,0.7019453460950185,0.5840815421315815,0.5634795854866597,0.4053003388375939,0.41962285422859713,0.4948631546534204,0.574435328820833,0.49234693439287935,0.3822350632061808,0.2373050482096876,0.4789191391038698,0.42014998645897245,0.4375386952515225,0.6036015683097851,0.5286120249634491,0.7989730936895673,0.5596919560571463,0.6917711865649794,0.7435557343350662,0.43180675638346167,0.31360572425269756,0.45528100312110326,0.5265520742667339,0.0,0.5160818717023475,0.4392517370909425,0.07659407373341838,0.5105316731321337,0.6280466885632469,0.47617163017444414,0.5965609687693099,0.6204642198768988,0.5372304462879076,0.8736525985530924,0.5632385719434787,0.22058613741641894,0.7741601288941202,0.35494202237774714,0.7650794593583914,0.2194467654620581,0.8995940431064474,0.17001046434793654,0.6890571143252749,0.5264642244011479,0.577165496714403,0.8825323190529643,0.6103640908718694,0.874861189699995,0.5531894171612562,0.2962466984727065,0.5186074965133306,0.19158475869587238,0.5034466535499336,0.36724850855789315,0.7849985795564695,0.5401000385731575,0.12123646684498751,0.36293203819948905,0.6977537509992768,0.2254097036750353,0.16273306847504523,0.5254047530423566,0.6069650882250892,0.3682822251599686,0.5756770918823874,0.4402376014983919,0.5892260725371303,0.5671503618113134,0.2949326131031613,0.5822155083378695,0.26135496539020175,0.0,0.5294549334756065,0.4519112614835523,0.5439813214004415,0.5619109970705066,0.5570741799105989,0.5302070367206749,0.1892845559109964,0.20073384003607908,0.6017280814644186,0.6356644858093805,0.8686956791076345,0.8058583536346423,0.4758720862257551,0.7310807235073378,0.26668170005798103,0.5074075467558521,0.27187992346417345,0.0,0.5295566154199415,0.3837884412673242,0.4951695413049459,0.8084905716642798,0.23630557197643584,0.6769900266125214,0.8193266469606193,0.8500817090978477,0.7000419436931468,0.6224194541606033,0.8885613020746085,0.9004063688539615,0.3131108962704473,0.0,0.6254187257897251,0.5647917989271788,0.5883820264010747,0.6615974670000496,0.2766548625892956,0.5616244668212926,0.3554473132422181,0.15747584302665035,0.39655893615436283,0.779103623036021,0.779219328193889,0.3022762136595138,0.4897356883917495,0.68846061728869,0.2570093162066618,0.6464328298322302,0.6340002867384955,0.6540089101790023,0.2363841515835243,0.618881757957571,0.5184720097334781,0.6126980427616657,0.7165051281045561,0.5745841905305871,0.6457185520867945,0.55664203553973,0.900098383353826,0.5227185481603671,0.48339298933423575,0.5954012683030969,0.4305243187787948,0.7738278781367915,0.8881980179229199,0.13989849457943818,0.891418476191042,0.6054734425251912,0.5252971379698724,0.6160223714061632,0.48872686756798,0.635155476975711,0.4969532114270551,0.40294534659094516,0.7227740470162747,0.4334437985449126,0.4318271942514279,0.7410210827099385,0.4532040124020549,0.3284874146380788,0.12018918225632383,0.5421239246655053,0.5802936597652882,0.3640779840795066,0.5106823107080887,0.11213337680283285,0.8320726699075179,0.896802031334253,0.8990796280780002,0.5559233889352015,0.8646050919780883,0.5059784231938854,0.5483514196813862,0.13759978645896354,0.7167162429423548,0.34542192522864096,0.7124282230576394,0.36399136904699775,0.6787945600398926,0.4617000229062025,0.43993659112059036,0.41260305115247986,0.014598207602158311,0.6217121071502227,0.5768725087840889,0.48496539819945955,0.8785649757872745,0.6855669650633017,0.8366096095533808,0.4669838891069545,0.33476363879238824,0.8826042206996276,0.878582877462288,0.5910254075153358,0.5686995960836755,0.5058098201202673,0.3616220814789197,0.391769414125154,0.3828867687374839,0.3831127047634574,0.5881531337798944,0.5925795566718286,0.6014752291930785,0.5840407056157345,0.5948724884501984,0.4852499778900051,0.5625022649774504,0.47064301159961686,0.6562604082364752,0.8119006287554216,0.7843600559198739,0.21917311952245055,0.557190421143481,0.5741113571520525,0.6040201502152326,0.5645369749842805,0.48966770824719125,0.47311842967539997,0.23598334722923833,0.44002263658613583,0.413707442604865,0.45285514182255,0.3339306749522161,0.3454343920098536,0.5120949700807305,0.5148925547194413,0.7133885682759822,0.6965727840962944,0.6659694292607276,0.5366221010731085,0.6803806073242059,0.48340768395870454,0.880652074569385,0.6646886812638803,0.5214818229534521,0.6816209899159966,0.3580338210691877,0.31896376187994246,0.43696843013063447,0.6790017167047921,0.6795649258710639,0.7181353284397776,0.22000960236698464,0.3059240459366925,0.8350398542020582,0.6095403874971935,0.4357122653252712,0.4244896567985244,0.5294463149661156,0.4946209031036147,0.4344830701579772,0.5253264548398521,0.5552363889806831,0.3002185884752373,0.10965135011199019,0.45459050849444405,0.7723183906793998,0.4783613217679349,0.44752744821491364,0.8891861535293809,0.5220235651676518,0.5009928012484676,0.4300602107442302,0.20370454083253553,0.4708482883932381,0.7282347059674225,0.5905496161687531,0.5532078293947307,0.49390531237777874,0.8933680662916166,0.12165142485668837,0.3346533829270674,0.08674397515226037,0.7297503653975461,0.7154814549292904,0.47941197524542767,0.8647493359949411,0.6475520496745139,0.57074004964476,0.7443088025907898,0.6771857287520211,0.6091995490380127,0.40449790803108104,0.6347538916995884,0.8985474262230911,0.46864157205712814,0.7814930837588825,0.7410972592652415,0.6315045332093708,0.6313915700171232,0.6137960679456063,0.5967466040351097,0.48904241420799993,0.5228191625359593,0.05003498636927822,0.6635130133202506,0.8887701979442844,0.6292396655512906,0.7052102904125955,0.7264511175609718,0.7131449897307498,0.7106043233566312,0.588315021615497,0.5537728759437502,0.5647541005564677,0.5364582995206566,0.6063754547540171,0.7616592195413359,0.6266024086857461,0.6172031586787587,0.35210445954380964,0.6773753528179143,0.5438785876098529,0.0,0.6667875119376088,0.6886477200037094,0.6283126608187615,0.5697081012283796,0.9017581735168465,0.6411083957646017,0.6465928150878648,0.6339313688633205,0.6644140286047869,0.631174286089335,0.6339998576129304,0.6692702088825122,0.6303043579738614,0.5924297554048239,0.7120333519891228,0.7349173202346455,0.673357281801772,0.6624008696218755,0.8196755144413244,0.8302857070868381,0.823978562907989,0.8141041566739197,0.9136045582069152,0.771716533130715,0.9222513120784529,0.9240716214197233,0.9315157716826662,0.9092966346465317,0.858672743803674,0.8756815509104473,0.5679413440545917,0.6998680328030167,0.9085632722530725,0.705843649524426,0.7669188272400786,0.5373417495217994,0.24189844212540326,0.9054356586857879,0.3714320523882774,0.9049007438898238,0.6317603858337095,0.3995454233670585,0.7008063975696104,0.5016289272803836,0.3986388651860201,0.6744336852055453,0.5373815463603797,0.6623087916738714,0.4446304247792176,0.8547364901283945,0.4796917574474237,0.4381702378098287,0.8994820299606064,0.5535383422376948,0.8613450054893395,0.8877571563447301
47,0.5149451796209867,0.46021386198961134,0.8567772121225278,0.8399659292101137,0.32195660107083424,0.6550281966242968,0.7724167637459937,0.2617950035765703,0.2591501423440276,0.35303714151462606,0.5146420280103468,0.36443291581936876,0.6615123358959049,0.7359059060805706,0.2556469718019095,0.9077368108779839,0.5288270449172945,0.8861234677919116,0.4444622952766234,0.23977922500262713,0.7235994537475685,0.3214904712379296,0.350310250771147,0.7012873856154564,0.3359168427936285,0.2927694132515586,0.05636718521904402,0.6812043078727756,0.6712116094669263,0.6797372495601448,0.4012675753243678,0.606465956185301,0.5988692155766275,0.36978917902785324,0.47007600516441433,0.5378725589976827,0.42952631334978186,0.3008370378149052,0.7408740051857394,0.238223476785765,0.5225315936109958,0.290562330012846,0.7767262205406876,0.7468496751809722,0.8699165063720287,0.7798199814471987,0.6995360163360752,0.4713698405630606,0.7825068464985147,0.6114005794915034,0.675263949360848,0.7042676351138668,0.5565275275407238,0.6015256700812028,0.6697736021567984,0.5055125675469375,0.49386681601904625,0.4771707642869075,0.2696015689052237,0.4372427429809508,0.5068283296554095,0.14144343288140848,0.3734685947239876,0.2718197529341223,0.27992104394246714,0.17642049003985863,0.4996062058657945,0.29745620084209806,0.8706426409481421,0.4887275611895481,0.420850952263345,0.7700114628514431,0.3659134614322598,0.16131015548966743,0.7314931490987404,0.4976158162624628,0.33980159407905725,0.3823970762584943,0.3600449035797317,0.11078046567791532,0.866999847703558,0.393820484403796,0.6132875486874916,0.05909923025959034,0.23109248443516217,0.2432188477497708,0.30803858970520714,0.6470126412623788,0.908418874685489,0.7486211876583811,0.915857498033498,0.24190000409928056,0.1991748752821993,0.4487324110235929,0.6004198946095408,0.43498243425233885,0.3688066554047847,0.47597136742868873,0.3132119839255483,0.38835194857639027,0.39990294741132476,0.5868197685316106,0.44219264049738455,0.5394011579234484,0.5689166967156695,0.5652032507410549,0.5866155558099659,0.40638839086395695,0.5575876415712248,0.3914096183060207,0.5799061286166857,0.6069832683383953,0.2939643329965207,0.5596956369615139,0.37329635344619166,0.6073203525486454,0.4079664644884915,0.710804205471336,0.7792615653424749,0.17835712237101653,0.10000348623480348,0.26984624576051597,0.6930783475697517,0.3796292809372333,0.33663587099494613,0.30607689938495697,0.7932434345988093,0.336556543059592,0.6485704327662222,0.806832142070981,0.4220627866967323,0.4621577407260429,0.6194520284426599,0.6571329955496331,0.5734866193244221,0.7114317369153655,0.2124567482297548,0.6700715736544443,0.5972451180172424,0.7267713254393565,0.5398619538763614,0.9512447012073638,0.9096981905025087,0.4432739154546584,0.20839284454574533,0.641670915606054,0.4046530501209357,0.6395931467894576,0.5561387422084612,0.350880789612689,0.3848890225122099,0.6471820739516074,0.27182578105677513,0.27044760939073836,0.724497372193958,0.27333825016639707,0.25571884559411623,0.5079955703922625,0.41113790282327506,0.578409517713251,0.5579336989047223,0.2876816140763574,0.3002938885283576,0.7689675193755826,0.3856756149906602,0.5104655134478506,0.8821882918239056,0.7091499002074981,0.7207707104438792,0.473125548370901,0.3808344998747852,0.38298147925160103,0.45037089091800325,0.7639292736104707,0.24410204731632001,0.4917390235187445,0.5535415509631227,0.4689038876433335,0.4112035217731878,0.5009910673767273,0.18441137716439032,0.9134766473172212,0.8979625655288452,0.8856684797763243,0.33118780073648857,0.3504534670743386,0.38088833111507947,0.38585639451092396,0.4132532513979426,0.5045914838285621,0.7534817557413283,0.6996293951045321,0.3874121291557549,0.2773674968177609,0.322772858064516,0.8182612266499368,0.516236024469793,0.7867331150050927,0.7891429327352976,0.3181994261854249,0.4171214836426968,0.34307291976893306,0.41200878632020643,0.11786242436057418,0.06714930976187182,0.5243042978495018,0.434163320327827,0.4777508913163309,0.9323968595900431,0.38597903726637994,0.8965537444877946,0.4295900208470111,0.5796884467667837,0.7556354039854882,0.2771775401638786,0.10669413723746143,0.45073113108173707,0.43867226276286936,0.2053198751721392,0.5307191708157538,0.4769615908501863,0.3502434544667432,0.7429942692522002,0.6469731227771442,0.3247039574174365,0.5989695531086779,0.37845627654254294,0.6123001500063285,0.8342512202210316,0.43680129274625296,0.3276318573253551,0.6017185143163779,0.16887868528405883,0.599140170728344,0.2671569515897324,0.9035046126834508,0.3343535316318304,0.22235881587158163,0.6146970256595141,0.059204230578569966,0.8965175294206482,0.6451734286765584,0.8847119473551841,0.5135457406626026,0.2492438201803637,0.4892906379386819,0.2559931586322379,0.46373104639033824,0.4741715812036559,0.8304388277594251,0.44259818124861305,0.23852028990511037,0.45829662746202815,0.7600326035280635,0.4536620196686338,0.16037334781660656,0.4161559377958584,0.4703982030514792,0.4057494975783009,0.4296902428294626,0.36179931552260025,0.543307995891926,0.5204897747823601,0.243150042425152,0.5444640944536087,0.7026536055442189,0.352187008112802,0.8536016575817169,0.47790083292158814,0.7614786337892776,0.4230189353495681,0.6030019836454337,0.6026601394514978,0.28094232881769515,0.23404492194707793,0.5553019040641977,0.5568721828096521,0.8102982971670012,0.7534366350605808,0.5166376627578186,0.749900962942734,0.47437316144463776,0.41731015545190864,0.6270469593948961,0.36745811779690135,0.5837600109228099,0.4400881312816224,0.4519228253807651,0.8341296318776594,0.3210711190869668,0.8127140720690679,0.750940876378438,0.9211426267428303,0.7129084099495935,0.6128976564762078,0.9026876767030251,0.9021335837377613,0.32661656472198586,0.8357312698642972,0.6033691450105155,0.5642680140140361,0.6007879121488157,0.6986572363686597,0.2615449379566775,0.528657493240888,0.24603739070425723,0.30407129261139204,0.3258863277147441,0.7891772415516901,0.8813637463442662,0.11001519814588182,0.3207343785492568,0.7285745437761764,0.26503466039342793,0.6416445562580209,0.4751256475322936,0.5135992072471065,0.32946232673603104,0.6351715148430691,0.6445492684462093,0.6303188669891102,0.7235586976575469,0.5877977588964728,0.6105940140975624,0.4454174667826905,0.8095917127512953,0.3974525708646796,0.35905577562948887,0.5646916739236792,0.45719406333132434,0.7911455797762329,0.9030953333091459,0.09578642446741656,0.8988655806140433,0.6088885218630669,0.4886984816577251,0.6170244016152445,0.4467945733273066,0.6321873248579709,0.49623132685134974,0.42124623515996923,0.6213153544454523,0.652941563724764,0.27824731279383635,0.6651024633878836,0.13580184896840378,0.2648694299583885,0.25155732216193055,0.5910617255267752,0.6232631572904044,0.2855145087500929,0.5296240721494803,0.12829402484148508,0.8662160074496831,0.9248457521211964,0.9047380694743192,0.5368063645625607,0.8928348606550133,0.4676785388245936,0.41496031194435057,0.07353613354434309,0.653931503594074,0.3127578309911635,0.6357970090141349,0.33834089806055756,0.6078052228168264,0.4697143580908233,0.43844825720918296,0.3140447093523431,0.21931533762199518,0.5737066125912591,0.5356419119799797,0.48578980752452205,0.8471759290774175,0.6604238207539095,0.8415246949675732,0.5564348901896427,0.2680151301747575,0.8951784093137144,0.8794341415108559,0.6070220407174362,0.511855168241601,0.5562117861506772,0.34593831688032656,0.3751532696860256,0.45183645111809995,0.44745842922708945,0.6192447920260606,0.6268104645678932,0.6336680262026032,0.6076420895657583,0.6162624997863062,0.3981352351407784,0.8542235343100945,0.38865740056394527,0.2831087279693888,0.8370072915543892,0.7322790725878068,0.2082368658722959,0.4618775570115661,0.4569006674151565,0.5020518130507993,0.47120298554010054,0.3548875747426546,0.3993665439107082,0.4862070041691249,0.43126867026851906,0.4855627804472342,0.44182131961538823,0.2967395815700813,0.4999103185522011,0.5861954981819948,0.5872569713083018,0.73806643091681,0.7045514648364255,0.6308958588392463,0.5277553470400355,0.5602646414100754,0.5332940785398409,0.9058899272819805,0.563205971127719,0.6187324060608348,0.7078257465721679,0.3556089163019394,0.34684765324186695,0.41520129138963224,0.5614883501743715,0.5549762348003533,0.6419854077297168,0.19561754038783838,0.3866414973909432,0.834259498856471,0.5115835052280223,0.3116500597779292,0.9590499718446743,0.582206836987559,0.48357827316858104,0.42859531624832553,0.7993131586347216,0.5895848125398541,0.29979607068943237,0.21955749571259792,0.43509010573004947,0.7771228075359515,0.577474132662588,0.5612038445519798,0.8960219691786916,0.47820869526517923,0.7361135584761758,0.42047343461701076,0.20708716344061534,0.4116681915771232,0.7479799684563494,0.5840899427026617,0.6814199878252755,0.6371607649593556,0.9122826093416798,0.24789778609864194,0.3625429225781146,0.1216056095282038,0.8580350466267825,0.695060135302138,0.4924206029977044,0.9196436025753381,0.7429320164307602,0.49955654889406653,0.631927520461652,0.7043099379060477,0.7086967617879348,0.5399086957579008,0.6542922443776958,0.9056207394193034,0.52281618900009,0.7768502044949316,0.6755324057645219,0.6292607391049203,0.6303941878738778,0.45919577430042574,0.4550134159385759,0.41117553098224097,0.4630731880758715,0.12438789116911281,0.7327717695499046,0.8983262966934612,0.6868562262462682,0.7067045409294296,0.7239188661338015,0.6972343140483828,0.6798530254940135,0.49538482346051393,0.45924187092546837,0.44440943024363855,0.41150696899608197,0.5559829344218794,0.39949457405934796,0.806581427282711,0.6179566905788318,0.2694025494239818,0.5888567034434591,0.49467262760052333,0.7742632337965705,0.6638738431800285,0.8439305183390855,0.5520765505499984,0.3771831009024306,0.9168949329709631,0.7360183013356517,0.7959335798217279,0.6545199530164989,0.8984294414268336,0.6518113548093257,0.8366469354329813,0.6883778966374735,0.6555489439841243,0.6297950036191609,0.7383568760549969,0.7628334994217935,0.7158085704061384,0.728835591563312,0.8392207196857371,0.8511553634428954,0.8461324447252341,0.8625529286098947,0.8517573977158506,0.7642347989840506,0.8982164440101424,0.8885940362172338,0.9301965010303175,0.8579902591892768,0.8695748872536869,0.8860002743822291,0.34972565396067773,0.5738402983850196,0.9322711370218928,0.5988556106599227,0.46209379530832473,0.46385758385868614,0.41093248655129955,0.9272031326165421,0.21488614139036566,0.9080422112451686,0.6480415335375153,0.3463855464576606,0.678974261347488,0.4757531691230607,0.45923306124094454,0.6948126069348595,0.9710345568083726,0.31889320186443726,0.45153314334996564,0.8979072529810846,0.5681901352957887,0.422188448379828,0.9010846493895258,0.46493569134805524,0.8719405440204963,0.873851138081142
48,0.48147396868510267,0.45765680341734977,0.8419624148498944,0.8340599534125674,0.63737928563268,0.7072041711104973,0.8596699591370095,0.3678206858480944,0.29564501739730586,0.2692765717038791,0.6928101469553746,0.49138595048539163,0.5887024072409326,0.6982604719524589,0.23892837503312386,0.8972304525263629,0.30409794051630795,0.8872813103512368,0.36631558104989326,0.3554086788026322,0.7741857424800123,0.09110623100659251,0.39745809855161185,0.44255284491033836,0.4020948190610615,0.32788360153812424,0.456083991451943,0.7256616888326105,0.7095987744017968,0.9133946715279374,0.27189061307723145,0.5598203195818632,0.7125761384656444,0.2501846987478854,0.4105656682008735,0.5751673909242145,0.5201238056832499,0.4108894402035094,0.3929930000167582,0.4126167749264573,0.6467152936404785,0.2521334504073362,0.27467690022361324,0.2181052142991105,0.8584361454932669,0.6434254047532522,0.7715429086261849,0.45743528212673124,0.6245214942421184,0.6648405858606518,0.7648378724476524,0.8257645101487198,0.37935302008613886,0.5577657006318079,0.8270490857825693,0.6961190629202114,0.8086903562189841,0.8607735185983906,0.15103733381423273,0.7912261117034227,0.690694690285839,0.0,0.6686691930779213,0.3728467276648872,0.28046483397180316,0.3305571076842064,0.5409239246917507,0.37265677003785386,0.7170158430845972,0.7403282250218765,0.5261451895061139,0.6174954026435712,0.36320786287398354,0.11042376522137984,0.5646451717795468,0.6381694718732357,0.38324683243030755,0.2302373963312602,0.48270051702720257,0.38292413322349883,0.8435715713404562,0.29064507737500156,0.521181605208665,0.06020443494013098,0.3693886309927666,0.27942918029028224,0.22833918611104376,0.6113440410527853,0.9001693891507082,0.8159363983894982,0.9008827946479159,0.7231385358144344,0.5060081324806538,0.3278913540785057,0.0684033661477043,0.38935987092098007,0.4971094706237854,0.4099307615579063,0.29646288319237374,0.33718314590880566,0.28637581060888456,0.3739980829455877,0.3999389656896802,0.25202686095513593,0.8405091519894209,0.8430966044637537,0.6879413032284607,0.41027581562363696,0.8213414637984064,0.2986445090637099,0.5550880213796707,0.5741063467628417,0.1315980485786533,0.6285620522681553,0.2533665307809533,0.6375649929926789,0.307944912355418,0.5680956830523268,0.7233611849418327,0.37409619751028667,0.21885747079597986,0.5288141911315599,0.8488858473378191,0.5189952001575647,0.6549487312353597,0.45668150969290905,0.8428798836334233,0.3282511399991995,0.6741489909904219,0.6497771482762967,0.17398427728910423,0.7149786621807896,0.7130989131585593,0.40773091521890414,0.509397145169825,0.7538491329024373,0.19192999198067098,0.9074763446920874,0.44651224239524295,0.7367185161137245,0.8706699947532244,0.9520979224128491,0.8732038124295002,0.3198024841435621,0.10199194156164403,0.6113102405313343,0.5335135903418816,0.6001136822206148,0.22316064396467714,0.18519246175696777,0.3609685771367307,0.5972599215217513,0.1263974641673622,0.4297813680091973,0.8028288607832631,0.4132766032441799,0.405343997633323,0.19342683430867635,0.7737278130755109,0.7430354692503737,0.5005348222604175,0.20276230810900886,0.5190799970491063,0.7480252184489291,0.4298746345499092,0.5804205547994068,0.8665571087235253,0.919887172620144,0.720704658070054,0.6166463466471365,0.29618620884886304,0.16811641343847405,0.586317703021886,0.8436766614921919,0.5553198330926596,0.359075724710047,0.7615532588909218,0.3331213766678229,0.2998760856963643,0.5484826247024229,0.2897063036216749,0.8946548973303047,0.8853349634703691,0.8670221344569965,0.31474611587908463,0.23924820168298191,0.3646617255746241,0.43830530233840403,0.4007411556610157,0.5241407953859406,0.7354644614779962,0.11720847079063107,0.6325671659552534,0.12316700369482834,0.33277731916016196,0.44632813069073424,0.7348298573297396,0.5629998894783798,0.6352766388715785,0.2400562322308436,0.6959182929792614,0.2169502520680098,0.7066927227380372,0.3852016417045254,0.3240125908391908,0.8237247741455693,0.3546733546090703,0.8161259429337004,0.8449769893295109,0.36394865110216107,0.813079112901545,0.40165750029957475,0.6236727810257423,0.7848884660229725,0.2153046781644924,0.35298680197041105,0.3781265505007289,0.8380043425899791,0.4007842496909063,0.5577909182135627,0.5332518481361268,0.3554172469163746,0.6188727410115449,0.7278176591756856,0.32276232946813604,0.5606145892460206,0.5032524574958425,0.5506546036885718,0.8011735165088493,0.25590128139869495,0.32091783227186405,0.5171673268484461,0.15392291303065794,0.5335492838450804,0.26548639791037665,0.9222805337504866,0.2878572921201884,0.34331429253987233,0.7526722741041358,0.887411420312359,0.8787234465555898,0.5720055823978797,0.8551497033491674,0.6514727367971813,0.2755842699744314,0.4228403772470887,0.42312500233421046,0.4009367933040282,0.3800535030108581,0.7892198851842318,0.8574943465485386,0.16758694802089205,0.7669279235352628,0.563022218919169,0.8187154793831904,0.3882984391979681,0.8571685823654837,0.4645063730758494,0.3791127159704094,0.43506475736914846,0.24856999114596026,0.41368303596729233,0.3990618638174005,0.20928633647278677,0.3548859666178121,0.7085864927195127,0.2159596385804627,0.12306591195802649,0.5762496993027036,0.365656371602433,0.8050772824808253,0.6729929757945564,0.6609226054548197,0.24138279297272852,0.23824443335381787,0.687545267904875,0.6744600324351694,0.7763307019034486,0.8136718139487535,0.45671376626317184,0.7221515992277604,0.3582839284278357,0.6013923053578163,0.7519120777251951,0.4221602207609675,0.5182085228857589,0.3644866540127214,0.4937227888976945,0.9052446707540653,0.3882148996466812,0.7487090258830139,0.7928989066735802,0.8823691784586781,0.708796160814046,0.6273078828042409,0.8876253373595454,0.8639394888790061,0.41331080893398825,0.9020588735947888,0.8886768763603532,0.908426852951907,0.6929219641042915,0.857364765336068,0.8001360068397213,0.5426834194057064,0.3973383860239294,0.6206170118872558,0.20592030952590973,0.7791422065264929,0.6163709674720158,0.2468257533571322,0.411661885956099,0.634507505173817,0.161341247686127,0.548230372433828,0.5336094355632671,0.5219865526847064,0.3902846891132685,0.5798716058029686,0.7877128756461164,0.5865114029675434,0.7674563524199105,0.5345525658845478,0.5447255554086359,0.509529850237539,0.9115939917663718,0.5531928689313096,0.5099261255184445,0.7803113354408505,0.7115168268430031,0.7899513783348162,0.8846060585279406,0.0,0.8797157160390233,0.550515619900413,0.26253465845492163,0.5578308919222968,0.21206781097838198,0.5899433279846225,0.43766373563669286,0.43199098744963027,0.6193031257508308,0.5959142861566232,0.48682522103315345,0.7945433926839036,0.6820311115887543,0.44571946602312024,0.35705653806539067,0.5605558110270922,0.5857642108675615,0.5041660004473397,0.5227956694549629,0.08033763189147575,0.9377497989596786,0.9148012126680825,0.9129080782170695,0.5765029279874865,0.8658780920853544,0.5577497470194605,0.5677030459218118,0.13106267983297187,0.7397869057019612,0.28959219671492664,0.7268650554206114,0.36401142618391236,0.6868294925686352,0.47690943724919893,0.4391830662597933,0.5931357584840072,0.33019675737438425,0.29434489417409804,0.24630863397331343,0.44667072619237064,0.7618200445940264,0.7007366333283007,0.8586813602055868,0.7140900433223764,0.3278655009200212,0.8819548576734756,0.8852133874197912,0.6898259945164609,0.5777100329764391,0.6055027677541975,0.2975821303215038,0.24110945312127277,0.7116642518514732,0.6982087729746337,0.5893020111575085,0.5935263782844176,0.7358638076674469,0.5720406590392175,0.5970689612338183,0.4669443661791739,0.9026233642590651,0.24640048402803716,0.42417759470425387,0.8510937094421321,0.7956036832317729,0.20227602016236965,0.7178870427347236,0.7267945197244808,0.773814364891172,0.7663329913133715,0.7870924045103876,0.7050914501913907,0.2803466309279886,0.2976817965107005,0.2381108719065844,0.4876189243511248,0.36226844964246935,0.4033555230859518,0.8101047045172193,0.7980360498704043,0.6854009185220772,0.6624792210461977,0.5792608922326238,0.5814580431609861,0.7572285081006291,0.7918560406641109,0.885517795027851,0.7672677832130955,0.7955141064662157,0.7152849305477939,0.33693434873634437,0.375396698291949,0.30630875797244816,0.769636145934259,0.7814490271952887,0.8662314737196319,0.4634240369338851,0.7966647812912266,0.9548889550686201,0.7550309315747937,0.7292976486419969,0.7577592003151128,0.7952786811493021,0.3380434263325877,0.2887141960099787,0.5926468964562202,0.5377529404968605,0.25325226016758234,0.21121981565992784,0.41623010489163337,0.7933188009347779,0.546399059102917,0.6020180266288292,0.8811401610525048,0.5467074783897666,0.5255800368224842,0.3650723814580291,0.20908436272307943,0.2490788196747046,0.6846479173089397,0.7280859614328956,0.764723987806554,0.70451798529048,0.894201518371887,0.25157838593011395,0.38890828014574597,0.1167161470196174,0.4354769381906396,0.7159059191598965,0.4048369558073308,0.8781697812397593,0.9213318952046707,0.608065321876319,0.6629578511103856,0.681673924753622,0.6516689232217413,0.46146750186308744,0.8104534081168491,0.8915857401293611,0.5754006166779494,0.5023406187218924,0.38823730997747724,0.37125002095845194,0.3530150192991452,0.5452448701929072,0.5421173471393451,0.6021361056323872,0.6608692012577335,0.12301634055262792,0.4208006087474104,0.8938285770699396,0.41346246670956716,0.4210961999928978,0.466863698019839,0.5728696606448684,0.584309226377687,0.5284477931563897,0.5049657347875809,0.4983685544965315,0.4872642503854072,0.5265708107480287,0.37310925489528585,0.6106352042281553,0.32286053608970144,0.021474374731322958,0.7808742364164606,0.7632403880750219,0.9508426448068371,0.9062193400265589,0.9803119520698425,0.6808335459385669,0.7076171351943203,0.9047483934541128,0.3942386072411622,0.3278046687244684,0.5932489449201158,0.6721045278856418,0.5973781366012791,0.6901172450568884,0.6242140378095463,0.5878182941355996,0.5378001671359868,0.6577381263558054,0.7051888655396878,0.6727319967090839,0.6072196206042786,0.761619067865554,0.7609165736648735,0.7711711704727144,0.7412491843745885,0.7044264758696549,0.7365160785919684,0.890139170343897,0.8498155185285878,0.8506040713629448,0.8322576379835726,0.854442725520696,0.8525370739505328,0.41253184967643386,0.46492465391687127,0.894656504267637,0.665191461560888,0.7470368225535464,0.6430833786272656,0.20068230774837234,0.8892293928162545,0.3965302313953715,0.8864466137040438,0.7003237064877726,0.5994682430885393,0.8202070410260139,0.5726903733290326,0.6565899708938514,0.6668444928602271,0.5419163531741554,0.4891281773227089,0.6493386791723387,0.8355095593289734,0.572839463860994,0.6633982384053925,0.9086837634809998,0.4757590016331675,0.7871477294082144,0.8714541168271097
49,0.6494188080357683,0.2690487025943638,0.8644894971487418,0.813840253452195,0.4895313877811451,0.7699910743018572,0.8674094843917172,0.3704389900438336,0.31558177960498723,0.42551598848742284,0.676625504074822,0.4697554118459968,0.6364399469852466,0.6364817173899334,0.16999245652027434,0.9110919948130506,0.25789242229099024,0.9022184396031796,0.5700378762170635,0.6068455645953109,0.9189455322042533,0.42685691983367174,0.25358045056488554,0.6355251877066633,0.26509648938228497,0.21335281607246956,0.4330528524251888,0.7858412996795814,0.7748489367785095,0.8300665061859771,0.22895981401185958,0.5348359199538507,0.7839376290768237,0.20913015465229526,0.6982806900476173,0.5057497335725168,0.564393316741224,0.27365822251764793,0.43521531815332576,0.36860300892601405,0.5177375588989894,0.3669415498182138,0.3085603561475289,0.1586992446672383,0.8811451924079714,0.6688534385616796,0.7859417186945169,0.6151880284191779,0.6756133629197472,0.6429460127714447,0.7668310231369142,0.8626674656792755,0.4817201849476664,0.5066913642141277,0.8478386232463344,0.5182706362043403,0.5288967083013162,0.4891719637312158,0.37214741821139935,0.48951428736652053,0.32183591261545846,0.2696221973170348,0.5031072262297202,0.33243980366218695,0.2991399552945625,0.26457563839900666,0.5446184023689199,0.8625860512778125,0.6058553085632007,0.4794564975418617,0.5904863693774796,0.5027139384047475,0.44175918231317735,0.3051161270129946,0.42060805182763966,0.5446077489780417,0.28729442730367766,0.2781220340305954,0.3599980288624395,0.2340735836297721,0.7374714408557016,0.501503545978169,0.5461178669931789,0.21711519319544947,0.3570730933678387,0.282400213145338,0.143969044063572,0.6432496784371375,0.9128051544304047,0.7977437150637685,0.8976357877058619,0.2995935919374728,0.2732691645543405,0.6120054447857963,0.0577505606755287,0.8760938923920785,0.743627997780821,0.7457232416761665,0.6168907415820826,0.7049920171666849,0.6522961235979965,0.44912431619021564,0.4702630003955871,0.286024989379088,0.5722043360762505,0.5752714447226321,0.6924596223759055,0.3458490441485984,0.5515849811571542,0.5899383365941495,0.5281136458772022,0.6281118917819464,0.4180101088382958,0.41198513487838945,0.3351969718613302,0.5833311734471613,0.36028145909566117,0.4281575491953573,0.7477108307397172,0.2984403309609373,0.2004445681101071,0.1048572472827239,0.7901666244253391,0.4940804870397713,0.5323787476207097,0.42323315370265885,0.8129631921244023,0.7126907492951968,0.678432176446905,0.5168043947473389,0.41398393415215273,0.5883107364524661,0.6070595926494604,0.049854807214073635,0.7178856208392925,0.7350650498982888,0.24827568062050748,0.26668231396123604,0.448798177862372,0.7246675336957842,0.10393514969616806,0.9503106224489775,0.8695135915205505,0.3990614325208514,0.18932556674000992,0.7088875781400797,0.565565527297128,0.7312050331206065,0.32527755415226395,0.2899984583438903,0.7955299492661473,0.7137933493574203,0.45399712859030167,0.45600541544754214,0.7285707727540435,0.4190411929160189,0.4010633039847508,0.38852941427942844,0.27604392340987294,0.721774106734123,0.6715935399353397,0.31011829491866627,0.6696836278444201,0.8054128001084286,0.5443880196170504,0.5494492199939801,0.6641354832911339,0.9217974060207128,0.7556583711377681,0.8327930388899732,0.524071953167578,0.3021563517978728,0.8316869471496358,0.7628864836947619,0.775973806576702,0.40878647537798884,0.6043113001067904,0.40641249803298324,0.3425762292871096,0.5477984375610618,0.29567824010819943,0.9089131154462485,0.8982267077381438,0.8750924555945453,0.3940713149022315,0.3898447332906081,0.684430743515459,0.4687695425667633,0.6830900672270093,0.5605870024616406,0.6492524967131457,0.3228274991860262,0.3860096003419181,0.1732822853758942,0.26342853488889106,0.6747625887199779,0.5604492223552531,0.5783766797412875,0.6838947649229972,0.3301261465530833,0.7052240494340756,0.824460012297649,0.6899038563524975,0.7429535836121046,0.44114629012628165,0.5698554147224979,0.3307078327757431,0.57248787966175,0.8810560390902892,0.4192248270252882,0.7589004345887745,0.4864690329013534,0.712503901226768,0.761425318496404,0.3312731757821732,0.1995192555465669,0.2961664098144537,0.41583082051369064,0.2530190535445888,0.5289419996844577,0.48281514364913475,0.37134610151287634,0.7874550598780712,0.5781285070601314,0.4912788988089182,0.5248917227231047,0.541103935171662,0.5288858702473123,0.9173384686439621,0.3501950877948657,0.678121927816126,0.24434561103427796,0.18462055445026554,0.017260552554073258,0.5882671912138263,0.8964026375974514,0.5983869322454861,0.1623502708090898,0.7436523759643338,0.4689039510652567,0.8918087928207943,0.49546016867553627,0.894521478252174,0.5444795084181594,0.16058242389173166,0.3275092379003194,0.4487646284514276,0.3002560121252126,0.4292649566281507,0.7799965104654976,0.43043870184142213,0.16470565870508544,0.3375332376817065,0.7414701581165928,0.432173732652154,0.23102061686430633,0.4052969244937042,0.38333058750257487,0.383320166420453,0.3586374089967386,0.116511258054093,0.3811140327195311,0.36945343581569307,0.12820902283010666,0.36378975193688945,0.6405164866493068,0.3178637825843491,0.1493926321783619,0.4446383798873359,0.38803645635505013,0.749207687204785,0.5768409472685221,0.5719005614642603,0.1252472892300657,0.2592898104520401,0.6508022552465048,0.24723303013078252,0.7838280689336805,0.7157561658781176,0.5027026287020169,0.7538050795638142,0.35560127769160227,0.5324853950765726,0.5311394064151203,0.35986960977653265,0.46820984241381375,0.2840372467243078,0.4302654716404048,0.8093544379590291,0.46324185444825466,0.8123503142616009,0.840215173457324,0.9218488846024091,0.7030698115035564,0.5148921631069793,0.8899041181802845,0.8712225951544512,0.5264071724902275,0.8568729505095065,0.5559168869552291,0.3715343919581911,0.5135738068579105,0.6947315828905596,0.44060010359902835,0.5658413185056422,0.15158820743178258,0.2011031615231839,0.3723472076669552,0.7793258903101149,0.9065642760241304,0.09975930199246559,0.5877987703170586,0.5874938018484251,0.17793704271212685,0.5824793809518292,0.4453907791175086,0.48149269434989256,0.40542143717095036,0.5592281422396731,0.6793096442008687,0.5647585210592548,0.8168588413311428,0.5119016602426233,0.5526919334721795,0.536856050386818,0.8559937680630523,0.36478871900392,0.3371039345763285,0.5602212317600312,0.39079743697460095,0.8068707912440768,0.8890777523516736,0.4525643670317104,0.8869730247939009,0.5418171010326492,0.3220500324818384,0.5528987321169537,0.3000708099958011,0.5821240034020494,0.41134777191777494,0.4138842340029631,0.8906030563263369,0.671685860935384,0.7310385809591468,0.6553842001867968,0.3866953406917711,0.33833889451849736,0.1886661693109088,0.6118345161521075,0.6503361892088868,0.03808816471046751,0.611956369069824,0.20318713035787828,0.8426553317707902,0.8887081466337355,0.8967934569029216,0.8149556255885914,0.8349896005579031,0.8546102475569338,0.6802495256243002,0.11005201655340416,0.7620648718223682,0.4924615212064579,0.7431227444397012,0.52314752853064,0.7000305954805428,0.4607010744839196,0.5013427581783838,0.6643847948685344,0.0,0.3563178831257593,0.33440008907698143,0.7559887419645683,0.7652175908898575,0.7547624818109349,0.7911117241356708,0.5554924887049543,0.3529532327583301,0.8948723379924274,0.7801959236196858,0.6552017249708424,0.48192536449698287,0.5895690517947423,0.4328437731250562,0.4719477943388157,0.7816959362190712,0.7702500607609503,0.6658319614997847,0.6604111964179193,0.41529680135696584,0.6441924908595107,0.6885275473551224,0.5836554141981596,0.8959722196843248,0.26218098902214954,0.4055819585322556,0.827515334809354,0.7382357207502661,0.7288228116676285,0.8000462523810646,0.8183268753025781,0.7380482226133444,0.6522374396248733,0.48123911217242743,0.4558047672494535,0.34451940853041874,0.3131258630077882,0.5183268125315912,0.4720910610986824,0.370597287211469,0.39719009077848666,0.8609156501627953,0.8455231456485692,0.7423426985809869,0.7294769772786416,0.7131817932365353,0.481608467533214,0.8292035324551872,0.8477815597585004,0.8924824838675515,0.8384008536641093,0.8828535163999487,0.7737391386325436,0.427530594068831,0.37195506607284956,0.27375997693583043,0.8415218036734827,0.8572807266947976,0.7849807233030509,0.7042874376000552,0.6095805078584425,0.5600236014785654,0.843105448451852,0.5926473533635488,0.5742175334360692,0.8642756403041332,0.411606627810059,0.19365704652692292,0.23712390439359068,0.607201907792373,0.3804584869031114,0.09933767024682215,0.4193244504854605,0.7651117567600849,0.828130154372155,0.5134076466351101,0.8857750142521621,0.5129942469244809,0.20702119483920967,0.467410873065407,0.6230253859965238,0.5929980765649703,0.5614258301294202,0.5842382564242048,0.6818347577664089,0.5692836436933338,0.8961327404678103,0.12339060981535206,0.2240788688406182,0.09252827351206125,0.3722989433627141,0.8687930726927731,0.400853402408446,0.8740662921004607,0.6805825693043536,0.2380297318819258,0.3093395187795525,0.28164726024185166,0.45786812990666936,0.1680782237769068,0.6800985729118263,0.9069682436481523,0.18645884571857632,0.3775891215517389,0.2612984398628756,0.34155763885414003,0.32408579246386615,0.7481243902514311,0.7516371102150315,0.5308744078688933,0.5448011312413447,0.11736185486617891,0.3513660102780418,0.8996305965889744,0.34857413406941645,0.4477574219337315,0.49282233402556896,0.5753157726047463,0.5781636166961066,0.578871382438442,0.5780653617427369,0.45659380167190916,0.37385387331821346,0.4049067653852655,0.12009630519099951,0.6457430351328453,0.2858603017490734,0.0,0.881213373477041,0.6791119443307291,0.9100323839164984,0.7574205839413325,0.6979206604309098,0.7830069563231894,0.7817010959188085,0.9048529565238894,0.3710043484511778,0.3887529200909393,0.5684292608971988,0.5549618116114163,0.5752558957730228,0.7374950266131616,0.5926106318621903,0.565998200096221,0.5171731071334864,0.6489388655656789,0.5893743002090774,0.40383865676406505,0.6053959183446436,0.7363850930989387,0.7333177543356472,0.7429747353964261,0.7373960395995948,0.7409318660702603,0.6160230927708485,0.9151905608084311,0.8354447656740601,0.8554491216957535,0.8130765697293569,0.8654360796559258,0.8622571522648265,0.25807148962968396,0.0,0.9161001159724608,0.40492672745091074,0.16562514563873965,0.4061229129414539,0.3703099371915058,0.9252972516269303,0.42826197037701047,0.8980553317624937,0.3354323067606098,0.6562272790854633,0.5432829587150961,0.4990793040629371,0.7591606009713038,0.7618695243883656,0.46544211759224585,0.458264436775758,0.7053370541603755,0.8985151506043796,0.4686093725451328,0.41044542956036834,0.8999438872704177,0.3756873676211249,0.8857985258130755,0.9040050899342024
50,0.48688117856189805,0.5505181406057712,0.8057374487298283,0.856705359058366,0.4419642829677573,0.6178319059323999,0.8335182916336553,0.13643084049572235,0.6502429620593901,0.2814236609943282,0.7304335228560167,0.6469957344974876,0.838113323117914,0.44536116419532484,0.1576513996027713,0.8639262594710992,0.40507356613977524,0.8454299331157623,0.4247653697907099,0.13855798939236502,0.6980553094226645,0.47959680104566754,0.6917679267888676,0.40779767034062775,0.9188024954075659,0.361502988629162,0.45856768021037103,0.6408594402767519,0.6189005492617498,0.7770792348220668,0.2623840918067252,0.4426884104798926,0.7138391911912096,0.3145819368446627,0.21525603369071075,0.4475139093513519,0.6259546899999857,0.32753729829796396,0.15354056403189817,0.12526876594111708,0.5592114348154162,0.15869798484220854,0.3745275089733371,0.3105033850270482,0.8210685441028873,0.8026026304086609,0.8250649736322058,0.4454356119215657,0.7908535603322031,0.8331428068111316,0.8145341480098555,0.9068930048697329,0.5379713716854934,0.41571736676139626,0.9110361024295202,0.40028992227342924,0.45355768962364906,0.48933422896025064,0.21048857939666415,0.3833099878048168,0.20424019581796035,0.07558162072538314,0.4562761371818375,0.20034274043226274,0.3078964733939134,0.2128533874570223,0.4889015036992459,0.6283756626198785,0.5288350719396084,0.38858756765946023,0.514332902383337,0.4247151483188361,0.336392059233197,0.15416768718172164,0.3264821110651577,0.4220462745700254,0.37139643531547045,0.6326777505320106,0.14532933441723506,0.2017156078519039,0.6612773985545368,0.2994541747652711,0.5659137606782092,0.059564727049028446,0.1108239820570595,0.0,0.09443088371984631,0.5517815575652399,0.8628254503640432,0.6766972996960614,0.8666140881791833,0.3347336062308684,0.1069521829582607,0.6431975340342578,0.2136553063828075,0.5365285501911429,0.34067970389780344,0.22467210366563906,0.28389865734431924,0.043070967132387415,0.11358891477081977,0.4757295007567452,0.3444374014598784,0.5615390038992062,0.4736746939734282,0.4764867114625438,0.7624582153961462,0.38622546271802743,0.4554874290043216,0.6353955052595102,0.6355394204319259,0.7913828142031631,0.4138097112959072,0.3851857238088023,0.30199957432274255,0.573459085423543,0.34432650368218015,0.3442640426071827,0.5774784232858623,0.24296072015980108,0.15524348690725598,0.827642583529007,0.824780354013365,0.28215497782408766,0.5917363514022048,0.1787039850229954,0.7669188516775822,0.5332452247556841,0.7706144937657016,0.44421156407322726,0.4642327688729057,0.6297428963201367,0.5165819853105857,0.2717387584605199,0.5774968598549631,0.8333954472696372,0.06734695934936573,0.5474145844288297,0.37874351115618027,0.9152013494690131,0.4706364784064761,0.9853228523135137,0.9799261342495317,0.3735877574770834,0.09528027626405235,0.6151026549866145,0.2149239479723419,0.5895925585102507,0.4332930460742228,0.20793310866595213,0.5654420228576248,0.6243111791119552,0.7210645218858774,0.7123178269938579,0.6912958027420948,0.694420094874305,0.7082526029666101,0.3085028562280467,0.5397105733485944,0.5062281545473657,0.5544821880510483,0.29023695147706413,0.5207100367536397,1.0,0.38714115817666483,0.985491192993861,0.8254586095871185,0.9249398137669064,0.8275877662707942,0.5087192452930119,0.12704400051879416,0.25853001341098986,0.48682611993077307,1.0,0.29592055767513736,0.39690799660523135,0.3791848225602109,0.3818044376068961,0.35111133625010493,0.64867834581893,0.6183310313667651,0.8647768703537789,0.8458543430108755,0.8213911812605487,0.3179321146817572,0.23088261457927026,0.384758656110142,0.5008713103291721,0.39015047895538735,0.8832054971495416,0.8699920011906105,0.3636592472631027,0.7274781756819341,0.26379064514474054,0.3809533033858811,0.14394194447862746,0.5434648456378617,0.4546837658731953,0.8855521359499602,0.27947291081291215,0.5617722361968746,0.7154492204546671,0.5617741825066035,0.5778061519648814,0.7567684207561988,0.5027738337436373,0.2257117410676824,0.4556412964064602,0.9841045664383252,0.5123267257624341,0.7679872754371951,0.5574000034736959,0.5523145860711991,0.7057918153658501,0.5784738675150918,0.5331454515231615,0.17862064703287076,0.3573925070935343,0.9307961405169509,0.5314284927476972,0.5112253056556405,0.4098019289532798,0.3324076650390714,0.6327135313053817,0.7040290378725212,0.42668015827487993,0.7908639891333867,0.379817039343232,0.8080253463390853,0.5616229023903527,0.44502473854509234,0.42730695488122045,0.5455579122301081,0.4081631193179102,0.3146209305167514,0.8690810455093675,0.2795108789625342,0.34360713720584624,0.7127267073464625,0.03646527324256344,0.8416570603383194,0.4236568500839918,0.8199487885240496,0.44396214304444476,0.1853255577123196,0.32028519083857093,0.2940895635983578,0.26879968718571173,1.0,0.7772582566056997,0.278543242359934,0.19981013333440947,0.5418240615549412,0.8408059699006918,0.3646984173877486,0.6320723213424065,0.2459384728681483,0.6960731396654085,0.40765674115496137,0.661108225525557,0.5655023860324165,0.6629173532797971,0.6372206213902576,0.22256560759027366,0.6320593955066238,0.7448529476356351,0.3247807117923628,0.4428029195208005,0.534763238056469,0.4906255708182479,0.6298557814322976,0.4995847332390877,0.3272285539441554,0.2564040987741252,0.22327266637397872,0.6536858576133505,0.6714215652953155,0.6840070868523489,0.8564646451493282,0.4523901700396457,0.664808124621418,0.48063378320976136,0.9247945874349327,0.4211497040970976,0.3142417329059917,0.2138978908431441,0.31599480301227484,0.593411424601731,0.775728293863233,0.6970939232399521,0.7682245956233598,0.7657886939805204,0.8871365723232507,0.7782291996636281,0.5513248359040739,0.8425464203574741,0.8660355624371302,0.3301639009000737,1.0,0.4994722328168058,0.5934141915725205,0.8393313309829835,0.8576186847550087,0.4738778038045216,0.5219127742672147,0.4329198755204968,0.4684831004046691,0.3671729306291315,0.753172843474192,0.9469765842598895,0.0,0.5700829021756985,0.38568080568088625,0.29601436747992893,0.4680992199304615,0.6952181168594315,0.706653991842842,0.49494088371002254,0.4577603830172252,0.6656248453536031,0.4501637055828851,0.8653776687233683,0.38195247449768543,0.43015988288721413,0.4314530080394203,0.8684309108634541,0.7050473982014575,0.6546776081077426,0.6001814328450458,0.5027904501265225,0.7372361610647896,0.8411633351904935,0.45168943192852135,0.8416066292131299,0.4446417994692406,0.38459396283140646,0.44894355981482476,0.35205564786051513,0.4726367285640008,0.5723713113688836,0.427882572645472,0.6755532475386146,0.616882191421583,0.3800746319279542,0.7763071835718572,0.7534111162689013,0.44987349981661606,0.32823121440005343,0.5576434040106878,0.5870355213459691,0.3377727216130376,0.5167552719458632,0.7644860062019955,0.7475143368346843,0.8209402258426769,0.8199604392343687,0.7137498190316682,0.8031531798580719,0.6548032312459338,0.648958135283719,0.5666394614979772,0.7069238601012461,0.14921800705579089,0.7005113890289979,0.14568626255186876,0.6456895341128719,0.43542329576345024,0.4512069352870976,0.478468408916376,0.2512846083750118,0.4034917793210219,0.36658546487484917,0.5894923178268541,0.6931329622801987,0.7285349467023321,0.8965301123702047,0.8154788746588901,0.4418189362814807,0.8451961268727182,0.8017547132757505,0.7276416039412633,0.6680740958181318,0.5539110234338127,0.19333749760187816,0.18747764743406597,0.6719631245362643,0.6618454686086005,0.6514092566474509,0.6517262031924999,0.8963217190261806,0.6425394139109664,0.6396096200618749,0.3646973741686156,0.7282325583938652,0.383296919708711,0.6316607634537154,0.8934660623590299,0.7381738208815646,0.12741051935080486,0.6428064510591099,0.6520464645567228,0.6078625143291793,0.5625177623636085,0.5769236346647283,0.6160294132301785,0.37894269096854066,0.2765830790931325,0.3801028016105832,0.5059645152803578,0.45433549001410667,0.5062069919408692,0.7764165261182135,0.7712157510706081,0.7419589220173317,0.7259891065726629,0.6505234101050087,0.48406526778262626,0.6940511819355113,0.7759893403274287,0.8473797624957671,0.7120701981779856,0.8068650343981035,0.7573976321474146,0.28247389723908284,0.2951342017728126,0.580404529326627,0.7035881768000919,0.7099303267466266,0.5694319959523375,0.12407010753078948,0.47676863604851166,0.6045788120515788,0.7041325606467507,0.3047111773532551,0.353696682397125,0.7555699091808462,0.29040595932773605,0.22019520036642626,0.6420375168307035,0.6302947271380666,0.24322568848164777,0.17937625964627904,0.42964284088712335,0.7705266855090344,0.9699465710072106,0.542122444325932,0.8426603251474039,0.4299206723605224,0.4929093267768173,0.3265382052077203,0.17585899680510744,0.16104751174619997,0.6191536820484922,0.5890494649314887,0.8015023329444085,0.7666571226081248,0.8404326485525238,0.6459257868382874,0.2930866161180452,0.17383193146075085,0.4237849997899469,0.7437626380406035,0.37478245568040625,0.811988854234202,0.6892532347063205,0.22405146975811954,0.6308055896576116,0.6502121280222289,0.47672175370120334,0.28598390048249944,0.5079993363896181,0.8563945946501139,0.38785035248644184,0.6279461913645145,0.5359934906739634,0.6950968046993893,0.7104350370965319,0.5405287494998786,0.5028659472093271,0.41539826893207615,0.47014777635282845,0.08855282267814228,0.5414661013528473,0.8662950594750557,0.5419941387267225,0.7385816444069132,0.7422026960305873,0.6850345014462377,0.6785918405745532,0.5156331114165625,0.48727168804693793,0.46703972924934145,0.4421112722521387,0.5717095831801908,0.4875699961953613,0.5588847027184898,0.6147240050888569,0.44727217751644105,0.5072535128470138,0.3005569351044658,0.8648785143933545,0.46397170281421257,0.8996540980773291,0.4537613338560536,0.3281280929943837,0.8600216842311588,0.6825401071473609,0.7393863260990449,0.46632717062174023,0.6185185134846135,0.46721330276217693,0.7108555816054476,0.49937862726203386,0.4616745762863851,0.42545401341634903,0.5158834202167147,0.4689811335096984,0.5592397511326486,0.49661132356045684,0.5656641658994762,0.5499218303590946,0.5506520711906062,0.5697189064745993,0.45507169721583773,0.35621506544117265,0.8446155169593116,0.7189682415169903,0.7279233802052437,0.7442588982779913,0.822957412553347,0.8254254380846994,0.09326552755422989,0.45127080632154537,0.8680609995918448,0.4089406414544122,0.2822585981300485,0.09747176047609664,0.3933788159172339,0.8568133714544212,0.5019970052906315,0.8564565038719834,0.4142508876640671,0.5311254952363543,0.2743583117232392,0.4387162090929784,0.6507969116398034,0.7576094187737553,0.5257323804625111,0.38072762777109687,0.6136462269849603,0.817414292629118,0.5160975347312149,0.4327795340807555,0.8526338777994863,0.4354318070690731,0.7978851417074353,0.8357573585694217
51,0.6287569344375947,0.32437280349376113,0.8950512099593463,0.8594207615901222,0.6077692338169636,0.7506172956590641,0.7993525591150114,0.40166470554279904,0.3302274887458094,0.4747547857409201,0.6588471232171692,0.48835758280563213,0.49350342032703165,0.7405811166391881,0.30312872814010067,0.932089607959945,0.3765868572483844,0.9307001921349425,0.4907390335161861,0.31273370852708277,0.7891389863007322,0.41840163989019824,0.058535785713378696,0.2927566166216847,0.0,0.4786211287152061,0.20951912381934382,0.7772193511435395,0.7617314514995006,0.752070235725303,0.5222913247501072,0.2337037416847795,0.7022565332100843,0.5125047207211505,0.4624113187344652,0.2833685210093372,0.4829428801500447,0.35823677903706985,0.40136913226096227,0.4743431799607648,0.24672842912743106,0.29622598669920164,0.4244382022865942,0.3583229664787477,0.9021679896485716,0.8429037275434721,0.7713548362282283,0.19894727934731035,0.8430014787901906,0.548873989042936,0.7582806969777472,0.6809324136093399,0.5877137655146145,0.20125568094350932,0.6852405376352353,0.2213652762482279,0.4731023263299058,0.32103137609873433,0.36248314224200573,0.4349147429429784,0.40630803717594566,0.2660182820135644,0.16696687279093356,0.39222075828996156,0.2887933253329268,0.3321753322718313,0.5310178362877687,0.8730736137615337,0.37229426679966887,0.5141164844104785,0.38165820592132654,0.2694943674887497,0.3913984866115983,0.15916385595423313,0.38652292670498434,0.45553543572011274,0.18486875412646625,0.3758362864040971,0.6157335976048501,0.35144540448964706,0.3687358077538726,0.559328725247939,0.652009672282605,0.22764787822975777,0.4102518934840678,0.286356558756613,0.0,0.46400038967922935,0.9325216187446013,0.7892250911992341,0.9192671383155214,0.09941110992263698,0.2781519525298278,0.49036798423626526,0.42917971034751623,0.8895622351128301,0.508002327622002,0.4178002984446445,0.29464227842361174,0.3099835418968037,0.38855957343871633,0.464415654919392,0.2087246877191398,0.678335122471511,0.5046568375869949,0.5034596391032772,0.6952923964365554,0.5714410690129873,0.46521003039794734,0.4563402499488052,0.14702866433757839,0.4686197542206248,0.4885430905019306,0.1591868671424924,0.41272280149914126,0.5395835556366966,0.41991385931903547,0.37549505308145326,0.7773521025563865,0.46936510046437174,0.5575954902584831,0.5146135432267724,0.8924250764567803,0.19809048870969576,0.7496944927922007,0.10851437475646011,0.8402306456298619,0.7636224405841023,0.8666442291875373,0.28431653532933227,0.48925091831339085,0.6795236574809993,0.670985506409553,0.32790577104078245,0.5926424598318079,0.7275219156292951,0.30619523308029845,0.5446514118783532,0.5383331545267983,0.5169148246167423,0.4082416649918967,0.9106841803289537,0.8246592989979897,0.46678990596440784,0.2794303601554246,0.7240716352809311,0.6187051776001344,0.7270031674401087,0.4476629393293799,0.4071264661636071,0.47650972614299775,0.7400136968772667,0.3840642789861544,0.3903962029009637,0.7885157451157017,0.37322028552657976,0.3111296573742562,0.40900832101163653,0.6574714009225434,0.7453383280683546,0.6953998508005445,0.3652552730083989,0.606188381988604,0.5478254377655163,0.6596442422235697,0.27414904565886417,0.926903872464527,0.9411446699171392,0.6075857395879914,0.5161954376894697,0.4965171101350046,0.3831070319217803,0.49566820616298224,0.6728782274132096,0.3251658097771342,0.3720665898697496,0.6679800078037181,0.45985697737969633,0.3711809374699665,0.8495706419219592,0.30418050890557957,0.9307757102237699,0.9155463978981221,0.9095508877865401,0.28835562701637835,0.40699007903535733,0.44117079749374105,0.7525653384703427,0.46191623058664766,0.3217196715872139,0.5810884874201288,0.16119299211440702,0.37007170706998554,0.15836396125740249,0.3647362553445426,0.6182265960147767,0.6791387966607894,0.4266453499446681,0.5556273645716637,0.7982423304999904,0.5105598141288291,0.8592281069307856,0.5166924125581688,0.7950178365796724,0.21336721307761777,0.5261085633621105,0.49366829812180896,0.484997378101997,0.8094420833254102,0.44167260379224776,0.8266993082372036,0.5116771567628494,0.37269077287622504,0.8258846515849471,0.5171482751456146,0.44563395474010586,0.26014468862706186,0.17190846384257047,0.43869503877254695,0.54575867733238,0.48778192757163463,0.4809399118838642,0.27230374648144273,0.7267123332953156,0.5418169858061371,0.22155539500955473,0.500520158102507,0.23139913256967531,0.8650908118612418,0.16610959344771145,0.7200161608629918,0.5451794332763241,0.4611078260748548,0.5343083964106953,0.48940059439614647,0.9196751465546443,0.5720314867938993,0.18612595565998194,0.7213013445117611,0.2616972768014701,0.9234679585902164,0.23042564457514586,0.8702177154237924,0.2157731306327229,0.2708665836145475,0.12562624135029463,0.2630795260402549,0.0,0.32076260489334096,0.8826843294348193,0.24844286682910185,0.19864820740018818,0.8262143340402585,0.5650879344481541,0.3997173792560025,0.26338453004686724,0.23053318365564907,0.7134576921014714,0.4717435756906113,0.6816003567053603,0.6055720039933743,0.5877975966768353,0.558458669128153,0.14128785108176645,0.5630351783569377,0.6800045550299555,0.08239249159981873,0.2940602145630875,0.5771216177434202,0.2752971909439067,0.7763762329100242,0.053467888045965486,0.5151984376577973,0.0,0.2544939809302803,0.6039474825496204,0.5813252789287597,0.9739367785688688,0.8225105816307439,0.3519082219797627,0.6743402417279555,0.7516985035657616,0.7800655490761446,0.6719646164444758,0.19398273846574599,0.6342619448824479,0.5469265753848139,0.3338933453107952,0.8438161834602054,0.3292609245040423,0.8732310417003,0.8235136798030281,0.9535507730456565,0.6647455773678081,0.5846023039801833,0.9231917688104486,0.9246245403725177,0.27793504093533394,0.6003853767166081,0.7279606483291815,0.5531868505085638,0.4968985834436562,0.7542557728458448,0.5649472644561616,0.5151750795999651,0.11875438235235722,0.3778403551656184,0.16794315931411297,0.7505103056149178,0.38102558809700793,0.3072537597502295,0.5341388383834071,0.23906713601071103,0.13409264797428536,0.23479942271616766,0.38040992103071175,0.36386824512461596,0.40378418716014014,0.252990556845322,0.4592005447589545,0.24713319264759143,0.632828541383503,0.18233687874789709,0.23635126437058768,0.03651683492288485,0.9164062696443552,0.6069237481929726,0.5613703293430685,0.6097750900290917,0.48215479470486816,0.7821632829410161,0.9265940162872316,0.5514245111674092,0.9162355675838342,0.2553321816923252,0.19070792460735372,0.26422725120779217,0.17468249442710695,0.2725785979929013,0.5413088787509419,0.4069282878979839,0.12267521820367643,0.5139648575099542,0.2880452449130588,0.7920884349912094,0.39181580246517494,0.3044889106179319,0.4015195725396272,0.5900165403942919,0.5898008931888937,0.3448002131323683,0.5456463202030378,0.8801714663689563,0.527907073655935,0.6213134715474841,0.6568080371669551,0.6144797604038391,0.6274031834542015,0.6427333534047863,0.5705931712709378,0.14104585868138808,0.3159743544726576,0.19341163773838907,0.31671858372524275,0.26020697103771817,0.24522352371259945,0.3962231727859104,0.3401503582293409,0.8150473177660535,0.39361702103826346,0.22720496350507777,0.17436464202478624,0.671628669580041,0.6069794276405323,0.34698168283156644,0.8985458947405185,0.7106970669164416,0.3497639720735717,0.9244140405921853,0.8769267621187775,0.7085809388229739,0.6059372882251872,0.47561893684381157,0.2935459544403485,0.2701232772572005,0.5911046877658072,0.5838035285207721,0.7504558239981965,0.7518763423870314,0.5891599303145051,0.7441621572554188,0.7515063806154034,0.3946753909698611,0.5931829254410206,0.07645510719004059,0.34965864101011435,0.8632585739865009,0.686904874373432,0.1636768586025861,0.6982170419704621,0.7179719273304954,0.6693591738128851,0.6231828716729723,0.4612512803572606,0.49320205001496076,0.41355524732405313,0.3798929377961523,0.4874337612423932,0.49282640619501755,0.3975470519762037,0.4181055408946201,0.7132369128736116,0.7467844607518358,0.8445456858564854,0.8346694533607424,0.8068066442899497,0.6565844470462638,0.7722890038959775,0.6952457132519094,0.9320724202608806,0.79289390822457,0.7372159863972056,0.8339933786352304,0.40907900990816715,0.369588505599505,0.09087602318607312,0.7948518738746203,0.7910443906253349,0.7725908303913719,0.16032564474015149,0.5136812210649863,0.8981176822801089,0.7638692693313988,0.5161018394651795,0.25665791887357237,0.6972700731535829,0.46409338920562004,0.40465191874942213,0.3847561507288223,0.7197250091142069,0.34132578845950673,0.15700266233124252,0.4768285116763426,0.8556504639275794,0.43779013194400923,0.7499411115116821,0.9196841069392578,0.6662251176467019,0.542108015737373,0.43948233583072505,0.21522233277328198,0.05415262722712897,0.66218786538691,0.5952366325449009,0.6933151377253217,0.7771959582664383,0.9178943689462316,0.18264119682955463,0.36171375563784824,0.08693036126377118,0.8153130613509438,0.7193857148051126,0.4086781554063677,0.9306820662873873,0.6342450283079026,0.3751412480027701,0.4142814354214428,0.3601647538886209,0.5243464736351152,0.23994201293809692,0.594863616601801,0.928651579252435,0.4061449351814764,0.47647487306602976,0.3413494666236763,0.2811075393775665,0.2699686381838564,0.6331406578984928,0.6258484999421987,0.6197557346949293,0.6839504023549823,0.12909018771235262,0.5100126039543628,0.9303555767485635,0.4835553999363041,0.7933148048947836,0.8061800771001335,0.6229991734407052,0.5797214316807705,0.730434721173753,0.7375891843011152,0.6966386260411948,0.6132855908888678,0.613256865270311,0.6471068850564651,0.657325999651126,0.26564052173790315,0.7904686649241954,0.7355564745899559,0.7326615027323509,0.7485866562367158,0.7366369760349544,0.6201601414518176,0.664432365353759,0.6647062785226081,0.9369760555583755,0.763171641001535,0.8105960772283817,0.2600290926718154,0.5502581425245362,0.2657196709152542,0.5710133861704713,0.2947025097303037,0.25772439922132895,0.24725475778838987,0.2646810442660761,0.18628735015846043,0.29594922326848294,0.3034953907914378,0.324670886535337,0.31882295479095646,0.3284021728477944,0.30467135314025234,0.3144647606195945,0.4246377405594845,0.9011940468642582,0.497324065218837,0.47618285371912794,0.4064922269071249,0.9080410439114467,0.8887495094346664,0.2997159966891014,0.4441112863765322,0.9355186496017391,0.5751449540800472,0.496918320198852,0.3697599853625825,0.31979128057583456,0.9209034121623185,0.6823072887828713,0.9216940697896283,0.5671071108423094,0.44107189320017953,0.6197314608836796,0.36170076708621735,0.6572230686816718,0.8266875250263455,0.574784956525428,0.568320564757345,0.6821356129697201,0.9329727172316641,0.5342283187444907,0.12425987864226357,0.9276766682339108,0.434935175139826,0.9063794686272417,0.9199954441616198
52,0.48757699831962986,0.39927236219697454,0.6086103738213661,0.6309058980074497,0.15421531852423367,0.7154680547929851,0.7723986261846747,0.9325562650923848,0.291248906997845,0.31308491529076693,0.5969677194066213,0.38955287321514676,0.5109146834616699,0.5758160570589982,0.28181015580152013,0.7119960594229248,0.27623455287006776,0.6292084448535913,0.25541376713326436,0.5302865947833914,0.5571311567138771,0.4760440931526283,0.5285585403477964,0.21032838774819954,0.3320418981194814,0.5585565944945307,0.3572337579551297,0.7354085687351247,0.7132696580887196,0.8676200542585922,0.31461897349414175,0.321589985595553,0.7486461460120221,0.33826453312515237,0.585961895361791,0.2694863499297484,0.8211626266993741,0.37359544211086243,0.43048983757923864,0.2540678376979985,0.21528864000828374,0.2574502702057789,0.38316151348769956,0.551415325607998,0.6627478449628753,0.6281393256663547,0.7078900246726683,0.23857249880354897,0.6168812127109418,0.48199020850635005,0.6861089516490851,0.6442069817481995,0.2984626478882962,0.31188683445038484,0.6337843396271351,0.242552949083939,0.5524920790655411,0.4705674486051078,0.24162444505889216,0.5084985760523378,0.24997456304994997,0.13236372613828856,0.481859024237047,0.46877949095377863,0.17679029332014262,0.17618036952060256,0.4990258689449156,0.7412952864226667,0.29609187593833336,0.21402562033732533,0.5794615623222047,0.17759161703154855,0.6280326047699999,0.24638986730847798,0.1812217552778924,0.5936955378401508,0.16177524105967547,0.06442712522660356,0.3758220766927016,0.3428366404476006,0.4672388610349677,0.3619048297628942,0.5931721850624162,0.4725576257643589,0.9893631189798546,0.30487197840178915,0.18073037205002754,0.5611321820783594,0.7077801567421519,0.6433551268989061,0.7254946589104402,0.264568191919972,0.26879345161144125,0.7040511779064695,0.33651424015297127,0.7896272583490285,0.5019665573231873,0.46599423593805384,0.29968734726187357,0.34319198540283347,0.5398862083337248,0.4685222991399541,0.36966205866181107,0.166434809076393,0.589427859328074,0.5984933611756345,0.6326047363456503,0.43327686234430934,0.5919463792063906,0.7112538608764639,0.5362858233652937,0.44656686501247556,0.4564091769217195,0.29425870234219587,0.3214083394384428,0.4992671856130898,0.3217675385994454,0.15423537192282394,0.6469270858853153,0.2750927980817718,0.9439624765950991,0.35850633413927796,0.8042941458186552,0.31102917410851655,0.5818267689947595,0.22621119000938436,0.7545307390976375,0.7343087858757199,0.651744489809231,0.1771121117735889,0.4376231545341243,0.4779174084266561,0.5700502090952339,0.3670400830355325,0.5362175663840337,0.639409546360671,0.28965420835290107,0.11076101400813593,0.5136372994301817,0.5396157231932956,0.3556573080901883,0.9115230775243467,0.8050308142464743,0.3810290289658673,0.1794870836574299,0.591474225706062,0.4358802736000364,0.5778095573445182,0.4601252462928508,0.2918795814423379,0.49934614729927096,0.6100058137547144,0.34822264039496237,0.35473938394388244,0.6774417679833454,0.34865602108016014,0.3355925432120899,0.1595835948077293,0.5843156847690734,0.472197324928891,0.5126056129053469,0.2973624544603092,0.48330019715670075,0.5737426311617486,0.3254965587943657,0.4544158046003532,0.8078000454646587,0.3143346757064404,0.6712754568930217,0.7645986820618271,0.16561092623251675,0.31794344371112904,0.7435651624832187,0.5744552198320657,0.7227522838721626,0.4846508505708319,0.814161219387233,0.44555481995460744,0.37618163089498863,0.48571058029362096,0.18651290651576113,0.6973061161916039,0.6855300599928619,0.6236380895017468,0.60035136431644,0.33937703013573584,0.3516068566861085,0.4395199596549937,0.3666530188197296,0.28656221281550226,0.5673852930476834,0.26679993009274927,0.2202447439238201,0.3060337860221504,0.4465668796772838,0.3684218744806724,0.9273507017255579,0.5317900642999434,0.7351361499457224,0.5876685373269611,0.59827159603537,0.8456214000796939,0.6153900205810414,0.7758022621825087,0.3188605216634611,0.5907440021689438,0.4816707891972431,0.5489390618546908,0.8373400647453744,0.3556549834116368,0.6404240520421558,0.40507899921771384,0.45071976061615737,0.7483041785805996,0.30392273995880703,0.19464903036531409,0.7078704380048477,0.39908004200821395,0.5289129590321687,0.5679120997661882,0.48886540679610413,0.18118771125433517,0.4601426107596181,0.7933404614540117,0.5866450582919565,0.2997541150912825,0.4518154078558784,0.29762634769100965,0.6568655666347979,0.23373911884853985,0.6908290567482296,0.07189893141065842,0.2562992890713749,0.49933843014162854,0.3756302668076421,0.7573754325047553,0.38074236740230827,0.22772348208869203,0.7267335391108799,0.4505579299470394,0.6693963423976652,0.3371765680275169,0.6701291580852436,0.26679025285133784,0.3704751318874138,0.4257839374509234,0.42767801531449023,0.39201134618809264,0.12501752048955148,0.7670730984552834,0.41439228235183184,1.0,0.6605454860317074,0.7400627832911438,0.4653955824020108,0.36963929823429725,0.3931132758984269,0.6217550286656391,0.43110459480054786,0.5861950251612683,0.426836875049823,0.32611344556448885,0.3421580426448705,0.10113923378762998,0.2866601659249402,0.7420021451478062,0.35424250264111634,0.46907931450824897,0.5992040709608609,0.5035161921292621,0.9291314084016673,0.2667151453265342,0.006329350810822206,0.3226145083974274,0.9706252325405975,0.5651026020354833,0.6254134689820191,0.5483236331771626,0.8910399639938373,0.42900740563506745,0.5754697808162573,0.8150733135783528,0.44282420868235856,0.9805679083979202,0.3404133809327433,0.7638541500591375,0.685806254572755,0.774944606932519,0.6043638566364813,0.4743008043433428,0.9042796481818012,0.6195301687708561,0.9478527965782354,0.698050215154746,0.5367691362846732,0.6730686762110663,0.7402420885858125,0.36674882272960213,0.6424242853430537,0.7222392346731478,0.47045998336738754,0.6461266023265678,0.7696418662335106,0.6012714417429791,0.4910480894466978,0.18892951122906795,0.032409867958345905,0.43493488704240996,0.747958474345934,0.5369147543814698,0.3037793336368959,0.5569930300539634,0.4122751766661997,0.313467506337942,0.2179743998527772,0.33472330370580333,0.34018951467870445,0.3550563332947978,0.3487415183687478,0.3720279269032433,0.3455053659544138,0.5504009163739235,0.27449655934331035,0.2868222186732438,0.2285688975971981,0.7066483098352834,0.310020328409202,0.29503667140943735,0.4161021674186253,0.2309159036922262,0.5849944379988556,0.6726527748230168,0.43552413114290217,0.6406604517176814,0.3531501626279807,0.5300449611489748,0.369424344568703,0.5132406420418417,0.3967266872166166,0.2411458649510525,0.4100962830251273,0.579660826306615,0.6053685090573182,0.28565260734144043,0.7359758422668128,0.4541134273220879,0.3237574520545906,0.1578773177032313,0.5617356814986355,0.5495594897144291,0.37007543156715894,0.585997312620039,0.30172161789994284,0.8431105834694842,0.7258473696888736,0.746516636666007,0.4141396083609263,0.7303391088660046,0.37804998687071156,0.42108499290366325,0.1743329247616162,0.33628330975747617,0.25121212063521686,0.3416941929492203,0.2959580634463699,0.2801130762175523,0.4212473958701342,0.4090094573664752,0.5335637418488622,0.4415634738238886,0.6116923332891983,0.418010937933676,0.3371306168865583,0.6672442850981541,0.2731856880415217,0.9528501733038174,0.8501998318169041,0.367771551640738,0.6896895565523681,0.6261043280505236,0.7393817511069242,0.658293802074184,0.32709865504456176,0.33725266981091767,0.3217258405004,0.1464627654592952,0.16948904739562284,0.5852010820917568,0.5983848762656675,0.0,0.5776001229189855,0.5919766964426539,0.4999736366917108,0.4144247826789144,0.16899394669304013,0.6604333177105814,0.8312038645925619,0.6949275210230336,0.21083034406299564,0.31259328094482275,0.30276824541787156,0.44650568689317316,0.41367430341859224,0.2556883691587119,0.5592459190522323,0.5945314099094364,0.4037160954744689,0.5240055410540948,0.5300378399461815,0.30627494587209775,0.44340536112805373,0.28206030615438255,0.3290645333477833,0.6999802329291736,0.6974972107914894,0.6318263636003308,0.4308622673650827,0.44076831553187784,0.24406275103598896,0.688352206910677,0.4313124154865282,0.33327028192713265,0.6501267027491632,0.3880346517675814,0.38655526612274893,0.4296473784395537,0.4584277640558382,0.46522973649905985,0.5274481991967441,0.22574541228451384,0.2049679873183683,0.8996404124453171,0.37889876864550437,0.24672589668792796,0.28110225074951023,0.24036934053623538,0.48082013194278855,0.40180483892429536,0.6515728517821401,0.5993723069101313,0.3262201442158136,0.4165576842340463,0.3965620269812683,0.7379387398607526,0.22801031348350909,0.5818838662962474,0.6887967379102184,0.5051045754993163,0.52993646603611,0.42500930815407445,0.2420860674034563,0.11394387703924856,0.7825345683089547,0.5838972448046853,0.8637660172902913,0.7930174609331909,0.7119793020652818,0.27428066443339383,0.0,0.039361777411750565,0.2938457851798747,0.7113763495647061,0.4737963273816833,0.6815854306013617,0.6673383303784228,0.4024062998017389,0.34383756028132234,0.3528334145421095,0.4848478818622013,0.34133727671800357,0.42179964246662194,0.7015836951506946,0.26617073109018086,0.5472548733180403,0.43414876714371814,0.5308691020977261,0.5135791208989208,0.13544648092377112,0.18135967160936514,0.13128398970831726,0.221269183811367,0.06892994679671006,0.5953171745564452,0.6703245136343597,0.5841076756558552,0.6437719813482338,0.6620061322123553,0.35761777978877674,0.29404907375760797,0.2422309381541278,0.22408220711870086,0.30470472591300035,0.3303806218779915,0.46624437148595727,0.489275777434026,0.6866334078163967,0.6224422838518643,0.398095934998651,0.6313203105695916,0.6259620799668824,0.6910605750329322,0.838883946673656,0.4053230075806244,0.4736807107738706,0.5940025249936787,0.7160982349163184,0.8795163121810927,0.9385815234600772,0.3716829764029289,0.5207370257493087,0.35704992256163903,0.5097505780930028,0.3984972485962698,0.3708435738002895,0.3734603763357441,0.39675377714149873,0.37223005225807704,0.4982310008592833,0.3250616597964019,0.46342310750082233,0.45012393578844756,0.469737090610742,0.49503567492837586,0.46389518163161053,0.46454355732685043,0.6507632185192548,0.5919746567911048,0.6303766523787941,0.6335280803688449,0.6300931390821091,0.6403192389609949,0.4566116666387159,0.46757924003931134,0.7196811405465037,0.5421636527916011,0.6675453654765684,0.16565645446530136,0.44806098951870543,0.7000511606975107,0.7775737367411492,0.718270809719073,0.564454909086745,0.3339211786861207,0.5666606046445302,0.784333456942922,0.27323394054392114,0.6878376124604968,0.7952111618983687,0.6197514486828642,0.31438583091110583,0.6787991362933088,0.4474361764704582,0.1580163117769719,0.7225019178418962,0.5835648484265002,0.646205794677142,0.6285539635708564
53,0.5743325770219625,0.6408042509256616,0.8077989153822994,0.7940480148863172,0.3287999526932503,0.6796329104157538,0.7814154396032876,0.3113992025601693,0.31486236871805,0.23246704381113267,0.615593279100612,0.5265879591561335,0.25034351005992933,0.7421308215476649,0.209860388888171,0.8674379537113057,0.2376834343643268,0.8252534117386288,0.5283221147645762,0.20377772919151654,0.7126796574844825,0.2754065668005239,0.25536163459045763,0.45678944817475314,0.34833343866702393,0.13762019822753557,0.42597359794364204,0.7116280235749496,0.6931702742901354,0.7076083496412813,0.29044585867022593,0.28982457736476946,0.6391257375640312,0.27572755855001035,0.4695244966868534,0.24654576703153402,0.4413407876899722,0.38756274461919976,0.738934323575966,0.24842824518117587,0.30934008769398263,0.2660293923308228,0.3884135502523642,0.27682393657851034,0.8437937352018298,0.6862523742811508,0.7433197786667021,0.29218500445805934,0.6839496003925807,0.46315450948109166,0.7376077021893669,0.6189409526268702,0.6074687709204301,0.2776282392906776,0.5945165304633943,0.18129438701009074,0.5289460857576972,0.38358374225575154,0.36100501431584847,0.5031029663938404,0.37674469685696554,0.256023589626478,0.14289600547694373,0.2911077887002158,0.2597886903762635,0.27172311869659405,0.5307146759211105,0.5403572158919776,0.28501587401009537,0.17017974595463659,0.5442726087639089,0.1650959083899018,0.33466786062758364,0.13957546043280633,0.14149263963087838,0.8010352117209698,0.18653384793390465,0.4951631293506041,0.7254822734973919,0.17404418721136503,0.4507869917758232,0.25930918959922883,0.630450756299807,0.128652435873614,0.3051908474528316,0.3364883237219119,0.2836210195308553,0.548250702300935,0.8629354807923749,0.7410724494646518,0.8754346344553182,0.16590285659364779,0.22931903563398823,0.6863564662646395,0.3548257606123355,0.6774235198111386,0.6144216361102777,0.3458940281517064,0.21796348317650652,0.23080733771019363,0.3898010790658908,0.4664301402577184,0.3159543090971471,0.3578561362933054,0.5532464114313179,0.5524437747795403,0.6330732211412566,0.7034334636998731,0.5418366919208667,0.6916170313357061,0.5602864189633767,0.3970759857205884,0.31829412822988873,0.36569035840640524,0.3071238538885483,0.5164128293651374,0.3184789169461957,0.12023981116681168,0.6778470026990079,0.33563749935211884,0.26106151272992967,0.4089812962231267,0.7996715093150856,0.1758762449867889,0.5530953726375623,0.0,0.8092945540085335,0.41484011245625846,0.7290317694092004,0.1714050945470467,0.29947757744242687,0.45580524275071205,0.5680343728198385,0.29237443259713725,0.6554075701692496,0.7568396299737794,0.1665016710125088,0.5014504413195339,0.6237979631660898,0.5420178667400715,0.4151037851220059,0.9028650096611414,0.7909897056480709,0.4022791182184537,0.1445327488514529,0.6681164912834987,0.3966377169806107,0.6108693460956481,0.4368181269906029,0.22297717452119653,0.4353372484969897,0.7339462369312225,0.35833361235066413,0.3662700921133115,0.7482101843712171,0.3461762240028401,0.34389063267416503,0.22183633667142766,0.5163801637811662,0.6441445625966341,0.5741007962272608,0.3501883175802116,0.5572617449756047,0.5294834536408447,0.45524791357292144,0.4890254567022008,0.9132545091272445,0.4189429829314355,0.6580995681699049,0.734647417666166,0.48555088049091155,0.2915650382370447,0.7226897220710738,0.6074970062492578,0.6838887254429635,0.42091197438550526,0.3859576021739762,0.416403040900691,0.3770638295783705,0.6228556382502055,0.293207095456,0.8647859344854034,0.8374074542422719,0.8477426077941271,0.424521015413431,0.37394096778654395,0.36259415830614483,0.46379895309191366,0.35741263697473213,0.45860828484808475,0.4993821577684953,0.3664859561530305,0.27737282498603577,0.23024757251715353,0.35381470430764694,0.35031353064069115,0.7087962279529264,0.06561327740590414,0.6091982936484213,0.42390329547151206,0.5768215741687244,0.6351998011271205,0.5686082958408243,0.46446598273788736,0.16241566113319839,0.5781182131028083,0.4646144881570837,0.5236738282334854,0.8556042554874135,0.3519831784416554,0.7078664158698659,0.43415385510000415,0.45277500206401244,0.783257107282149,0.43457676622829566,0.2741581523031709,0.3155997672664276,0.303885051015335,0.6769102006523624,0.5143560945639823,0.4999844932507351,0.13527655059191937,0.5355479753715846,0.738898204889235,0.4222503599103526,0.26107628532934013,0.4426794776140074,0.19517309525115137,0.7980624610681718,0.41897280965197836,0.33205235690562485,0.2643669411071409,0.35999561284113074,0.24421889174561212,0.23490764455095547,0.8530029426216383,0.24576254145132007,0.2175185075745843,0.7377885588507921,0.3486422730104742,0.8380442818739919,0.2948536810259943,0.8143270902264317,0.2861972166805661,0.33696761028614486,0.3307009720237996,0.33776219814965636,0.26280166951830114,0.3995877617482193,0.768261506068962,0.32378778309451073,0.28929807760045534,0.37208955852687087,0.5559337481300644,0.4707442672387911,0.4548733676844194,0.29506871768365,0.661656866608412,0.3485573564792996,0.6265028024932001,0.5023225668404975,0.6102422979849512,0.5943506492885957,0.14658229663243158,0.5711953640783859,0.7149875418532712,0.3280510262493141,0.38920782399343995,0.5808487584064885,0.5292285344277402,0.7366141101086049,0.41335186091133347,0.3791062611534753,0.49209602858899504,0.5734915362660378,0.6839583664517112,0.6490747637879043,0.7675294888785527,0.8977286195011582,0.39301275135664276,0.685744694680942,0.677573204798256,0.3765102046671806,0.5030550423865939,0.42049300360941083,0.6900816878920717,0.6039912787564315,0.4540954837017653,0.7660732442142126,0.42663785187867703,0.7362483205408793,0.7861550387556511,0.8786180310112094,0.6749911098925255,0.530622553495127,0.8388109182694822,0.8338117327932882,0.42629848378380775,0.5860687683065392,0.3837525362680817,0.5213235901911052,0.6332407425038263,0.7310160100348554,0.4692741171067934,0.5030402851401993,0.2882059195681633,0.34928856118270396,0.3201528488661551,0.749936731448117,0.39754860140553494,0.294000558438579,0.6462763377827715,0.35238126538587117,0.17599928738857576,0.38763810512940144,0.5510393747440143,0.5720245680019139,0.2588407193297435,0.3205492601296102,0.46379653220901007,0.3132981739848382,0.6051864037095449,0.2462117013265993,0.27407224605887565,0.31318911235658325,0.8307748820702378,0.686850219687911,0.6395739030807168,0.718680529116171,0.6726757410925226,0.7475785140201056,0.8320411834557037,0.4523972918935988,0.8131644274646015,0.3086371381206801,0.431424967168593,0.32200155054900054,0.3893210225433564,0.3262134099028384,0.19059888932154068,0.3536422791118262,0.5552102223988262,0.5289531963892742,0.3514381745074508,0.7354621635576601,0.5436280967198569,0.5589557608877698,0.4589448518239008,0.5844547043047463,0.5732619445184314,0.42113924982916284,0.48234452404462236,0.23280115567626788,0.8338415056989886,0.7472047690157038,0.7640205982592739,0.38045445341813766,0.7128608356428212,0.3848070437234722,0.37937916368748686,0.0584288305669755,0.6907321047245251,0.221893390370381,0.634957032505111,0.22747727971269524,0.6155884711683578,0.4192888437791419,0.4209805932766468,0.5330514673713999,0.17036443816648955,0.5213796841162607,0.4718810791690901,0.3330980258619147,0.855802084884954,0.6117525803004672,0.92973924174503,0.7283472757360003,0.346585427290601,0.8368539844094655,0.7022896857945041,0.6847596639133817,0.5017725473399962,0.4392331451591837,0.2756545539029326,0.3064752494144038,0.7590339509276166,0.7458057897785705,0.7927623049728464,0.7867115140526555,0.4879093531492571,0.7735380155521844,0.7833456480971864,0.4397201133211565,0.608071355680965,0.4056332130218986,0.502921704017642,0.898311087818925,0.6261901840733368,0.15020801158656166,0.9357333161309095,0.9415568180229434,0.8973542859027579,0.8919046602633725,0.7374854204550839,0.7153802102952755,0.4727603065389129,0.23919999385470916,0.37243174121295075,0.5225593486772692,0.38511082628030885,0.41822629602047107,0.8454110798108601,0.838730871475351,0.851814132209687,0.799487466241822,0.787917478091369,0.6470373059463878,0.9688971375191111,0.8407687325088153,0.8328846267649807,0.975302836626279,0.8621553390129731,0.8671814333750837,0.30646273449444345,0.27945583049779965,0.24251096245986287,0.9807410622320676,0.9935387597140045,0.966465424492208,0.11107336332027111,0.8739276328804487,0.7607193890553388,0.9922678447486011,0.9515280556199506,0.419633253066956,0.8074464767125077,0.3590555645135089,0.2659456949661697,0.4195690064509007,0.7002769778736464,0.2229921205114123,0.2116902471089145,0.5168865307493604,0.7861797048194274,0.5350069829645637,0.5517480369961928,0.8465264662884489,0.7492294323763022,0.7090744848693432,0.36596638497423256,0.14268399246856725,0.2673681530562587,0.8317947027302625,0.601838555400493,0.8261966500938452,0.7686130556397032,0.8497451504456898,0.3891924815765063,0.0010041036805788887,0.08715012792018575,0.7084338631062268,0.7463553869438175,0.3487739165378408,0.8176682147424658,0.6778791590597908,0.36653148351859577,0.2499010111042186,0.24198695696153705,0.3306187041638259,0.20857773795565004,0.4820986237557809,0.859954847238839,0.24362483683458527,0.42792003459512507,0.2598770165313714,0.23968992661691071,0.2187315722051677,0.5936290366691589,0.599605713935182,0.5438912853708526,0.6012113372883512,0.1902770321086711,0.3851441464350119,0.8467137638422396,0.35885964133560083,0.4996377692354911,0.5568660972849805,0.5196274980230806,0.5003753402540196,0.5815717976599514,0.5798461921124123,0.6527269729826779,0.6346782547703883,0.6080335643841028,0.4304029214147003,0.6022527172932612,0.17078039946215867,0.4703579530925983,0.8970578477013756,0.8600875790554062,0.8394756253200923,0.8705289367432372,0.7936247277311204,0.774328692846432,0.8232406978088621,0.8530945552483042,0.5050183905153565,0.5200539281233623,0.3175862912969223,0.5488264701135717,0.32101811657039636,0.6774161258394779,0.33861419568889356,0.32166274808869044,0.31332432623104933,0.34571362599456085,0.36707673019503045,0.30989748159429514,0.46870623710417586,0.42485244318803217,0.41849021285558025,0.4351415831491428,0.4367769971606269,0.49647858976483084,0.44379505903362343,0.8304041122897289,0.5754570207166821,0.5728039003441198,0.476518020463751,0.7960634519498462,0.8125989882397194,0.21977829867861035,0.4670507961570927,0.8566465096522934,0.48062147897433105,0.38364846120519996,0.47089788964352164,0.34856146264938614,0.8613626773396799,0.08422083867301151,0.8703020102858209,0.711593846011663,0.6374772630904679,0.5752664091207867,0.5060862757041232,0.7642699115895584,0.866782002675942,0.44189313385399176,0.627321649009472,0.839742492917303,0.8375408981847654,0.5287856143702078,0.48277073979500423,0.8664037445071309,0.475093205394771,0.816262913367258,0.8359136841673043
54,0.37353826987025085,0.7805749250110449,0.8048062790948161,0.7826227167773097,0.504304186385836,0.7629388841063918,0.6140178303542695,0.20244642387153364,0.30156557792429217,0.14796244182322713,0.43512522821221833,0.5427125469344822,0.5643464945318302,0.5863974881296381,0.24396207949415744,0.8700234914760917,0.21421534996747085,0.838254040065193,0.14597056179877063,0.26285391155690646,0.7403184253196802,0.3863951009782274,0.4185322090123667,0.7122474960388004,0.1784179495950775,0.35906993042012914,0.13719657146301353,0.7835428817212596,0.7699156636832782,0.5623069933026289,0.3787696826468956,0.4470093660925672,0.5059936317173596,0.3993827978403878,0.4157939681019418,0.4608705726716096,0.5936928443156441,0.2756508350598961,0.191119063349987,0.4960023568777761,0.36310551882439135,0.11340985936485422,0.2762146575637681,0.26052979159229167,0.8287050083240556,0.6646545759876709,0.6021785603854566,0.38942244898042266,0.6761855974464765,0.5253781305321013,0.5676351329332567,0.6214109564692609,0.4177266625263819,0.3904687254871201,0.6037901473487611,0.4850088289081247,0.6260837969163342,0.5505346213176028,0.2913738751915645,0.5988224497743354,0.6917579703469459,0.16934078456866328,0.6768067000026444,0.31019135188187835,0.26573598497314443,0.1382111220410763,0.5548531319803552,0.11968985791934587,0.5405711743259172,0.6241342781824243,0.4208341841993463,0.4426270732011568,0.376601754672724,0.15922067726445074,0.3684735957276194,0.5381581763978648,0.1468656842086823,0.13314848766407328,0.3416931067557026,0.24677126756216333,0.43234518599282484,0.174126240253945,0.6483802836081216,0.1463573170924942,0.149969965945593,0.28531809230259414,0.15142538801411584,0.6034807800618691,0.8694935015597433,0.7787467246862632,0.8816236013168344,0.43275124558445005,0.470405025168361,0.45689257822828344,0.3309960213636935,0.391464003026901,0.6003480756709432,0.5459179226041297,0.24031078127488767,0.48978240343654905,0.3328883934857472,0.4450113430942592,0.2485272151138368,0.3002567775081472,0.6673471178617467,0.684966581066631,0.4406391128540196,0.3458255524516951,0.6506716615228785,0.41725327041092947,0.8113199259159013,0.5619697729713589,0.397659586227498,0.22916798578258774,0.2752587039582492,0.3634105073531006,0.31210461884389334,0.33373496605153613,0.8700115562049948,0.11310753294811521,0.0906187987386737,0.6547383619566612,0.5733431368501174,0.5078839265822541,0.1265677273534773,0.45844941747896084,0.847359248219949,0.1287491085085982,0.3834865207415083,0.4637923528665521,0.4071834647989491,0.557665608423426,0.6794775003505092,0.26839594401164346,0.45674072326799264,0.5095880087016635,0.23173539074616842,0.34566207391730114,0.23130192348556902,0.5964764795551698,0.17397259485415326,0.9239335573722264,0.8460501805607694,0.33792497707628744,0.08918013013743348,0.5004694258160721,0.521412827259999,0.4429346606215804,0.4495411382163023,0.22675987777278817,0.5770704151416224,0.5059402817352128,0.30595106067276207,0.30834180291309954,0.8059786675141611,0.3119403416487578,0.27800044624324227,0.33987909916914405,0.7238973993527015,0.6195053210252647,0.32781634667751874,0.39470562586821595,0.3242201380237058,0.6364258537023245,0.3198738137502308,0.2480846257469055,0.861521031845924,0.4335668641771811,0.7016762352472471,0.6958897530187445,0.3237547307806495,0.2234835014697868,0.6822097709153285,0.6584422297919298,0.5646141372778681,0.3539400261924166,0.4436767964177314,0.3074154322481461,0.2531892817643776,0.5768197039899547,0.2713762606054187,0.8641838781547199,0.8502455964805501,0.8432757915895668,0.18518351425698157,0.27906838978963927,0.30191396483928373,0.4685794374693471,0.31819859550572577,0.41697580031365244,0.6298908612764952,0.1830109240069004,0.5887052702204131,0.13493954404531594,0.4161099439724867,0.5152455216448069,0.68033362576765,0.4132346758532283,0.6633604558183052,0.329860259088265,0.4604595623598635,0.4621840404058779,0.4376098332259865,0.22651463359165316,0.22470875792733613,0.6604530170169618,0.5620800561964058,0.626596141792063,0.8264017256240641,0.24857623076809096,0.7527080045545059,0.310087138964573,0.5104519221529737,0.7992700382346783,0.4019445093224587,0.2989808867241266,0.708896548820787,0.4722089072836723,0.4946057803794467,0.5252103362705326,0.0,0.29898489393341426,0.5274318062144403,0.6655782131030404,0.5990947482679585,0.42552645765769237,0.37395250897227567,0.42140455299601187,0.8073450697883483,0.09700652280383516,0.281056854039758,0.30493198380878195,0.2590594703518558,0.23383515780529934,0.7111055147256562,0.8449981931575715,0.7399406671794746,0.14402314073354205,0.7356521570575937,0.5205886244215859,0.8447939835761479,0.4611610332312479,0.7775859889584701,0.47274533990706386,0.2492636245658924,0.29310991080383997,0.47102880261656865,0.2694480623970001,0.3664775517645635,0.8005490903069018,0.4849083875429372,0.2063364375622661,0.40890549592958,0.6781475135853546,0.5750256223552246,0.2866539506925193,0.4596610394269016,0.24311360457399922,0.34157030815682066,0.2035632270021915,0.2320130630573673,0.21311158671270747,0.21814017758749749,0.10959360092991936,0.22419737162067646,0.6631859543382026,0.21912743128586262,0.5012209347637638,0.4878812922756102,0.40274612937420756,0.6244842780077502,0.49727406776708416,0.43566044817759303,0.250829428145334,0.16091535062944126,0.5966045033476707,0.6588736998495782,0.8665215607256814,0.7202191918480133,0.39203933807977076,0.6149178924605061,0.47879678569586404,0.43574845532717826,0.5804495098401254,0.3114410625751212,0.8649623561674503,0.7936749290613869,0.3886070341821538,0.752632423173045,0.30890502100301964,0.683139089246622,0.8228975328280717,0.86564555655715,0.6478556483320634,0.5252543464829428,0.8451553236672492,0.8400701896892145,0.29204271470521453,0.7726071573426997,0.43468648823945927,0.7416246005630202,0.791862360402125,0.7744837278908849,0.20315077960749403,0.5727813166040294,0.27219783799022745,0.3434694922227155,0.17638006690741329,0.7381650917997388,0.6804827686920908,0.3002484743169044,0.32181335610516276,0.5278594186444246,0.28823183652293227,0.4866232276031876,0.32385643443649553,0.38591220201925774,0.13244806912334614,0.45572527384084355,0.33936067813016374,0.44310345643045634,0.6611521523314224,0.4035151585355777,0.45099496935660927,0.14791335515143317,0.8074778430807182,0.44287588443213505,0.4113793154731372,0.7725750612445698,0.7110258627782666,0.7375364462287225,0.8522958188235045,0.3204141602819378,0.8131133055404185,0.4431029765398859,0.20604575823415822,0.4528865081563172,0.18658457065415476,0.4712739980828009,0.3507974364754127,0.4548044981209566,0.552313912110529,0.5339849004288014,0.42170014198955014,0.8070622735548332,0.4593126400153887,0.3588627958633895,0.22931215194906773,0.6379312897039622,0.6147265712878105,0.4241763814146466,0.5554663830309795,0.2649221419745249,0.8759543853858107,0.8864878307051666,0.8788986167867923,0.4534648368739037,0.8055611359885381,0.41559875785701966,0.5152878102654979,0.12473607868854984,0.13620918721707,0.30510250919712895,0.17515390379560417,0.28389936721663683,0.0,0.4781574182153053,0.5710125065006391,0.5311440927533541,0.15739896062813807,0.2541217205910738,0.20827661320603438,0.45191392246409884,0.7581444577625772,0.11643786053817008,0.8536924843380649,0.7002246320964267,0.34725815557220724,0.8509721001993176,0.7545902938508959,0.7472403934856736,0.5857319757691453,0.17950998981900432,0.3285770445650938,0.3368663456246388,0.4245065252434157,0.40601909551231913,0.35347943845916474,0.37265009991577297,0.5421912661129029,0.3354814707996302,0.41033505973173523,0.6987654157456391,0.36877465924441705,0.3885289206734657,0.40403082949372343,0.8506784174890039,0.7189874747983847,0.4090702184835755,0.3384557585237378,0.3308012828157295,0.24609994590558354,0.2139523741509957,0.31676871796108913,0.40486737778544296,0.2697910106290051,0.35882082208546273,0.35835742998135567,0.449830564019102,0.368921300525635,0.392419793881775,0.46312574247287824,0.46051033234483735,0.46756979206942434,0.43636679612493817,0.4763293808036653,0.2912050104758515,0.3954029516388905,0.4733209983227733,0.8442195903078469,0.42845095919412357,0.5722999875745193,0.461598631846496,0.5738636645830562,0.5542719378801363,0.20542564960819898,0.39153292634232884,0.41059238310991447,0.4376290249707798,0.3380857146105249,0.31241010308014494,0.5808772354033698,0.29505633965254097,0.28059497480417583,0.41912669497066884,0.6056769004285341,0.4687922688191037,0.3885543677074467,0.7242520167818972,0.4003892144805629,0.4999780177863986,0.21171202240279027,0.48019211446543575,0.4949127419374831,0.1806423914254445,0.7087567120777931,0.852600084860993,0.32129388449549046,0.5434822003399193,0.5821336974179625,0.3113919937715855,0.39139757574336353,0.7983799474866956,0.5878155747349753,0.7141692647659899,0.7730786283746163,0.8636574068930247,0.25289804353481715,0.2553561021550004,0.19481195732225945,0.2397772133290181,0.7129305455536303,0.45998465127289595,0.8492709570202178,0.9303868327769309,0.6189666377294747,0.8708117820285862,0.8706964129159523,0.8655564534629364,0.7905149263930367,0.805745756167343,0.8610562786043634,0.7266677142213982,0.0,0.008424011847478945,0.0,0.0,0.233516370177027,0.2624988309972859,0.4515841546079023,0.5427693659060943,0.13527361776811303,0.03433786333139289,0.8435934730137089,0.0,0.0,0.0,0.155841826493338,0.19679333090806922,0.32384746862894553,0.3266073117217574,0.33267689667568123,0.33956134948193956,0.576666148394577,0.09208559785491914,0.5166524615995793,0.0,0.03491480966319214,0.7525474049880267,0.8912675869637388,0.8565856214828343,0.9336020384624478,0.3926873275097461,0.5152381039946503,0.5404217100004345,0.8770550366701293,0.0,0.0,0.4671160399119567,0.16169955552171864,0.4619714305050651,0.2508933169458635,0.4888331680284593,0.46447777865742795,0.39340926040771673,0.5267870225338094,0.5141205592977666,0.1284913184503096,0.5664131433666824,0.6329967695487689,0.627469006192201,0.635704684459537,0.6237444815475838,0.6234473300475393,0.5466089244822265,0.8591036473514301,0.8092518041640807,0.80541972602446,0.768531102338742,0.8340031200320935,0.8442652254146695,0.20587499934894254,0.2966796924473941,0.8634667603825507,0.6737251067649228,0.576399232096076,0.537399357682284,0.396934121015984,0.8655616817224663,0.5151323293992882,0.8672211052768194,0.5723979492128812,0.23453076084595026,0.41166748202103287,0.5928938649293432,0.39098898061280307,0.4450227746385851,0.4779744260108645,0.2935542519285663,0.34994964849419036,0.8312681730741318,0.42863587400594916,0.1943184075448628,0.8874365120606682,0.15429462847199613,0.774348540966812,0.8638242445236421
55,0.48638945808676465,0.484308239225164,0.8287629475187648,0.8006187096640182,0.6175716564635126,0.7402292848649887,0.9376326718345432,0.24888507890297695,0.5678616354202174,0.2359303116125392,0.7196418759065781,0.5627483703213264,0.6547600540441362,0.7270927168271955,0.28081827382768143,0.879171694908675,0.3657929634697022,0.8476197620251394,0.2946666121346263,0.4025224914995962,0.7708372266378589,0.5057883102035392,0.28155643497198163,0.5409883965798379,0.3599796662262071,0.5141867666827973,0.32050423542646855,0.7545348166891224,0.7404456780225018,0.9114177218492223,0.30102801240402594,0.42815557104747437,0.8825002249268397,0.24743529234997746,0.5647853962299334,0.4043880075890885,0.41869571554334317,0.4063376443127403,0.7807324689140346,0.30875011200299207,0.1581869042168921,0.3960715867092428,0.7854517087644167,0.7460541176634868,0.8703644171505565,0.8279819463627602,0.8643396841037596,0.4053290834917614,0.8227457147702748,0.5259156214223949,0.8482252061182095,0.7256310931949267,0.7132912639187131,0.39892967771293597,0.7301391656341996,0.49973458934582754,0.8083454668856558,0.8530342872575741,0.20380891503003115,0.7925254232251909,0.19488584898839834,0.18796075398493908,0.44213648684448975,0.2667055705095217,0.27176405414585464,0.2636867708834664,0.5033440971944547,0.6410329334548783,0.864589301940474,0.24753128363340182,0.45307201222751664,0.7614391131855048,0.26978077286264157,0.1369823767932299,0.7261573980235727,0.7105778819311215,0.16957243085325818,0.37763458063750865,0.622715640438749,0.33239672872345616,0.593623282677618,0.2691168975739392,0.730711654046019,0.23671599354627212,0.2306411178136421,0.31517276171572267,0.1675859940630325,0.6305756187732955,0.8796054106620325,0.6949948255456193,0.8594870848798419,0.7709605406600681,0.35553511469796345,0.6507453693881865,0.49350111420053083,0.556140804657039,0.6287368693330823,0.547737961157567,0.5039870161520899,0.48857636317538755,0.5047146105688654,0.5810428206148004,0.47636262586145833,0.646061212420215,0.8553797742935003,0.8627969984974556,0.7712153507636391,0.3844859772727223,0.865904945575668,0.6209198886763319,0.5625628321014379,0.6423755853213646,0.3830479007361087,0.2748200143638425,0.3136116920114808,0.5506369440181581,0.31887884520703175,0.7565114320696978,0.788168936278405,0.28325022452593057,0.20228593351352728,0.20951421757192584,0.8002220835079213,0.6015928416561812,0.5471551383785238,0.5452508688598627,0.7642880628097315,0.2968858981757656,0.433311286507225,0.8036031586922137,0.43907428173225893,0.43577084068016186,0.6001349274827776,0.6538077936338139,0.5148515586466857,0.8161000370537815,0.47566338517412465,0.6088194900023772,0.42331085218521314,0.6769746588635449,0.4617157853823696,0.9445940669401685,0.8707630350775363,0.37821628964630205,0.15971285181020992,0.613228071901019,0.6004710031175308,0.6171885708468949,0.555688685489669,0.24204549725503727,0.4470441321104764,0.6275369984652381,0.5927960605604068,0.602640352381433,0.6861424850998695,0.5727407236538388,0.5092683706283672,0.34607711381037476,0.2928566825847794,0.672883756346569,0.5658986367027882,0.46836844796853583,0.5017598324990102,0.7286661390762814,0.43528847830925116,0.533771324486192,0.9399197217360814,0.7816854667872399,0.6608554836230752,0.7400549830074463,0.1347069988188854,0.28999984938699597,0.7194782353978827,0.73566354309098,0.7055902598326982,0.3526010779395257,0.44430114200731663,0.4044578197368895,0.2676868347097222,0.12216185875911241,0.5274050082487087,0.875980768348765,0.8674582085353035,0.7949070065345465,0.3469552449029576,0.5219049820757384,0.831825989821308,0.5915339942886385,0.8261696416774785,0.5555592783803964,0.7604654117401839,0.43300206400314584,0.5213663399539795,0.1482107456087628,0.32311042132496437,0.3957661796304655,0.5914247448076809,0.10640610899196677,0.6423677453579849,0.2855049124333662,0.7316470669632381,0.5505849461777023,0.7276246199782691,0.35582315183688995,0.4596842387678177,0.8200682412365016,0.5153229794181294,0.8024008533788212,0.8555605425908612,0.5075744012786546,0.7245169794303473,0.5365956217927853,0.6763005419844897,0.6908780588292984,0.3916349581789928,0.1944250397543669,0.09288642893597011,0.8349355694131414,0.37172332722396695,0.5427416059685274,0.5184630548633261,0.3749921446692675,0.46948425485058415,0.7229028993579186,0.6220445357842549,0.4118238867876795,0.6309857277717342,0.4409182072135276,0.7812968762085415,0.239398152949878,0.1455644343269634,0.54544215531413,0.2915507197597533,0.5505483135393449,0.5327136737477062,0.8916191737810636,0.5544124884728775,0.36505489153776166,0.7312495344822832,0.885480028112138,0.8612840430737698,0.3611941359947375,0.8868321033932114,0.3502152289470399,0.2414742740642544,0.37898495691272505,0.4342460750541269,0.3464912853453995,0.2848687436301981,0.8945806724223683,0.8575677735139926,0.2676911694591136,0.3358054860431213,0.6390058751387636,0.7708668127616042,0.2696385729714528,0.852757470666517,0.4878363541622499,0.39346307751313575,0.4679452348863456,0.40346437011904374,0.49741317650163147,0.486118107055801,0.17577684851557285,0.4445232937163096,0.7401451836226605,0.3964859159017996,0.29851120301829553,0.5693304678476305,0.41811354811752216,0.5088001334899658,0.6354579592940163,0.5887360421750544,0.362874607981404,0.15894372251710537,0.6589483458646374,0.6761063647306117,0.5975904126553272,0.8784783385698194,0.5109231986652675,0.839511502576523,0.7598751248228381,0.5432583545791376,0.4439874744609744,0.3396848798796187,0.7089816077878954,0.6026842594068302,0.37066126308271874,0.8887387381524019,0.45567497978148597,0.4281980675318945,0.8259350946788645,0.7507304973290752,0.672003270593766,0.5619156474388839,0.8578171394228139,0.8872956239494997,0.4405279912866689,0.7891533710476062,0.8291103959924195,0.8338854087251829,0.6535660087181147,0.8412870918031667,0.3461414713585628,0.6788267503417376,0.32853601474384103,0.3753044469656658,0.11730564758001745,0.7432460347756437,0.6177463462643256,0.3006696249938607,0.5846178618758454,0.5256262642683195,0.2659201287630477,0.5030382900777322,0.7120230490565514,0.7330354790211137,0.3143684429880377,0.43664481470193794,0.44326336472644734,0.4345487086897345,0.6569215147623121,0.37789592353806306,0.4657736243208751,0.5627803689572183,0.9069938327458908,0.6869557186993149,0.646222529709973,0.6827726776357844,0.6080586639605196,0.7979999722478263,0.860411290236322,0.42297550321286165,0.8552713547683571,0.4058215753452281,0.18520238340691333,0.40340398198872296,0.1157655473100413,0.43804137392845294,0.31855899545519684,0.32420023666580194,0.5009592039684513,0.5914514648483981,0.3215844245841726,0.7944696082530506,0.5091106677561347,0.5367114356979535,0.43313101738323156,0.48693858629061293,0.5615716054749043,0.33368826128969525,0.4414771491318311,0.198719813297128,0.7391296163053672,0.7157381131064258,0.7618853120961205,0.5096527644782869,0.7020798019261345,0.501012147957798,0.44133911780848684,0.13004503175471585,0.7238018734359654,0.41902925292779886,0.7049420343879403,0.4140131290682208,0.6866452290403591,0.4054550580282742,0.398139502051582,0.5302088445998658,0.26181892318665834,0.22393172708017525,0.16705208239682443,0.38224834221960646,0.8457907581073387,0.729072678045508,0.8931425104878924,0.6967612275388552,0.29617835413450844,0.8605274788497678,0.7856165559804259,0.859474633837926,0.7964980242939304,0.6290788432955654,0.47641618062818,0.46467313698515933,0.33083315220133636,0.3297478783391425,0.395337162227204,0.432908424926957,0.8307700503844906,0.39534635329187845,0.44563169345964015,0.8377375685794556,0.5376183180641599,0.16066077609123766,0.40126200097012255,0.8919821613036829,0.650812850148075,0.42529679052959934,0.49733436683545,0.5194788834655149,0.5591439739200015,0.527100468309056,0.28715930064406,0.19431327585996278,0.08321212625266369,0.5685958845966339,0.5085518477112659,0.6199194116207837,0.5553936821619515,0.2918884265685362,0.4490248480008018,0.46614867453136766,0.5374951769472627,0.5287047078452668,0.450287234999362,0.3620151722892044,0.604891644210999,0.3799131515431776,0.8714893165871685,0.6076673047199305,0.48218887156625195,0.4945514305775166,0.7079063094447594,0.6987927087335318,0.26726436133627673,0.6218088873519316,0.6233346527509945,0.7060054496798265,0.40862199252595505,0.5403014251600591,0.6238482127059776,0.5088296992807715,0.3617197530658128,0.41945019221720925,0.30117806784428514,0.6356568474546181,0.6183096779618824,0.46469015695518046,0.3292010948924282,0.6368894394422542,0.18722052539377612,0.6084137339860237,0.8173511988502689,0.8467328143851662,0.49359913648575826,0.8711396066952813,0.2748136431851746,0.3071664632384991,0.7387108428784015,0.36044223489105653,0.2975473148951113,0.5900288821127716,0.7476709072354424,0.7575457201947476,0.7499463226914594,0.8723375053680248,0.17382726205976662,0.15568419248409765,0.07763040435748277,0.6052821751481531,0.8608688432777125,0.6060757233949585,0.9053927671294754,0.7454681572524222,0.5612649435267034,0.22383645987154094,0.24556394495418815,0.5561021161648757,0.26523847942516104,0.6826161630260323,0.8776211797247707,0.18304730195498212,0.7992665111595256,0.755353202834133,0.5909604487323721,0.5769888363075796,0.6327092012141081,0.6131294034865565,0.4565900462143094,0.48896126246030136,0.018000628019530604,0.5274863830928432,0.8404842800958435,0.5563197289243245,0.744149006495886,0.745715254024492,0.6419733295195376,0.613095750395658,0.4986068566088536,0.4652633235505788,0.5172490027917783,0.5034699584908942,0.5186069882755739,0.20940780362419986,0.7578246754953634,0.5379394438510241,0.21829664825018819,0.8110599250501239,0.6341785303979306,0.8479981473963044,0.9215003769224909,0.7013129124649576,0.6696472414185302,0.6653008380328403,0.8877177743367995,0.737207059878462,0.8652778677168904,0.4510974462082586,0.6111018392769341,0.4483878313209637,0.613789692297417,0.48006025089375687,0.45587677843559093,0.40890971120882347,0.5230751158231655,0.4335677938517439,0.4572216218586475,0.49716589795969907,0.6393703573531079,0.6407816129933632,0.6512573468045768,0.6105071103219651,0.5877088794502494,0.5947258680077877,0.8604089758234332,0.7417855441425392,0.775894335507302,0.6685188373989094,0.845403923263036,0.8385811365774812,0.4231904418689346,0.5277220591154095,0.8829651400122865,0.7650675608008121,0.7620367365312876,0.4243819990455909,0.5573528054979345,0.8837268284321022,0.4717370200894915,0.8804346012356259,0.6077359282125889,0.3477469200841192,0.7416087163760706,0.5756800897318781,0.3130303622181882,0.5079005325343504,0.9190542710660208,0.5100240220548534,0.27072828070973026,0.8666727336099658,0.5709592612793385,0.451575740012897,0.882399352102874,0.714976867777155,0.8503459688714133,0.8390065616155913
56,0.5496185859631467,0.43340941959795937,0.8554952193232859,0.8363274142554828,0.5093351330669111,0.8152105971189432,0.8445075393957154,0.2678201533320013,0.3047949567950113,0.3597570322840046,0.6848468884975971,0.4983994979366464,0.6113435147674274,0.6752350172178097,0.24007817013731592,0.8961460668852106,0.41271712959526136,0.871492070836309,0.3894133445327536,0.38778636340514216,0.7884852044193672,0.48369087935614247,0.35163562205900367,0.7025511294278539,0.4295482840836137,0.6151734542226966,0.4768553889949278,0.829013189054277,0.8239159330240561,0.8100744420987902,0.3010199752941354,0.5910375802143734,0.74251567818686,0.29615944208208894,0.2916467680358437,0.5742566340048716,0.4060899021688339,0.2642816465897288,0.2163637365846751,0.31236288719790023,0.42466089915949445,0.44107480955928713,0.21435738137830304,0.21528704543594654,0.8856198474275796,0.714337728438793,0.7729382521621816,0.3527855648278779,0.7102844548208443,0.6523476712517565,0.7633478684766898,0.804036076209306,0.4874362604148733,0.5435689586524173,0.794276827993684,0.599710515351547,0.27825306365510827,0.275699548778564,0.33915653835567133,0.2439535783579793,0.18201588956195905,0.23309923770684818,0.4257026217010437,0.3709297351146659,0.25578260788142426,0.24063239841778322,0.5514951467626223,0.10447060380911649,0.2896513418338316,0.3201298421506471,0.4783054029335715,0.17382871399328906,0.3684762056849852,0.12585221094913326,0.03590310364349969,0.7803838188422682,0.3314226590534402,0.4620524868476736,0.6968927306932123,0.1364151574504847,0.698221625086293,0.3828078061408518,0.5407144296549822,0.21715559838531007,0.2495601689162966,0.27735950568298484,0.32076336973089825,0.3107177540666776,0.8987659249089758,0.7238228577202691,0.890862743226158,0.37469249000850635,0.33686694399013617,0.5155758113571451,0.41681132929428577,0.09917910272575982,0.8102384481870055,0.38555913726511254,0.22705283398337245,0.2840868807029451,0.20343586069861702,0.45850047492346857,0.2430831869494664,0.4132907049426936,0.29867103454730615,0.3007452452920302,0.6839772733191003,0.2878814547317835,0.2937155673291922,0.3960847625828208,0.48177165227948976,0.596140918956153,0.3847640881107927,0.6165590854423549,0.4865819315844502,0.2732159133295277,0.5020269186018099,0.10465081794055356,0.7226537012668423,0.2947887254502065,0.12199733571336434,0.506715590697494,0.7477251617207307,0.5852701040703947,0.45323571143734803,0.524358719534675,0.7753029669727504,0.3295260066757832,0.8128156620417152,0.16037296285955116,0.43481322722358456,0.5166981616554586,0.5923057811516291,0.2588089710975024,0.6587062667746979,0.7803211180490054,0.22181577348638626,0.1964167689750604,0.5486413655754325,0.7502641705046793,0.36237034694927334,0.9562287044311668,0.8614010353885511,0.532776291988677,0.345415945070495,0.6983674295532563,0.6335672149839542,0.6622936183397149,0.39274511846020366,0.41726022791544953,0.48884899768886214,0.6549259501487272,0.4038077882533774,0.41431414695093827,0.6992916953550443,0.40087166988609285,0.3919099427032883,0.24780708046871228,0.3734716217026199,0.6225807954138763,0.6257813337239886,0.3813138903857839,0.5960425085005356,0.7841165476399046,0.44231991831576994,0.6017343348669194,0.9468727737180486,0.9115840988870723,0.7376939382381247,0.3546335694515656,0.523712019334862,0.4637991004708839,0.33590029599755394,0.728986721532771,0.24538461656856841,0.43579481735912307,0.6249009536744723,0.5587247414430935,0.4803497328199341,0.7621008985056028,0.23350756888015275,0.8940095657819466,0.8833712794754123,0.8331162126682728,0.5356419299734718,0.3618541378470272,0.31112103380041867,0.6574987032916452,0.3436345667857824,0.5901566793615469,0.7791964030221951,0.3467053052657202,0.5936007352360497,0.2573915795483394,0.1896542421814745,0.4166792818602014,0.6472157143265561,0.07204032631070785,0.7305308057651757,0.321095253400136,0.39287758263926537,0.580360530626476,0.4033601587488717,0.38640982528513784,0.16594945196309455,0.34913416344947307,0.5731499360763074,0.275214908109288,0.8994971978518623,0.41403912426190603,0.7733778600318001,0.5041637385013295,0.5506905485412865,0.7619301360934329,0.22472584760290418,0.3877297358715463,0.21756837445553362,0.19331736262410995,0.6378718975478652,0.534329279896859,0.4362400618296903,0.5708643517440322,0.7712461661893604,0.6993122308896145,0.11322936241544442,0.5839603116827133,0.43758355111265845,0.5550290856012581,0.8199047888517559,0.45750808463783843,0.21638746167738765,0.15076758851556374,0.159737899790295,0.4583002673695811,0.3496382714660945,0.9010060213343423,0.3435801026849486,0.11742871513182251,0.7298881554711687,0.21976737751661285,0.883659748598507,0.5529544648955532,0.8628214480423327,0.4376375229798688,0.21357959116293318,0.4122922362962281,0.30734437056028896,0.3667548949470638,0.18584700038156188,0.8942591443332973,0.1754746456789124,0.12096788622749215,0.5913990950965197,0.8625383779944653,0.5509013201621101,0.45878024768560616,0.17030949293212805,0.45475269396520546,0.23495786305397853,0.40678476638788025,0.31306200719668376,0.6918819507147129,0.6807129287550356,0.11612499412928147,0.6709114165348534,0.7093848276911231,0.1055394508291576,0.4251915120922969,0.5512605040832681,0.5098354047324497,0.6801344220121043,0.3687643256389976,0.2908982972864015,0.45864455470480847,0.22635527594061045,0.5384836510000738,0.5759239646206351,0.7238426140322423,0.861691752556592,0.37330846391980893,0.7540824750891479,0.5439116092542192,0.47700393362829163,0.4405068687127598,0.5219631537426197,0.7935380679131924,0.698941305203917,0.43110518933231423,0.7828903986292326,0.47510682576388286,0.6392203842247351,0.7777049049986688,0.8269361135154722,0.6654376921155906,0.5497757525429956,0.8828413248026509,0.8676957802105374,0.36363462353726406,0.8981894420433372,0.5893861976711682,0.28205423983723743,0.5738705441828661,0.7898252250801822,0.329677991032344,0.5718360123378429,0.24744570970188437,0.10900072386160738,0.3362507841672478,0.7471552780448459,0.6619545519445897,0.2918409116595848,0.553851688778603,0.6812292257194842,0.24910018083969396,0.5780953733594191,0.5704196954194952,0.5743449699527684,0.2710844351847793,0.5848904233119249,0.5764530054004394,0.5917242810997007,0.7550023973206068,0.5369349987320678,0.623151634952913,0.29270581365693976,0.84080910006685,0.6287712090013756,0.5895611074805904,0.5888642274628862,0.39537192994999654,0.7624759357433556,0.8825168332840089,0.601009383169965,0.8931336075757828,0.5617077904812463,0.3345396076765694,0.571694871253952,0.3209676732283377,0.5982180261487108,0.4498792509701189,0.3815569574219493,0.7598072238067864,0.569683949856766,0.36054119171230786,0.7011245772377868,0.7136501501185721,0.3519707456547169,0.17317242949247794,0.5529514839382912,0.5848994434283394,0.4685661119729284,0.5402815341202829,0.30984640630571375,0.8804877346381779,0.8502612913567278,0.8688806857244974,0.6057927754925883,0.8261762362256218,0.5371948379440099,0.5689549312293475,0.16107789180378507,0.4806393803274452,0.38604771674348537,0.48076502088634937,0.375583702813285,0.4046372197049181,0.46662345742229655,0.4544174772208769,0.8962686981494828,0.3376342388904974,0.3196046533540412,0.2608738076579278,0.5597894056262963,0.8586939795637497,0.4921803195054836,0.8400269417002298,0.8108576215013564,0.3048349943704103,0.8887224696992789,0.7723091600124741,0.6857152061330078,0.5924950790987714,0.2707063439329129,0.43642198987280884,0.462570622878594,0.6569752334841615,0.6409262574774315,0.46645324061538307,0.490852724974628,0.5053246065680882,0.44179715991094,0.4577506164674426,0.5472532365570972,0.4798089815854645,0.43736638009111634,0.5750851689101105,0.8331915505036775,0.48031727197145946,0.25670025814375724,0.8498914743682328,0.8783407603432417,0.7438360138651043,0.6455074842360808,0.40789850911495784,0.3244855564277368,0.31293238901520115,0.5186548960000005,0.4828155426675731,0.5043582561384594,0.31224182091247144,0.45259067677672715,0.7594728283558838,0.7758977213506062,0.6087691302400794,0.5924874959786102,0.4817651189420165,0.32991423331708614,0.9137522402375675,0.725493259992284,0.898123974540312,0.911544687921398,0.7608785382187557,0.6077515272979769,0.42709152397135347,0.40192019928203826,0.26702285350341576,0.9192078828108168,0.9273980696330397,0.8066327569856997,0.25230938587490986,0.6845962963157288,0.7738525977071945,0.8614282969005923,0.6349622387965289,0.6748951376320256,0.7459499685789424,0.5966990446569417,0.5226722831161312,0.533981211183991,0.4450723884990861,0.3846434372675658,0.21195515262837863,0.5878612724991613,0.7563518274772054,1.0,0.5208316615304428,0.8921009468239858,0.4166413168376397,0.8614646773223332,0.4944413123465015,0.23956124810367746,0.37995095371844523,0.6841071139140861,0.4714423272936931,0.7326742601915813,0.7834538360559112,0.8963006663036772,0.5540499706157936,0.1681508334132646,0.13722299071270241,0.5542282331826931,0.6779614827220273,0.566865134147266,0.9117705652181715,0.6515891701389567,0.5957442792171687,0.13428787884273977,0.07697144032400834,0.25240366919991064,0.12238050269687348,0.6327200068162154,0.9082824800465075,0.0952784322789345,0.45757403395830254,0.3050933076744994,0.4147481619458421,0.4026897068306784,0.847183345232001,0.841844892319827,0.5270609005904572,0.5403270535803676,0.06590240360997955,0.48176904818747135,0.8909308026264913,0.45069314137928473,0.4941158619271798,0.5444341000298097,0.6268745295997794,0.6517909266098428,0.574056659547404,0.5644129287450702,0.37553595284919533,0.3150012584305164,0.32037785003490854,0.468504419268335,0.5599533797579127,0.41391087207016075,0.13922846285147944,1.0,0.842960458359517,0.8964766547665011,0.7512153822025188,0.43841099795129806,0.9603109039824504,0.9874286100519668,0.8962339492998291,0.41489743273939583,0.45513983302029426,0.5970007641698418,0.6542206042464405,0.5988361858202349,0.78894723508299,0.6303027774844178,0.603247575076623,0.5881323655321454,0.7204735949149492,0.6926229081757097,0.5523274891295141,0.8346383754356177,0.7930555597002488,0.8017134446635004,0.8222370516609462,0.8076047361870515,0.8572684870933724,0.7341373383075697,0.9084158855443804,0.8529426136577487,0.8220596461882524,0.7677504415973854,0.868655412120137,0.8918040724317601,0.304389112197574,0.4874967826891717,0.9074607876433562,0.6718332240524749,0.7180626649724219,0.6730351920741684,0.34789104341995264,0.8984533954501438,0.4501365578195789,0.9033435590591056,0.6509316822240405,0.49551988502583827,0.7643120468457565,0.4928524008039131,0.530225139047672,0.6069282449439093,0.21732075674604795,0.6227323878336691,0.5609635359542035,0.8946517186262302,0.45852523634530434,0.5849445753837502,0.9090479549081243,0.406538910385163,0.8438118406331927,0.8669205109603675
57,0.5875739593112076,0.48865844677626724,0.8284320666409526,0.8072225483912236,0.4656301903867172,0.6275353281572995,0.7744902109416502,0.5110435715768981,0.5422397950730079,0.41660240760798944,0.6265459874761891,0.5569007485825468,0.5644723212981677,0.655293999689773,0.21360104929748108,0.8926771449023905,0.5531510007352555,0.8855176226365937,0.3423154320637328,0.45802677485296434,0.7101274353541258,0.3143136512558528,0.3140290702917902,0.5284916061049441,0.42788043001510306,0.4633685154077881,0.33965548632708775,0.638798458325438,0.6247364923733882,0.7164136641216683,0.3047593961114472,0.5744864049621062,0.6618161920545704,0.32406564562325824,0.4254982393663007,0.5060272935189697,0.5212832579047046,0.36115996132641554,0.14132094811971405,0.4105943428858041,0.11000866767580565,0.4719159927925226,0.4055004115885407,0.4003998952448726,0.8588792297067132,0.5902966578043906,0.776276194805764,0.48637984557257685,0.5768141290868376,0.5439935965032361,0.7703342096429765,0.7908155351346244,0.5438739036427725,0.5460596716106778,0.7917427084224501,0.5670972211286311,0.3641741534809394,0.2903914622805871,0.43814548549642424,0.340553478355217,0.5362105416421071,0.3446806320376198,0.4205496443811905,0.31409206305564974,0.271809695807085,0.4838262498380381,0.5423407844757804,0.9694254892398626,0.6814471160517932,0.5909943263325653,0.3634229027996108,0.5821967341582984,0.3500244211365608,0.08723057283724531,0.5093674936798472,0.8330022435612643,0.225641261140955,0.10549482370260317,0.7564138049208662,0.4658103496839658,0.988516107487518,0.46695644226544075,0.5928936374596913,0.23912244961508194,0.53037628089831,0.2781804919097986,0.37272415532868935,0.5640180118332601,0.8906114267705083,0.797143591781677,0.8482901988152433,0.3062335925429915,0.27027765173089807,0.07387537652678984,0.2984112834452615,0.6823695420600383,0.23351648900535246,0.6264908504156292,0.30091818191880404,0.5694323951035253,0.342618441015776,0.30775925973727863,0.48418073757630403,0.11380191214001982,0.3849515546825719,0.39324402658097796,0.6633901167471475,0.25728678009365036,0.3730034816687021,0.0865109450829048,0.5785041949425968,0.49608001093971044,0.5676788838497144,0.42190602580059455,0.36137868583984656,0.8627381448099655,0.4097687938621304,0.47095025632189175,0.8077743616353906,0.36387413587621925,0.24615819935332403,0.4546717234648749,0.7108504547483477,0.6600813541382546,0.399934182451222,0.601592977707173,0.8335462085564258,0.36564206901931273,0.758914436273824,0.6055665325200018,0.1612136579961403,0.6150537298291082,0.7164027378908423,0.26001404696863456,0.5347946383477344,0.7456144364196574,0.2951299310295327,0.9538144369816473,0.3935848990604115,0.5825055341656239,0.9332757132093076,0.9233977861302639,0.8260649035305854,0.42211650480020996,0.219695909241974,0.6683239482983687,0.16291795419775945,0.6830162851357772,0.16330530687483874,0.41048023881270074,0.6606606693399901,0.6917219581355174,0.5847945798419576,0.5930631623221511,0.7719870903253357,0.5680466825050047,0.5820588840012337,0.294550075203919,0.5348932707062531,0.8857040581340807,0.5457992804293559,0.28333830807666005,0.5220513979394179,0.6368988508907896,0.5915187281836234,0.5338194260688203,0.9326488366518378,0.5683106107259004,0.657598709087754,0.5750221832105906,0.33226399353468844,0.372486733271804,0.5490891710245539,0.7232099141968003,0.3899382349535614,0.3613328690861525,0.5353927307819096,0.46669605068847486,0.39916645788922367,0.6725191418024312,0.5379765515307277,0.8859840070226404,0.8761515814151528,0.8719811674242604,0.3006976785938737,0.32506843769948546,0.5932374130345557,0.5537947689417715,0.5941912969308378,0.3335737989715772,0.6994739328172542,0.7362367688352529,0.48579481659508333,0.3020335475974398,0.3919924132323322,0.8209463603211792,0.6858164501073936,0.7718283087862413,0.5618398665224759,0.351760548152662,0.6211167683701209,0.6033559910458905,0.6220570059041651,0.4217432220916976,0.41623472058789457,0.4409530650561234,0.41331100236527124,0.3530148529349804,0.8550879363779439,0.6299865437674017,0.785877620690797,0.6780460878293749,0.4372969184275485,0.8068351021682204,0.581858324393813,0.5197708997816101,0.8126550782604592,0.19780856094781582,0.5627908250214372,0.5599322147709281,0.5137451643223861,0.2533678970162141,0.5794551689266966,0.8321910610241791,0.762920630623517,0.5588567462897778,0.674825758090818,0.5586360689781927,0.9684889008119449,0.3991937605332519,0.22921404978268234,0.33648002711876407,0.5320076897833711,0.33144726441371436,0.2797235110791041,0.9011571281970624,0.25917313178577045,0.6605650981389145,0.816897301397557,0.2512275432406924,0.8698006026015471,0.5919745056998161,0.8715231403677525,0.6238634216369201,0.23643285121767368,0.20978363718389081,0.3411084429927691,0.16298380889024786,0.4007498922727337,0.8535085728062041,0.20682698599203325,0.17745125913989734,0.21866221535151867,0.8386183515686334,0.4194763267307986,0.33774260218137364,0.25274007542681637,0.6829383367382097,0.4978175621849735,0.6476086898433485,0.5140565595663896,0.7532248289091741,0.7445670897119194,0.3401724282195855,0.7471913261403023,0.5857011800842702,0.4022603186798215,0.48405939001255477,0.47615923039364455,0.5658343516778813,0.6915461031520247,0.3192212434581536,0.4101060212118425,0.14903590927040677,0.18515352105385655,0.07113566910320197,0.6136501332717621,0.5576112693020914,0.6658006297858898,0.5065591817666831,0.6236493797208236,0.535486402381947,0.3827399376547612,0.5052019758915774,0.5519302981778691,0.6314154749197258,0.5219867894032616,0.41657067559459443,0.8877472372201225,0.39803295813738226,0.7639137227511078,0.8230830707643112,0.9060628368873335,0.6504825494598766,0.542135105587234,0.8704543705287197,0.8593924878356615,0.35288951651202555,0.7637164187265956,0.5311069989793334,0.5614114925754653,0.5256765621327731,0.6804251170989786,0.0,0.6824246910397499,0.27384255700060406,0.745304928246471,0.2521522173789324,0.7321745694501621,0.5022209674567648,0.20137907856795526,0.6529247268937702,0.647563384416645,0.2671327056585112,0.7495345135619328,0.7314066448831452,0.7433103079731395,0.26323628930307047,0.587171042890767,0.7045728485937274,0.5852774277055304,0.681025466810802,0.5518993753396904,0.5309620826523029,0.11503959229097267,0.8451063894514926,0.7333276396561645,0.6952810757137938,0.6316504550683126,0.44741159797985874,0.8069999315718016,0.8696233210127771,0.5494464825190261,0.8778225969009278,0.57701763736812,0.267651088092046,0.589338973727266,0.25209440097930713,0.6129350911782365,0.49713293397738556,0.39321144396760976,0.4833898300680719,0.6974849767518568,0.4106180719699747,0.6142950939080488,0.4014456052134356,0.3429017438130007,0.3234382144624706,0.5694623781376139,0.5944917661052126,0.42809422746345827,0.5354288143157448,0.09607687427276765,1.0,0.8237170668768752,0.8366414150488853,0.469159459987026,0.8375330897685523,0.44509798592558225,0.45214936688499213,0.0,0.3817593369153414,0.2709546353525666,0.3979283828396304,0.32389818451575464,0.28077219371673867,0.49638775089169657,0.5329833488511501,0.9836007833351855,0.3020105591703289,0.2489968076679833,0.22397755769685251,0.4779428631022815,0.8078468683830111,0.40615329135544315,0.7285469991415551,0.5344119692046028,0.3319791064379609,0.8672578037284442,0.8414143318645078,0.6467084956876457,0.5644909522625139,0.10642978980610104,0.3434006273512374,0.3417186459912895,0.33646284695265505,0.3318534848616328,0.37555599435632936,0.40901708106428386,0.8359461816840286,0.3780362809516685,0.4097126802145808,0.4969042599754764,0.8575591054518995,0.5128141524962622,0.41592932842091257,0.8037420630190402,0.637386264985249,0.21440826341512628,0.35903335261973746,0.36159633401080415,0.3427850175338106,0.3132399246707929,0.14405742361699048,0.0,0.2416522114681757,0.4300758558035271,0.43446008680332254,0.46077253903372584,0.36910958042221537,0.3420939150150697,0.46036327508539493,0.4901884624204962,0.4871609173551362,0.49633087885904015,0.5283385024948809,0.3332630213571159,0.44537712544595315,0.36697977646243224,0.8702481114261843,0.4252475517781317,0.4644288635965363,0.4700554730244998,0.42409191077415087,0.40965766606108944,0.15786276289706333,0.4695549481366409,0.4908490372607938,0.531369908757361,0.1986174730005647,0.31001334351665955,0.4450475061587077,0.30008232359176396,0.3284911200065929,0.7700498878039718,0.4961451113927174,0.5153728518276698,0.4779175290354236,0.30130284028436266,0.2898174941258216,0.4184543697431206,0.056209779423912094,0.3573603481655622,0.7431788031800483,0.28870665621154884,0.5841119603813971,0.8726550485453591,0.39140256224485337,0.2848351390141531,0.526184276203517,0.26765905485623753,0.2865188926635414,0.5570830914726556,0.5923212330702642,0.5279273456978855,0.6776735566792712,0.8775613676928014,0.403868341856054,0.16384146233886596,0.1339837403935756,0.17674766660658411,0.9174216083393244,0.5124282741417001,0.8807614338741863,0.6086404335395574,0.5596638853192208,0.12393266058140771,0.09822507260664691,0.3771649917714315,0.381467416612288,0.6719677958643376,0.8893210845816342,0.36461271858753574,0.24040750121202342,0.09856350589994808,0.10350289672381105,0.10511526532231716,0.5615564436413457,0.5831360715607355,0.5920830551352936,0.6631401316954757,0.1620077552029435,0.1655157884866304,0.8848296630283868,0.202824901246873,0.34305602518286094,0.3938581371205817,0.45126142542569436,0.4557618312002879,0.5786042104855024,0.5960166630612217,0.6240070377541761,0.594663724728264,0.6254864202035135,0.4702419174909117,0.7120693205340611,0.13541639280801523,0.4459918038759844,0.8673025779324183,0.8969529028900811,0.9021360990066163,0.8508987082814901,0.5778281073342428,0.7149207789613757,0.6251468068039046,0.894068030179345,0.33008984126669194,0.32322304622265463,0.6088006019640743,0.6273676816692327,0.6005423589740959,0.6990822987270756,0.6382619575047715,0.5991574385963142,0.6250526021443469,0.6262645628242128,0.676614290506176,0.45164898826693495,0.6654401236954347,0.7626771778368374,0.7667574342949532,0.7581170607271919,0.7755111268731749,0.8605684979288477,0.6499247292359643,0.8708231238479113,0.8358321161102622,0.8606614261096721,0.7818746721865427,0.8505138309478104,0.8684236940313312,0.5252175906994409,0.4378095613417216,0.9005638790430668,0.5128880251021541,0.7334668230560077,0.44557280525922216,0.38344430706565746,0.8675779844664973,0.6902007399198761,0.8867506915188622,0.7268333405699536,0.24289162357590618,0.7218929818965164,0.326383346683089,0.32905523845573303,0.46331576880146896,0.6848079322775914,1.0,0.3368584343350254,0.8761630360055496,0.3163107641499695,0.7085622239275996,0.8823449769594857,0.5306569342566316,0.841292544150792,0.8515419242860762
58,0.5827074855658749,0.9440127028784577,0.7947607590261601,0.7719059814257968,0.4914025708242536,0.950910979288628,0.9945307814497477,0.4079865819826917,0.2749474696484723,0.30225828451063674,0.9050929168226773,0.9352993707874336,0.6327032695746383,0.6988676443501177,0.27244506630941007,0.8545672548396949,0.10418475442163445,0.8603330517255153,0.47401741663249386,0.3185660346036438,0.7453543159257697,0.4693055615829852,0.08112289555099052,0.41161813625226035,0.2901420936389561,0.45461540892693614,0.9125164324069548,0.969179676741003,0.9602465966867727,1.0,0.39765265432848146,0.4303765413534848,0.9933401912360064,0.3928670503658244,0.22083977897043555,0.3649924342219757,0.32485228395267524,0.6406662771414824,0.8744898913994702,0.018224512984119545,0.44736404663243234,0.06463273581082064,0.284670823077692,0.2090875864951785,0.821334475232101,0.8092405033245043,0.9489126607070876,0.39818394864674234,0.8013999399291796,0.5671828366592986,0.9419750477725597,0.9395516670323592,0.8931139602013812,0.37530084369436456,0.9392462180182136,0.3196525765429853,0.825149812163304,0.7272310896221045,0.32823143061573207,0.8117686257998075,0.23431755582999783,0.21364163289511737,0.30397376711708435,0.34431807659356234,0.32633651880113945,0.378637637941867,0.5723218893187209,0.3642966758964216,0.6883470873887022,0.27315981745701795,0.8026628024713239,0.5888158848046265,0.380254698227048,0.09951226154181676,0.5177536890881217,0.602595908373995,0.2340141344817389,0.2773988938544211,0.36806288697991946,0.3187488989814445,0.6991716683412118,0.3521178033971326,0.7271687162972783,0.24376228115443543,0.4233436461025544,0.11065626455393841,0.17881217210119793,0.39668686112525525,0.8518138301024777,0.6833052677544171,0.877481979732799,0.7073645484030716,0.15990148575417876,0.8139113142340301,0.3679981692089293,0.3723990712996756,0.9321183714709217,0.7271911290877887,0.4364757150389844,0.6725670381832132,0.09814904706743133,0.30211474947166744,0.437349718571383,0.6051390579594846,0.8622809436984189,0.8661172884465952,0.8954506624846584,0.174057528481759,0.8681042300089228,0.8053237933677935,0.13098587416801194,0.551585020051099,0.3173464367770051,0.4027366024885035,0.32005871771474526,0.5491186857498571,0.3551358039652287,0.5566490076924464,0.41253590665210566,0.1820736700181176,0.24107037900555958,0.42482812409607545,0.6720574432660292,0.3920634230421304,0.31100637009271087,0.28001989856931303,0.7685493097533181,0.1856234133553229,0.8428369680036296,0.6109417692503041,0.40700349713026895,0.38969479882081526,0.4961212928623207,0.26523615407661777,0.5474631995429008,1.0,0.23844880607276742,0.7287320128140237,0.7185653495601484,0.6405260804587095,0.6361490102543862,0.9286153967003018,0.8722555014527092,0.38862871384433195,0.14107638728964783,0.6685438976484547,1.0,0.6358598778685579,0.281424607231208,0.30015318498338783,0.11188102934759339,0.644340425601094,0.43660156495398145,0.4424883004770149,0.7135513811088525,0.4233696998854904,0.4530330192002724,0.3074739432364046,0.5433321217893916,0.6416860101323318,0.5946462515272452,0.3254918706452909,0.6031104412243092,0.66741664730513,0.5392082183300966,0.4870062288213857,0.5867530114764863,0.6194291540839039,0.6753024336355374,0.6482609150221051,0.41301373553642884,0.3442824823638254,0.6252589014858451,0.7118988698640971,0.5232258538976772,0.395294790179702,0.3372105691758452,0.4195125718565956,0.33159076534411946,0.7964551583146667,0.3287516066994935,0.8530946165416512,0.8238423243213177,0.8022447398668002,0.42135097252903714,0.41742656569229847,0.4727430573325798,0.688501787220506,0.4796162985915228,0.42833277719547724,0.6664687604486405,0.32109884668498595,0.5334353181114961,0.13864554673773752,0.33536737059166244,0.9237388599922777,0.25250269627372984,0.9292310537800117,0.6555093369255831,0.40423436818424374,0.7236310910437105,0.47487694222327176,0.7218839241126753,0.2726323852758902,0.33598095944922013,0.8284991650726572,0.2685499170341219,0.8171096305730648,0.8870332109295787,0.46909457506469443,0.7661195053302225,0.5277273057108567,0.7479919092021888,0.7420622537505172,0.3914243819887267,0.3211395756964611,0.3128432489069033,0.7116569610514892,0.3595713933342711,0.5320139603471409,0.6647813549074756,0.2841554938326441,0.7910586488659556,0.6707495548295974,0.48211820444202036,0.38340995445969983,0.532799419470441,0.37957080751557676,0.8192818987058728,0.30225559893118054,0.3996174235081291,0.8241705645954251,0.3773160951788912,0.812013052815459,0.40671050555922167,0.8241487217641703,0.41471867225470654,0.5270599803983312,0.7866803268936776,0.6378722104773344,0.8296147222743802,0.3841438635230765,0.837302471295991,0.4533467656329012,0.25533414447010655,0.6384614592411235,0.25212744071669774,0.637447802542331,0.4209101064349922,0.7068109394350628,0.6701675161756752,0.3468406261190187,0.315190026903263,0.0,0.8260825846836232,0.2778448438580371,0.6625845925252905,0.5949583945788264,0.3872230547607737,0.5672331255987282,0.40520809548135417,0.343876321291482,0.3455553459959244,0.48269429466075714,0.32925145978295595,0.666455764678499,0.3231403261498378,0.22394237548493826,0.3753353342334201,0.32204534333496404,0.37376201155629013,0.4094929736525367,0.5627652618388315,0.37239263485692153,0.26491854379293056,0.7276215180965365,0.7804774238953933,0.8741554998727045,0.6896824747057445,0.4314856651217522,0.7554755335498108,0.36604860517342974,0.35764009599293034,0.4685730992347254,0.38856936783857776,0.40270669537517884,0.2728432731482548,1.0,0.7380521170836062,0.4874070196179275,0.8200016714394445,0.7659551013761602,0.9186959788373839,0.6555038418269337,0.4476050296191716,0.8337769510100125,0.8405678708585941,0.4749199790598358,0.8685437812193187,0.5111451580024338,0.8584087136799333,0.626495274955134,0.6315793341489855,0.33379452049316527,0.5409824859218128,0.6173473198869817,0.4522776164741054,0.2127305667957743,0.7333901773545387,0.7654441621909814,0.6304687885130072,0.8406730518926299,0.4890282058445772,0.1810821380171468,0.38259539119741665,0.9965937167229274,0.9869222730257254,0.34429518510371004,0.4063342179241046,0.4159906229150094,0.4088195997319404,0.6775880460792083,0.34702517168175334,0.23542752163668254,0.1733401929844224,0.8222542636798189,0.9922711370002519,0.9981094036427801,0.7440785300301999,0.6402329201634211,0.7803404804957975,0.8320053674820025,0.42529316455526234,0.8389222275232424,0.41319282260016127,0.16208717712168122,0.42561075079213717,0.1950952164590784,0.43990617038519847,0.5015824405855067,1.0,0.5265595268094936,1.0,0.1671012017187281,0.6815913325065674,0.15747968071034618,1.0,1.0,1.0,1.0,1.0,1.0,0.7160530242470412,0.528442968407723,0.7158416354400949,0.711204620448925,0.45868715814206734,0.727856263502752,0.43332163911572996,0.4979889065532335,0.10704996626680022,0.6760203944512723,0.2068342670090221,0.6697342423912795,0.2084859889374775,0.626866868700713,0.44284348358497083,0.46867897739993153,0.5319030013350384,0.09062579847030254,0.21805802149884113,0.1726744657230756,0.4765927791283481,0.2673520843364665,0.779377634570483,0.815098666329889,0.7384518554344381,0.3449006844223942,0.8347132351073642,0.7770351954876001,0.6065999813438455,0.5432333769902111,0.5107286249718278,0.2574741107597532,0.2508770657424307,0.47656050705635217,0.45707364124028727,0.8028717326640001,0.8046188514712185,0.6243717055850673,0.7976845105096928,0.8122408691915716,0.44218279911224506,0.19496060475221497,0.41508311284177035,0.32681565484104486,0.6192005243038171,0.5076771272731202,0.153314409202319,0.5675474647070021,0.5852020493649198,0.630526578831077,0.5935048527757256,0.5135331594116627,0.7205124708958791,1.0,0.3053123107173334,0.23616397252434473,0.3860750115103437,0.21313961756304842,1.0,0.6084152260548206,0.6220289380289806,0.8834004239347655,0.8680431376340109,0.8364309039004231,0.5619530269350674,0.7027752398135757,0.6225660762341932,0.8426076611689879,0.715565353842463,0.643006940847835,0.8623406080660276,0.2999680775930248,0.33281873622659947,0.793401379417653,0.7022346863212506,0.6976754394153915,0.693572192264671,0.17199529304464023,0.4935732996373955,0.7101320725620861,0.6513646278377503,0.5535733285050767,0.4226739598550652,0.6209643485314166,0.4097871743580932,0.404715332573976,0.4790388989166991,0.7624276535722496,0.2707253099875866,0.11670771779162327,0.2789929755036154,0.7471265689269215,0.48123540319583985,0.4415055513576123,0.836493227615187,0.6675044755916482,0.38530433930819785,0.39307975580565374,0.22014873064832788,0.4272080436212982,0.6121630200247518,0.26680746639117797,0.44874918201759223,0.7217772685463331,0.8275328579700985,0.25101791806839524,0.29462520749369725,0.221910493549013,0.6949240089829085,0.8079020577112722,0.44314366807052813,0.8637559238944901,0.8433380023202393,0.6257105512283934,0.6884408630123755,0.706879747653578,0.6248211982048009,0.2566208694902623,0.47366229245930386,0.8588460679234003,0.3804808198682416,0.9350563868755004,0.9234519653149469,0.8024914440302756,0.8175024711126755,0.23520093092579591,0.23177455055664428,0.09209177220493837,0.160332061191695,0.13326936556668234,1.0,0.8157891523105851,1.0,0.7466937164805462,0.7433627342040405,0.6005518096381853,0.565143105558341,0.2921832501443247,0.2594356899371346,0.31717205611464183,0.36253613895092535,0.46644376456687664,0.6646120238461419,0.7095758505232287,0.9631691263555302,0.36429900054782505,0.5307225442778357,0.5479878595159057,0.7215663164384897,0.7406788972504137,0.9243216372081896,0.5734653926255551,0.5499069029816585,0.8672303579457411,0.9145454886638237,0.937947064452223,0.4338349855136802,0.8433329580475907,0.4307686835989981,0.8492129829613462,0.4693242850602281,0.45455169358305497,0.4492836928786492,0.8114881868226144,0.8595776663922917,0.5235504533170495,0.6076929007673864,0.8849792909060312,0.9181253295108589,0.9339392685968092,0.9567626196335244,0.8953382007892106,0.5811931375379533,0.8268430918636096,0.981308397498924,0.9931529504988852,0.966069406628152,0.8192387639198822,0.8234042760094525,0.405829941180047,0.7311631087802963,0.8757725608938386,0.7633904631903549,0.6510449405068155,0.2610641483408327,0.6290500190256076,0.8383488170545174,0.3803964233751048,0.8493798837443615,0.7020669062480103,0.6046972602295402,0.5847985727762661,0.47527550302871546,0.6094716984976752,0.8495351725379275,0.4917376727858773,0.48210120114534766,0.6045258869497553,0.8541276410400294,0.6798935248403682,0.28314573830529755,0.8721575507747789,0.5122413831479118,0.7879043673543935,0.8298828092172799
59,0.48805873276456996,0.7757971905681704,0.7784256486038043,0.8220526393096715,0.5079371491787897,0.8746636111645913,0.7594893196815479,0.39966830381530377,0.6834425379986228,0.4278116614213888,0.4290696874656987,0.45193056692262473,0.6746277047985944,0.9302191858046424,0.25828006634529765,0.8394091049765077,0.45814410036251624,0.817022956815666,0.3157698737517948,0.6878911461023981,0.696083953819891,0.45418395003642187,0.4377515689878946,0.2988052031857577,0.46986555439078326,0.1434526330003563,0.8795607214284461,0.8938321323938601,0.8896905447650796,0.7142357810599472,0.31708332381542753,0.45583074803079354,0.6464347046156727,0.2966287556958923,0.7962629620841356,0.4405241916995141,0.48581606401595345,1.0,0.7549193097158551,0.3149847854751617,0.5023011634373064,0.2739518037211837,0.6937726242304162,0.6323007848161145,0.8109748672428164,0.8780136060958353,0.6474572057771129,0.26714610004070266,0.8855278018698887,0.5047850106709842,0.6176589271259627,0.9411801967676885,1.0,0.4071972191745414,0.9430643533492217,0.4640288478967052,0.4775658314764568,0.5451160470309513,1.0,0.4631625640546354,0.6107007262484235,1.0,0.5470880602184721,0.16756355514461233,0.24544842706370104,0.2243864880369423,0.5716319279263303,0.849114804816974,0.878880337788953,0.49942932569301957,0.669561003525399,0.7803033609765605,0.2811932084637418,0.06966177121820243,0.7440936574501046,0.8604893895060665,0.19479753514575684,0.44039631954959496,0.7752041955294626,0.2526301846761583,0.8564841084738641,0.5027461604330592,0.7571102156904512,0.2159546616909049,0.4149070525499349,0.28524634868096765,0.2352982965742588,0.5651720428528237,0.8358598435284574,0.684274517061829,0.8463620927052995,0.6085700969259487,0.3510301913390676,0.5048094449209577,0.5862888960893212,1.0,0.7559393841481454,0.9942784992937501,0.2919157854906859,0.9825964266145228,0.7715640510814482,0.6168428051405472,0.627390067423132,0.7763593766349868,0.48402844861653704,0.47873004897893995,0.48458545609971976,0.275298436655258,0.4518424537313193,0.49960791347788785,0.5694483177856903,0.5644689153469821,0.3959701073008788,0.39214185823132536,0.3774866763233139,0.7150721575389144,0.42673358736893047,0.7379645935289615,0.8054010768338589,0.2196582266463796,1.0,0.33415701075611093,0.7262044133402545,0.455148486391566,0.43830490682903556,0.39889663092137606,0.7323905806121404,0.25199684065595984,0.8721164510634642,0.8211442023028243,0.41714146460731544,0.6655789531085934,0.5313537929394168,0.6524262316106066,0.5434482666121062,0.6160566228169047,0.22047029681486927,0.9113969487639537,0.4944935670475771,0.592084634434066,0.8750504624930249,0.9244694497952519,0.8326967362426118,0.4425584717590644,0.24055301795121017,0.5646961950500411,0.8845617317213439,0.5376454158019749,0.606578721463131,0.40811462516958963,0.7340236164298207,0.5681896340031853,0.7329067185769771,0.724509263888228,0.6492158313241709,0.7234948895748471,0.7408197531624658,0.3538568823794978,0.34575595616016325,0.7084952301412747,0.536221788469649,0.3697880188411411,0.48107139482718564,0.6201594713324748,0.48036034161465146,0.39983545892432315,0.8728995698372758,0.4033550645482954,0.682582885783934,0.645853001078734,0.16267180865026723,0.3836431885769406,0.620003732412495,0.7022160003362217,0.4728239829474838,0.28588723511110986,0.43624297588076594,0.4718179404327396,0.41410242552882853,0.600346225414936,0.635819874196233,0.8340649754042619,0.8143676290846931,0.7972967443258931,0.2101882905438623,0.34756423480537463,0.597231894245691,0.6825910590330637,0.5822146722545661,0.3858221635460485,0.6405265932722662,0.38813543128167444,0.4031151469934715,0.1627998732248898,0.21338600677335234,0.9065868335725775,0.5297660188068515,0.8803514679776903,0.6055954597427935,0.23952473384416012,0.6167369749451517,0.5286923849202184,0.6149948077332146,0.3296607312732955,0.5887378137614508,0.6977507108385613,0.2867373835081107,0.447513472226524,0.8377112715518843,0.5698936110196389,0.7670316029584952,0.6011011239577553,0.7247585010744625,0.7322885353476248,0.4430937359956317,0.3626643754065772,0.4820523764894222,0.42343838447165655,0.3832317334821744,0.5785435847584104,0.6751153193132768,0.33830470339196256,0.5045765734802853,0.5325769059224842,0.7073197275439017,0.4221092202624093,0.7378174581621044,0.4162368966230626,0.7604805613967107,0.3935336544463896,0.10592668709479315,0.8718460570883063,0.38723695585476625,0.8586906242473027,0.2038026991131346,0.8526669071292854,0.30041682439934686,0.47979109666581976,0.7770506757807744,0.5523186954139179,0.8084929676674477,0.41421510624619995,0.8120480606773958,0.3651567294022841,0.24424842986498502,0.628189744735572,0.3870934713306343,0.6240417071999358,0.4277363995818738,0.7605322831176533,0.6002566550914818,0.7503516824219589,0.548129552221355,0.3537387806729659,0.7480370942081526,0.3316066587687987,0.5895545660418041,0.7097030950896676,0.3479892057927298,0.6799942853123179,0.4660869438852949,0.6247332561207081,0.5998759582466929,0.3079121255770677,0.6107053171356948,0.6134581618159289,0.43620971157220184,0.41736689246959313,0.4982391827830793,0.35568292181065153,0.6807595203262738,0.8145260938410513,0.8236472179473864,0.4549302356786944,0.1843905410446499,0.7862951882158585,0.759820156117948,0.7363153350523743,0.8412083348540154,0.5622892555366498,0.647591376257889,0.3313653229549348,0.6900545397973963,0.45691906073191413,0.435693052202564,0.4366617272306137,0.2615411369903332,0.6655078840577048,0.7475484313133381,0.31574328035635946,0.6815314394418664,0.7391361820335949,0.8634741480827962,0.6571290731334712,0.45908847490825294,0.8088033496537578,0.7862838221795165,0.3163376358873063,0.8032968536469905,0.42684592309256064,0.6983157716069998,0.49098356253677666,0.7973233136130776,0.36920219580943237,0.6542601394227532,0.5937248939282521,0.6408338512692613,0.1519151047700827,0.7176598223812474,0.6901309216787341,0.7147074569363151,0.749314462720624,0.48601784777144386,0.2576861429199155,0.5156951151697023,0.903111936597695,0.9072487032560063,0.32594368403693974,0.46419395918087075,0.536321731161617,0.4629709241830309,0.6890655459873016,0.4069232090494561,0.428925655036327,0.349199696107896,0.792687492561666,0.9780192182692174,0.9607876152053875,0.8826803674584879,0.8567877745577981,0.7673059074926848,0.8036833832065208,0.49801239705917677,0.7912186868876909,0.4734088932252371,0.4052274178625456,0.4854247297624225,0.14007145267603724,0.5109658409409064,0.47131240313729067,0.41695670579330546,0.6913270012406001,0.6208766148691662,0.15153918832283744,0.8526101991066326,0.40295456047599704,0.7181143755138057,0.6648844270538703,0.5864135189868246,0.5797035820681389,0.9303560409303785,0.5050801584438002,0.586914286204247,0.9217169194966087,0.8115746714089768,0.8323617788120823,0.4465766610989093,0.7884602963192856,0.4733490572676705,0.3515697577040084,0.06954117404672189,0.6240755475923878,0.2401689440907726,0.6150820210815088,0.2922912560223682,0.6236521137753752,0.505367407200552,0.5452753596862293,0.6290816593580014,0.29863364937111314,0.1744582595263231,0.2319975030340607,0.31220017234119507,0.7231944465263075,0.6414073526923296,0.8809368279741293,0.4953250438863358,0.37247375296321966,0.8031304841933228,0.7611501336983428,0.7425266234872361,0.5881181039726043,0.33809370501946234,0.22897193497490018,0.2577721100762181,0.7789623822808477,0.7660747173594867,0.8347581733041635,0.8263530565495588,0.8329312955314844,0.8249706465493348,0.8421256206569813,0.45321319244154795,0.7798154684328513,0.02560197093959383,0.7337134783476439,0.8625155880109586,0.5331969658590701,0.17324664793193006,0.5259971055433679,0.5204630964521197,0.6612256618933724,0.6274570374715163,0.6961705204274504,0.8748468649138454,0.9067300391621975,0.33830130733851904,0.3043939756996297,0.4712707859220575,0.4614667755839306,0.30244894631033215,0.8401529985151556,0.8471885378774002,0.8945965893094516,0.8657043582473765,0.8679727622376435,0.8639337636961448,0.5943891328497086,0.8743982800408113,0.8173866867226666,0.5795604292173767,0.9033661958425532,0.8986768565803148,0.35370357766609994,0.30511803294042883,0.12304022163223209,0.6089660508501591,0.5726878044694953,0.71614474712005,0.15569451342074783,0.5449076152867517,0.6169150476014658,0.6094798469583098,0.4851237201286537,0.7505693931353765,0.8373778896902484,0.4008027646209107,0.3639879378884759,0.15253448150429877,0.7384780573690227,0.28464486330004457,0.21597071775370288,0.6564047696802264,0.517684838140908,0.5887068505916037,0.5079715194555202,0.8061724040227549,0.615312554612542,0.5299142709213126,0.3732165838596933,0.16474119164332288,0.6211348601909823,0.5649707155978392,0.5787920699835616,0.740334447077127,0.7001589190354325,0.8220639815602937,0.32790116864328,0.19136237573816134,0.07990863649752647,0.5073926465743941,0.7163357745793478,0.37730318817685093,0.802139786307487,0.610612994710159,0.5085246046477193,0.8749294230959173,0.8830052947322173,0.78727344688636,0.647782503347177,0.7864437946044934,0.8125076435396928,0.7847194929324681,0.4430307719923216,0.3118911218508172,0.21917504826837977,0.20716280535998274,0.34927007192770354,0.3524202067066299,0.7931951451973613,0.8185550969281973,0.15301406974542908,0.49175319515654237,0.7960484661935391,0.5252461709446147,0.46503484243128196,0.5142822811038619,0.48053384846505304,0.46858805251166535,0.4645476503074088,0.45010315547427376,0.5884164121580889,0.5855525061597304,0.7612329060055802,0.7992062467647983,0.42688420022821555,0.20568575898494584,0.7736015528507549,0.6149027979365613,0.9535234732787723,0.7159703580320366,0.22758899353914613,0.8780806140837194,0.5293994727889576,0.44569646961671056,0.8377475777486204,0.49146112044186724,0.5028550504559999,0.4934993060759765,0.583549811718333,0.49171556194347826,0.5692468447204363,0.525704967487153,0.48993443621498384,0.4829429110960845,0.49333566778245486,0.5647240128186243,0.5345296760883561,0.5496955064501013,0.6399481997281254,0.6396946216392219,0.6484076798310472,0.6324700871452016,0.7100991617837835,0.7764569745654838,0.8182520137121226,0.7638714951369614,0.7890154150102939,0.7497307545818708,0.7923497578341908,0.7844418513866445,0.3954178731613772,0.5889566441353762,0.8311970911974503,0.7601415628790196,0.6521952400762314,0.6900539617997835,0.8302128272729989,0.843855695696813,0.14150798367425277,0.8180272200723199,0.5900331232134274,0.6676924146846874,0.578752156763609,0.4587440445738774,0.8280085037020553,0.8867083175492401,0.4973722753201095,0.561817936545882,0.6795895178089912,0.8073318910484962,0.5224574176148635,0.4042697553364187,0.8302377048305708,0.5142968543730727,0.8026717435587628,0.8029198759041268
60,0.5881104319914958,0.42931493978641505,0.8252583126552606,0.7906469948040278,0.5256369396406679,0.8681520296513628,0.8235862944990429,0.3336805552812184,0.49314181294034565,0.31256795841790597,0.7207596379018231,0.5015905866013574,0.6807638748026367,0.6989224271527787,0.21350114134247822,0.8853114151360683,0.30528226781719675,0.8641745178931831,0.5052099442647602,0.304514908527059,0.8619315321388594,0.16497667805128485,0.25799843539497563,0.4052547989587706,0.3387553230395987,0.17127644551700094,0.4824376042881383,0.8938923009285016,0.8873840387925012,0.7727079440797151,0.2904579771636885,0.413965227623656,0.7020779646332848,0.2890351408268101,0.26264665118917807,0.30491141609045536,0.4439215416221586,0.24011889040552306,0.5102928400882936,0.30537869582510463,0.3274490235573627,0.39132897732239463,0.4959940240637188,0.44020329772031047,0.8564572502900913,0.95587873808884,0.768906640325617,0.3950169151598629,0.9605238742705698,0.6502737261924169,0.7599714311299631,0.9841914266029801,0.6084964949374566,0.38651240460670977,1.0,0.4022418940228738,0.8689191233168083,0.7928805057151186,0.1521744709442733,0.8580297352553138,0.4625524746834423,0.1724760532697868,0.24862784682732103,0.6185892779597324,0.27485568667595367,0.45303087956961363,0.5717619638890374,0.5013917794020494,0.21671207647684052,0.3158784969759362,0.42904041925492625,0.08406555128527084,0.3222761201348878,0.07549801062822345,0.20569651930007413,0.6346793691721986,0.21677218733894563,0.17788316101777288,0.49914441903749646,0.16906077677922213,0.574786160871583,0.33557800027487,0.6919965636577325,0.25166937315439486,0.3120444591106669,0.3911346546774336,0.31572008855490263,0.5625059084905213,0.884023642382883,0.7303876327623867,0.9037180021157323,0.8060652680040745,0.12382162490506864,0.5403383556082759,0.36622147386004356,0.4359837082185208,0.8988092094001467,0.4922578305318767,0.34910698892857067,0.40989523000292233,0.15311400347891538,0.46068631262414633,0.3877689401096075,0.9044095894063799,0.9085494533168648,0.9129490730944632,0.5634687355957375,0.8281276718800817,0.907903982353043,0.5116463103438285,0.2735381478198165,0.5847889627609391,0.37058066154452457,0.12266929371424654,0.39013251564633394,0.26839383767582087,0.41088017672094657,0.15342953188106767,0.7071645967956994,0.29069522421486177,0.27257263636431805,0.5048050587471964,0.7805002104489549,0.3278491527566317,0.5102291504831368,0.2713893726299011,0.7745305507336577,0.3951087472811876,0.8143223106612099,0.09712340823953389,0.45142104343963846,0.7880940653222489,0.6323777743625044,0.39887116145896107,0.6019573974592685,0.7538871814712507,0.2844798205989861,0.496780972209316,0.15573136996265619,0.7512595239520212,0.3458255303760115,0.9527117713037979,0.8782481917697095,0.4785955918983187,0.2464807871269664,0.7160837254069433,0.8478206866247711,0.6920822662830752,0.41821014408611973,0.3350099155773619,0.510570685753566,0.6827059335861332,0.5469457077092835,0.5543205438294826,0.7224802900067537,0.5376096686709589,0.5480485760481574,0.23121653942063278,1.0,0.7163471763477203,0.5999450137631569,0.2646970101977175,0.5682811757672294,0.7651235410323316,0.43499766725962247,0.6626547425187975,0.8198682742966936,0.5438539472624274,0.7102727976760578,0.7327830540938695,0.43412575978529677,0.39020799250803956,0.7149608925087124,0.71616833014217,0.6857967095625735,0.42094130036405497,1.0,0.49325371353850134,0.42992600947920856,0.756846622491058,0.4361955952691602,0.8790526317898676,0.869602431057237,0.8530242145897381,0.21923567356326393,0.3738173401383369,0.4798957370148173,0.6950744952747253,0.4938964651902652,0.5586332729844394,0.7758933415530417,0.16980807827837868,0.3887191041695066,0.11568817507052927,0.29514315241712863,0.48177937077210004,1.0,0.34205057308776143,0.7820024620181728,0.4318739250715009,0.6238705316649364,0.6222537357334468,0.6040298821949408,0.4458590775423964,0.3001130781114614,0.8611288900061972,0.46742475803649075,0.8396551424176091,0.879306248315197,0.5891150207820616,0.8043441794949842,0.6222600131778925,0.55800416186487,0.7103005311568162,0.30807639886617133,0.36756506386446053,0.1499588188224657,0.7659091301661859,0.4408337951821859,0.5268950603404327,0.5756509709260124,0.3752669490258775,0.37763176133571313,0.5576436973884193,0.5077505485069528,0.40703234115533515,0.5761787640057557,0.41246317607045613,0.8352999269034665,0.32863337801457493,0.2827615054635481,0.46166012314078103,0.19847817818236496,0.5382089270911516,0.20251931416452268,0.8708814953115658,0.21349570875716709,0.3381947716362849,0.760679240696286,0.8228101774015607,0.8598516370912952,0.37548760627214,0.8594509418082228,0.3608757394940153,0.28276702846326535,0.10459457694998217,0.2723581363238083,0.3412017310051885,0.3538193020700332,0.7859657154271386,0.793623538022885,0.2069264012151533,0.8584763460270878,0.4835385662460728,0.851759471140107,0.42829468376389007,0.786004795788006,0.5894840545892758,0.43884865069427886,0.5593964069037881,0.5023967405064534,0.4981434913849526,0.48104808612289873,0.2394378292704513,0.4752283634425254,0.6194522717522277,0.5719328707251711,0.3066388719158599,0.47649104584332497,0.2365095350326592,1.0,0.365505494460894,0.3935156472972567,0.34254555304875894,0.22928704578690579,0.7084197549459733,0.6778280199378762,0.7371795078201897,0.7772598158717018,0.4080589135059143,0.7640914016746005,0.47952980159653336,0.5616669288690392,1.0,0.41724489288107963,0.6677525605501327,0.5132001404051055,0.3565781579459669,0.7996424867581883,0.46065254654089977,0.6966941925893101,0.7646629058641029,0.8639723338487243,0.6266219406177722,0.4860384790327806,0.8579834767067548,0.8651293265259079,0.43814916460862835,0.8428531917386359,0.7749984453945571,0.3426351045945446,0.26662027181297543,0.7427450191481203,0.415089574222966,0.6156803725872638,0.2559885440873028,0.0,0.5505285450652432,0.7111119648222932,0.8205560565199642,0.2964079871725413,0.43990219285129223,0.39508640470617384,0.1601065198910437,0.3304532441623091,0.5489218259219005,0.5505469524100227,0.5202152762644674,0.43292480057685706,0.47490590854479053,0.42441340117452636,0.7903730711653173,0.36888420688086926,0.39286364712076316,0.3113670773262715,0.8327339943375591,0.8293052159526346,0.8166476673906966,0.6637328954790925,0.5458733586063393,0.7860297653846439,0.856523981787081,0.26426566102661003,0.7694987773011114,0.4276115632707738,0.6465504901601531,0.43516063331955757,0.6134676063188327,0.4490866774507761,0.2996340450989106,0.43235566454469654,0.7156363963792274,0.6770426952777377,0.2960965197858043,0.7567387617821831,0.46973645834832706,0.5163601290468726,0.4407803770252339,0.6003525478494687,0.5872881882574554,0.6380503232693321,0.5112834282899461,0.2535392564931703,0.8684153758256168,0.7993735453043452,0.8088499993779029,0.5268103625950152,0.8194989010634559,0.4808146480118961,0.5420362615782637,0.1674526571623296,0.3162419135222357,0.19140197128138625,0.3263134272294244,0.2479038489557785,0.25203692539595346,0.4886703434570851,0.573876231195961,0.11608357538157472,0.11593321278418177,0.7121945869567127,0.6753100179351076,0.4124522845648385,0.6378521967886921,0.3660076221330335,0.831130725086099,0.6659144291822973,0.4420811222795809,0.8550811354516688,0.7978313204365346,0.7213557443764349,0.6328751557305047,0.4072723845527689,0.21294669405259464,0.23678404727128535,0.7348203431356528,0.7287207275733338,0.7507842803444825,0.7491898205949533,0.5778350340426803,0.7405330233069203,0.759419869011568,0.40195673612838556,0.7780525637620386,0.19121325039747483,0.4659570129025475,0.8305165951336351,0.5264269688049258,0.11602585604342935,0.9027165917286034,0.9235426189266813,0.6368224407174916,0.5679183577591603,0.5590002062301699,0.5623883904439929,0.5544671421744213,0.25773054079945273,0.3877732884565423,1.0,1.0,0.42693984017709063,0.8318229096806093,0.8195666246348177,0.8321675477493425,0.8136519181064182,0.818453826268448,0.5994255469394325,0.9415256245497409,0.8275582292074731,0.869206576378221,0.9371760466425874,0.8610315109473561,0.8550434033644351,0.3361767156247279,0.3277168139255038,0.16869137547440516,0.9486594300461293,0.9718173191559706,0.7231452336093033,0.1530646561816906,0.7260205956345396,0.6316540866724486,0.9484646410016487,0.6840123179052445,0.4572474105267558,0.7815071276037429,0.27759021956235075,0.23552210130740184,0.08225852801969902,0.6445832118302554,0.2780499262263198,1.0,0.4341890028487549,0.8848477331377189,0.6334868165159215,0.48461315099366653,0.8646241220632442,0.5486617356451616,0.6898159982307466,0.38497896236142637,0.1375450240656414,0.4330719964914963,0.664033271741875,0.6628167356412621,0.6279986737389194,0.7661479261021256,0.8724991040518424,0.15564771569630811,0.184104597602572,0.18153533520670698,1.0,0.7880161667358664,0.47373884204026306,0.8011947099089846,0.6519868102316755,0.5494731171817724,0.465188247846773,0.5422661028409022,0.49656287969768437,0.13586257387399134,0.5172733916531672,0.8745185348248495,0.31017499122523134,0.296081430946691,0.12000718102338839,0.2154484802746126,0.21276603902895874,0.6455801311376639,0.6456629696593751,0.3950292603095899,0.4067760653286598,0.19148608630655248,0.43677616188533935,0.859965759724821,0.3944981263318149,0.6744984107568961,0.7003931050415911,0.5620970282020337,0.5365709273405295,0.6246394377795911,0.6480629729872555,0.43543798108362763,0.321336246680219,0.3166507874116516,0.6004475328741802,0.46403825046437946,0.21916741864412592,0.3742212623430394,0.7864243744982146,0.6705725455962718,0.8360808939435722,0.7645187836853778,0.8517673457912164,0.821045643785689,0.7309455467220911,0.8948332534993007,0.5898563081454677,0.6747329635173245,0.4438947856842778,0.5631648765109291,0.44156796799110665,0.6001570286819898,0.4722424303780678,0.44468117997190876,0.40872257168282966,0.4426655267303635,0.43953441014206257,0.5543068406686487,0.506631334797241,0.5639009401094833,0.5657553259874314,0.5755317271942143,0.5832215701829483,0.5711089287688542,0.5540747608042,0.8742050105503194,0.7234450686720274,0.7343203796404774,0.7530813967000693,0.8305848940395801,0.8729433207275487,0.13037496786069303,0.4767421995572261,0.8784172665799218,0.339870908222865,0.5244560309573744,0.3470303013437055,0.3141714303708553,0.8673575244081042,0.4160065476287555,0.8818078194928848,0.18699638377714453,0.6032851831465778,0.5413109983930657,0.4111221638754313,0.7459162076232526,0.8194135916897901,0.12421690973703893,0.4019640824502515,0.7341707335800159,0.8687074028756522,0.4657369076508813,0.08824459029460324,0.8811738239301953,0.05588423003690326,0.8601189117283405,0.8567506823736484
61,0.574985814310507,0.791096909997247,0.7990790293987663,0.7667805950982464,0.3753223538272803,0.9461148427080277,0.6128552929078372,0.9085929635866895,0.2584243352452536,0.38197833902061645,0.5670467226614837,0.3559935793644811,0.6880439080246787,0.6574912962962699,0.37537718381648066,0.871866209397962,0.24206880114089274,0.8467130757126382,0.39208566905814146,0.4589969873222988,0.7208296575763262,0.22220046381722391,0.03572134198511776,0.3281269649116037,0.353211869964369,0.3289684917232097,0.6351586404516438,0.956922855628603,0.9553327986524384,0.5692866229991193,0.3064036196502031,0.3230204240616918,0.47697649036562206,0.38548117332970344,0.5313518968602788,0.3459954212743638,0.4352503751639858,0.4017812728359587,0.5723093185189527,1.0,0.40260455356383545,0.2539938298652367,0.5781429812925036,0.5156695219705141,0.8392251174891607,0.500668171595708,0.7033035102248854,0.30580414857626276,0.49298605224688896,0.6745363351605659,0.6698072910114312,1.0,0.9019715172654299,0.2913482913904611,0.7384332367619805,0.32270971932589637,0.6726005898163552,0.5257423285094551,0.18086130930694552,0.64427180420214,0.33509712689319043,0.14974411277314986,0.43683703557519526,0.24260119138868375,0.27996869661806995,0.14985784020465376,0.5295265620162138,0.5692116533065947,0.46118677247707873,0.22219396510336173,0.3752231260175038,0.360605864926426,0.2096010295817334,0.14937325260654502,0.3024361251688516,0.6531854282010169,0.20049860644509523,0.24936477890730738,0.49196924240876466,0.2958787993625784,0.4221589648351644,0.44232568656861765,0.5502863472593722,0.27523514326649456,0.9554090307921836,0.27863221229540014,0.14913173099762406,0.5606296881403058,0.8693821411152024,0.6667396990402384,0.8643075826179965,0.15686649119807813,0.08578885201529961,0.8100144450196257,0.34943733857932613,0.2909730914304546,0.8818149748992283,0.43036409377189366,0.33911508165864473,0.33887885513390736,0.458711992799215,0.4777125868421291,0.2906038198528847,0.4366557992534387,0.516577220206288,0.5122926421032099,0.5558836440884387,0.7201536399634823,0.5010848722407426,0.7791090877386617,0.5842984443960553,0.7177780130798752,0.5113542405408925,0.387933659432953,0.3380506035244665,0.49510401942126964,0.3796595461436013,0.2907462159247497,0.8235204467011102,0.3526774350205731,0.1270173026177344,0.6981900086921392,0.8319016812958587,0.09642361656750051,0.6210904180101167,0.34046069110559835,0.7214053271252109,0.4867510100219408,0.5983087019268892,0.3784083885964537,0.3253306073203305,0.8295822509112627,0.41786996814151706,0.3932240528099694,0.5485785106597807,0.6230008520420488,0.3288785509096195,0.5368955435024618,0.48274781568443687,0.707098270954652,0.467740413319013,0.9476586045162052,0.884092823796203,0.3882305810127853,0.1864231105895231,0.6804658176096807,0.9650533346870485,0.7165492229117919,0.4900405046709211,0.26810721038241814,0.8223697280651244,0.7331628144652476,0.35474135928707395,0.3620620809558082,0.639613655637002,0.34296971533901854,0.35191495928295197,0.35397939619873403,0.4200282004784735,0.6377292883283068,0.6298147650453219,0.3257348123331557,0.5764902506163022,0.5655431188063285,0.5550421148625321,0.5675690103371129,0.8702911717420487,0.4138264141357705,0.8349804232394816,0.36523979350865615,0.4299717187672036,0.36969854483664893,0.37794057317928853,0.6977628426420148,0.23762744626074056,0.3690448166886547,0.7102111078420623,0.40739064270465675,0.3215554002631978,0.567659758784026,0.24092485912908476,0.8694780052913319,0.8448934831587497,0.8188790230504572,0.5273037740567902,0.18666357402806807,0.19844596746513454,0.4647899821718817,0.23338854474276666,0.7266198526871352,0.8344783225655975,0.2750052994095884,0.3534492322314062,0.22989655037012738,0.42433081310286347,0.1854495829472917,0.6672012627754388,0.5453117790486188,0.7221140757253168,0.2756910088959044,0.16742927954213993,0.6859633188242555,0.15485695228431617,0.532004441144731,0.24836616583330007,0.710792545785568,0.5456698729751848,0.669978943430847,0.8471265251724334,0.10666950740896439,0.7648557078954104,0.2728099822253526,0.17440094151563554,0.6656286472038562,0.5435819067034727,0.469841182235749,0.581474469144828,0.44812899667100103,0.4825168100536149,0.5541537416603808,0.5691549857340873,0.3319268744199361,0.3253743391552936,0.6003826042812014,0.5779184294497135,0.29752223246807086,0.4562193427224772,0.37778852959182707,0.8867546387841082,0.2684139976945334,0.409152956112968,0.29365159288191284,0.5059298711646363,0.20307177702838333,0.21330522786519063,0.8737059281552332,0.2632999060971633,0.44658852732511906,0.6124729643860807,0.5056392957262396,0.8489567824560571,0.29316254140005926,0.8114815636119179,0.37667142647291596,0.1720248651978066,0.05378519863690503,0.431940948917952,0.34511052758205796,0.27931487146077033,0.6236990136121752,0.4775956447922484,0.16259175937996248,0.6468109622688482,0.673146070151744,0.41480600689956476,0.3136921513967794,0.45077050644312716,0.22054196497476145,0.0,0.2116780889042858,0.21358759188753812,0.015964439678374735,0.0,0.22722923110726914,0.0,0.6471213407779673,0.07734679770063496,0.14480217209190216,1.0,0.2822114195348719,0.5717630342785909,0.061344597341578086,0.0,0.23785171472164915,0.12650077803370555,0.7128298199154728,0.7360438388515234,0.7688685182678059,0.7297530989275454,0.4495846645422096,0.6265383644652981,0.38796477333808327,0.3941804472177747,0.47570516897515364,0.2543421173099507,0.8392786856607337,0.769840356587517,0.035813769221950904,0.8347002633281309,0.43318341547029,0.6019946000546537,0.7592009713223562,0.8431338245747879,0.66259289512309,0.4807638618975853,0.8503109224971775,0.8320186692002275,0.3205537436179517,0.6760093586719551,0.41013558124398475,0.23647040413194026,0.4813329094075269,0.7530069685492199,0.583754138358746,0.5883984308837056,0.11347296266850027,0.31318893019919813,0.44110833313106745,0.7246795193757136,0.8704635897630542,0.12393081517469685,0.15180456478895704,0.34968914178921257,0.2904154095210124,0.4421672722817722,0.5032108941338851,0.49683796008736597,0.34797142574279055,0.3174927755994139,0.25858452235259377,0.31239519463680815,0.7885797247117741,0.25741992284171955,0.3161451012430429,0.13536922245735208,0.8416391331957189,0.7116465829506392,0.6771250284378589,0.5519516440622355,0.4631653318055355,0.7217212894416272,0.8476591205800292,0.45549160840985947,0.811348546325532,0.2946327609642555,0.561050824518022,0.30306083648509663,0.5279843938894611,0.3146475437866762,0.19339777888725357,0.1359416524299068,0.4347075149913676,0.37722062609684154,0.31104416992626627,0.8513385451734877,0.44155831734916295,0.5303676624678794,0.42959201435736366,0.22069091096816704,0.2575606812457185,0.4625347576764743,0.15999285550085296,0.28697092042835753,0.8203818448987663,0.5497537843015594,0.5776772025645929,0.5829638277831889,0.5715320908962457,0.558832988066921,0.5631375600370013,0.09645339229549921,0.5359078211618581,0.1899226616076927,0.5247733231939411,0.1954222907706387,0.5032017842937784,0.3777304506058741,0.48071290766905883,0.1406348788965042,0.2807213573947149,0.6581790484459419,0.6136056696515735,0.521427438471824,0.6463703547045967,0.5835197970755247,0.8350765645537228,0.5481626259634259,0.401371408510874,0.8528823844570834,0.8112866140563547,0.6424866944829881,0.5981484497442477,0.20905615749453327,0.2494006763692869,0.2416667578840771,0.7130551436353176,0.6970013458009404,0.7008288460830108,0.7041627274520029,0.47199543319078113,0.6795996744126255,0.7066366042597783,0.43247684442123485,0.4680597765759675,0.32137750678761434,0.23784017568758634,0.8082888348112098,0.6053040107528783,0.12767004981355148,0.5836442519881805,0.6051975112412463,0.5973812438983148,0.5557165379696963,0.5774113235017099,0.7941394200879027,0.7173680026029344,0.23695324375015464,0.1887341438585261,0.4788173221202035,0.2695052581653568,0.30591615585846194,0.7197862251285515,0.7360055570434999,0.7232275942494544,0.6999485257354173,0.7187370066768954,0.5153567895474108,0.48817145373117987,0.7517297860495522,0.8603325415638642,0.5106909950482644,0.796113932311668,0.7676017679127273,0.3902350836074472,0.3606579566099613,0.2500358061821879,0.47883765466645145,0.47614133423916305,0.5882081572528828,0.16331167562888493,0.2837657187728925,0.6448984884496386,0.637916768830525,0.5000167432816988,0.42313529704935343,0.7427000256783552,0.3651857473914918,0.31273682695436955,0.231091143274747,0.6864255031417841,0.28525230379191135,0.06452894578155753,0.4761349673006201,0.7884325053159055,0.5890403604584364,0.5727754792981796,0.8476924066544383,0.6264234410022667,0.531086358983462,0.4043640955262091,0.23518627112158724,0.574563419467704,0.6348793474350133,0.5765425202146579,0.715071589375703,0.7425535888612544,0.8567040884634993,0.20908911870220792,0.3841639533306035,0.15568419806647701,0.6091819231346076,0.716913154994661,0.33395544206141947,0.8225188460230448,0.44969940830561256,0.5550862510495983,0.7180034232989544,0.6696124868734266,0.634383591418031,0.4077305946377789,0.7764822429954894,0.8677791163971987,0.6817137524522946,0.2565555194588392,0.19743560722010403,0.018835456252551973,0.011040954926332605,0.1954917696749268,0.233018149757629,0.46204828527640107,0.5734912409525291,0.14934887596774776,0.22217190279333576,0.8339200474717805,0.2679030873932977,0.2598390193135327,0.3044086779370989,0.38700392027494823,0.39775450003484797,0.5097511721230091,0.4909417986826743,0.5734009358978233,0.5872646712435141,0.6729958302562474,0.5071661436990225,0.6958252091840106,0.03184996818462784,0.5024181069245702,0.6870698776141924,0.9321797265712796,0.7578387468705182,0.6310269938954779,0.19945212598275572,0.5977369220829499,0.5719593849804668,0.8782154410317294,0.21747887294954146,0.24928641429063755,0.34549138501374776,0.5031943379840705,0.35265247506518854,0.47770725546838927,0.3711177398823335,0.3555723890473588,0.33989474824404975,0.29355261053451864,0.32151105294570204,0.3475956133566601,0.4251006255925444,0.348951459322614,0.3453472432714064,0.3644419568520966,0.36793763399288243,0.2420630229491615,0.4551550822290755,0.8571427109765785,0.46559100255577957,0.42675844026754245,0.4675014840725291,0.8210456259504484,0.805954222999888,0.18179182879289363,0.40928102173722253,0.86742371575049,0.0,0.249913280256135,0.1961587701790277,0.3633526704393116,0.827348290277353,0.42623556424082343,0.8657269772116019,0.2369234654813828,0.5317773399449015,0.4287182322670507,0.5003644255896477,0.6206557241985289,0.7393018941357011,0.47076471707135453,0.36904781506192624,0.5297591423139436,0.8639763757296888,0.5647345937958428,0.12400258129963952,0.8721893195602808,0.43527226817545783,0.8497026941545661,0.8599499577457691
62,0.7387778042676448,0.4231658270589538,0.9700486880403028,0.9297951990182067,0.8833183835230644,0.7778879207544369,0.8009539767943425,0.343196398522083,0.42733933417732495,0.3858544804699863,0.5803687445508713,0.4599799021136192,0.6701156587243808,0.7569141148473904,0.3151711417159275,0.9792838820332076,0.554252327576266,0.9897350431370232,0.6910805324106045,0.2983036448425399,0.8334660880650502,0.441242963904349,0.18217367281791524,0.18056939710621464,1.0,0.4988890417534829,0.6445283720264152,0.7819610962732289,0.7660518194875239,0.7435578673014148,0.5277949714965988,0.2817655126467572,0.6906850796181239,0.4349225137993704,0.4099906751773556,0.2345925410565085,0.2168062990076612,0.3410281908066399,0.42395689448630053,0.14741735551508495,0.5486293078403991,0.46347048474374103,0.6412922211993355,0.571652344582816,0.9570727633529522,0.7684495166089218,0.705815169005036,0.22152064016913708,0.7594861592628463,0.5122695549164982,0.669616951649604,0.6353355716418232,0.6119706277496735,0.2519610740790797,0.6286032181843385,0.21355907411824784,0.3909482949739059,0.537530760048286,0.30205518336276704,0.34540472121850224,0.6131316473389247,0.19525833188208414,0.544920612422191,0.40055850411045785,0.37413916251584756,0.22266204860397207,0.5314620077047296,0.5071808622195766,0.7214862093821741,0.5436067712476425,0.6998301606553465,0.6211626267472835,0.24842270824008014,0.20915890053969688,0.5508726945133048,0.8191880232586135,0.0966742811955541,0.5922658343774929,0.7255486949290629,0.31719085847755124,0.4029560658466364,0.4042387390434572,0.5673624935014983,0.2589405518171381,0.3304682664672864,0.991700998670554,0.9710191007687901,0.7265101236747988,0.9789904505223984,0.6573553452982653,0.9795029796913416,0.4376874578107894,0.3783779839831734,0.5074486288187976,0.3352444685583388,0.5310383866829438,0.5968760809421215,0.3890591347971816,0.2512510085360916,0.30615219631048496,0.3211671820945003,0.37159736809949273,0.5277685635236892,0.5107772197863235,0.42173247991052293,0.4224884522224383,0.5476527024025735,0.447264568771175,0.38686126835138435,0.4769098983295241,0.8503373069815413,0.5477635088719176,0.2861380356887431,0.6861615007273959,0.6153456963113164,0.5567598427768922,0.624520947307967,0.5544109686263,0.6702836747239914,0.3739191299779038,0.17371573199993914,0.6633690450563726,0.7435369536134084,0.5678750740830529,0.45255492899944966,0.49992715584936503,0.7410394261099977,0.2559488904835012,0.600168236969726,0.6406184629170192,0.47535422541789296,0.572084473624455,0.48574752981653213,0.34739545698657387,0.7173367834405574,0.6853446731238203,0.7879709647981061,0.5244656032303788,0.6090224628468635,0.5841457952331613,0.3562493791807733,0.9233522373253357,0.7955338224203111,0.648816419159352,0.49924755015913747,0.8309255552023279,0.5368012848626318,0.8546816954232669,0.32108267124167406,0.5902896153771523,0.2986253965525174,0.8017327697543343,0.4409071648060429,0.44771407201194924,0.6518612117468782,0.4283234868971225,0.3779766674300588,0.48241973327345766,0.7129580129704838,0.6440730108309652,0.8028672151125886,0.811363659508396,0.7551699769394193,0.5971863846855535,0.706460221045562,0.4502749849203962,0.9854082907143006,0.48944241206940226,0.7480874351780549,0.6796560509146186,0.5034949950140211,0.5642224308844082,0.6621598321642667,0.719388810593834,0.579579299582202,0.6497630068032099,0.48005080026726993,0.6622071671281519,0.6290356928901403,0.3344183964694826,0.3954284821363823,0.9824698138760024,0.9762902438338275,0.9613902004117479,0.5043079087470171,0.7411817264369015,0.4998942452535509,0.20932133292912003,0.5160641987961385,0.3562278272121871,0.7015473009769895,0.35845303917123766,0.4103292836438775,0.15262446325672238,0.2795304987389396,0.4236035369327011,0.7431183966770333,0.2624866931888022,0.8699211909383586,0.42826784035206367,0.41255765200903166,0.5209397409430148,0.3826506422681291,0.3142133804718558,0.23576306358757632,0.4491037781823484,0.19968268288735083,0.4041165901359837,0.8811219792505655,0.4597944249443114,0.8581324101345524,0.484495003199532,0.2047530723704074,0.6911042432656117,0.4487389884852952,0.34104891417949557,0.3049997255633032,0.4734066920085638,0.3788407586626648,0.5590972875641073,0.4241997654976622,0.27854043479662965,0.5160467582949503,0.4077805587826962,0.5358413319975366,0.22359444873700163,0.5557171176830586,0.2134415282436788,0.9515780325429845,0.10983339687087086,0.11046205998882361,0.6503452402723852,0.3921360385807835,0.6393791985790483,0.34349978556077365,1.0,0.36453565183676284,0.10582591657304354,0.6974069412199885,0.5226929850065622,0.9808708866884737,0.27241121486895625,0.9430650940807198,0.2917129400589013,0.046994093344751985,0.578533658015455,0.4162754234898426,0.5662490882634212,0.18978731793871792,0.6635238052332284,0.48497643830510334,0.25514012932209246,0.6671420914512877,0.6768612286477315,0.19072982926041096,0.10422428081636852,0.4721725848030734,0.6380328160010836,0.4998682235142112,0.6020533397079385,0.33085633266790465,0.5516634335178605,0.532371312162545,0.11850161386723472,0.5398644511187408,0.7335929029597985,1.0,0.9101457783861411,0.5370087310237089,0.47372670443811365,0.5855167025708844,0.7106316005456131,0.6914085373268274,0.5795173208303007,0.3355086407541302,0.5857256286381514,0.583647357565799,0.8373222051349777,0.794194129310169,0.34784885903605467,0.8019207716556017,0.6712944019632698,0.5184732439959641,0.47169961717373265,1.0,0.282655365551064,0.24640011095303338,0.5603985867612341,0.6281763181862263,0.48250885795012316,0.8581734204521924,0.905723251155859,0.9351218431289862,0.5866820288789186,0.5381784795259077,0.983662163791952,0.9899710754638997,0.4644151468641595,0.6918433518695484,0.4205198182052318,0.3537677183953903,0.8640517760287642,0.808917823639954,0.44035025669982164,0.4800197111364017,0.07510955156406982,0.10854804402358714,0.2895366746986795,0.7433904063626399,0.6122871384610512,0.31416823221276896,0.485821829873008,0.4131393480934589,0.21509643385438632,0.5207187436773404,0.4639483356026807,0.4509586709226909,0.2545551927424609,0.273613617597722,0.47263247962975014,0.2850200475513894,0.6301408785318077,0.32863669304063126,0.5241871114130814,0.3605218538620515,1.0,0.5043095357160158,0.4724343989546279,0.7463428862443668,0.6383148526903016,0.8734952624749861,0.9829225983515698,0.8072390805455751,0.9595507605274709,0.25575116703326917,0.25073095739244977,0.2562718567818897,0.2394751591010597,0.27191174929535755,0.6378829338550286,0.3322755988215199,0.35870342244118786,0.6257146899867669,0.19228663700653756,0.787527364962815,0.46251444063331787,0.34031491432636535,0.17841215230491267,0.31317021767870684,0.319319372362084,0.4398132167926925,0.34683522654597954,0.49877731291443816,0.6253160422219654,0.5020554678745778,0.5233885451470551,0.4539456347180719,0.5417979870872786,0.4472838602573153,0.46214570627087576,0.38797817159522685,0.474229431680386,0.11351028863745766,0.47305208577308305,0.15502178495608607,0.3582885363160479,0.28972301208526263,0.2791456546968077,0.5324091620349146,1.0,0.2380959962712542,0.19560648734280436,0.3736749678749952,0.1741214417265656,0.4642651537575324,0.8838617550644016,0.6418157845228183,0.34008702779889805,0.9783555248574185,0.9285676048131754,0.7407422932523062,0.6733105294561611,0.4292121409073967,0.19138507189931375,0.1929894089315041,0.44680590515408786,0.43518698530542405,0.558560395573117,0.532264690860285,0.5413352180552061,0.5447007959938048,0.5581935838539629,0.3444971755495586,0.6501954970909518,0.7988007328466897,0.6742740733571515,0.8993917107669595,0.7123277844910122,0.14371345653259981,0.5954878902329027,0.6191657617941215,0.5133919496916468,0.46391560515014213,0.44490868532272654,0.4702317110959327,0.4027410631659901,0.2791217119653946,0.2152682655653348,0.5492797107105275,0.35750313865504824,0.6188062563405973,0.5833570482312984,0.5832601180977155,0.6371058217088524,0.6139678271719443,0.5892422008249025,0.42939467443640006,0.6960148055337717,0.5311630320413383,0.9794056360707788,0.7056087244258181,0.5307442689152713,0.6133828693392035,0.39095373713652753,0.3868549206603058,0.37917906488075753,0.695019065018525,0.7120777952134586,0.6613189840429115,0.17851585780769383,0.3948696781467377,0.6998514668598378,0.6078867188817125,0.467804274585757,0.47152702097343224,0.5530797291662253,0.375022283056331,0.24554390717943242,0.4579647963248034,0.5292041834505266,0.3622603723901982,0.15161136803806893,0.4965603017533331,0.8080564589209283,0.44664871282463875,0.8956791718563639,0.9757305722646823,0.40402141514572515,0.49702299870977334,0.5376296147797394,0.2534263481494305,0.21334410968235018,0.6464361521261688,0.5878391847729569,0.6727559573501002,0.7940298906108741,0.9729282093506952,0.21368131699186843,0.6086966455114187,0.08932956947996279,0.6993268751431952,0.45964024886022103,0.42590028534292396,0.9866711870598383,0.3461655772040582,0.11606369206290766,0.4419328055625381,0.4862156403674731,0.5855978066608736,0.37251329067345174,0.6507408438121023,0.9744123162684033,0.4121392853679051,0.521339574510325,0.37615753228963017,0.49429022477779433,0.4794776197313913,0.4700526990577454,0.46789813342153824,0.4003477430657986,0.4516977981656244,0.05700179210125371,0.5169677480289012,0.9732671121970357,0.5394410155229932,0.5726294482984793,0.6180079216542278,0.5825404840070819,0.5738474044108439,0.5728637750115302,0.5731696061221654,0.5373386372414815,0.5093338088842351,0.6282790771316957,0.3109312887135146,0.675690960685641,0.4260352257126004,0.32428540016622165,0.7194362777153807,0.6493316385182415,0.6125008546934098,0.37184205661339553,0.846662396410073,0.5684226928713214,0.6116675956332872,0.9968505688026706,0.6098499901676259,0.6123608385394845,0.16694847124976717,0.7020296443654881,0.1762362678869513,0.8525304648213662,0.17606819738360235,0.18603618118251,0.18569013346929025,0.3347556000730941,0.2277634149920153,0.45118612286379384,0.21065513259332042,0.29898483082714183,0.3015421178932849,0.3041305476957197,0.3611431708687829,0.23646764548978977,0.17499415775222413,0.9744623889749637,0.39919754205514424,0.388725738385529,0.41967891697711707,0.9679063571468851,0.9577206063231879,0.36948201264342373,1.0,0.9919652086828642,0.772121766370996,0.842851426174415,0.471903283557106,0.6104785826265148,0.9584976555709392,0.734765991452184,0.9959440250272326,0.9170616236199749,0.38781585026783344,0.9525666198909569,0.7193296698178587,0.40295063353427757,0.6144615336299731,0.9253770105710645,0.5760192937914405,0.4125123803817027,0.9623338164423928,0.9549241225213414,0.904960306037578,0.9826558966946609,0.8405936034539976,0.9373875179756271,0.9736007236974085
63,1.0,0.15729237637336632,0.8379091803803655,0.8044051118180771,0.933615945179422,0.8104469082881574,0.790614619469914,0.8876575724921428,0.7208884625706323,1.0,0.46878251835165646,0.16360845801188564,0.4999445141899628,0.7916039839805075,0.23531714861766864,0.906408842930387,0.5656614876495386,0.9078158971896919,0.9872810863401223,0.5082670925536402,0.7443334019427119,0.8700592909422737,0.18677485697886825,0.4445547977737094,0.9707319040159944,0.5040466357548258,0.5218756644696596,0.8154905819596961,0.8149888284935556,0.7106793715605372,0.3211321074340506,0.311372012330779,0.6376804678985397,0.2992793578700579,0.763102934141722,0.2738238910922069,0.4421205225982957,0.16737590006075678,0.42609686788665807,0.5736501307649566,0.1988303846999372,0.9390662346621156,0.7951068066212279,0.7631569744243073,0.866693488890994,0.6066929779907784,0.8050956463825334,0.2101882666822872,0.6028915811287551,0.44278158726898564,0.789406445120212,0.5435114609421418,0.5184378849612159,0.30093688986906697,0.5248639615774695,0.36875783040701027,0.17337818870042,0.44153670261834427,0.21766413875403268,0.1619743040117808,1.0,0.07506101115159465,0.4224173725493451,0.13121606134857497,0.2805859604287837,1.0,0.5248714698654899,0.47478443718939883,0.7406678067559288,1.0,0.8155367343219682,0.9971361156326813,0.17564156189480318,0.20215298294460246,0.9985893888162828,0.9767692824769476,0.18468160505223732,0.7646126744392048,0.9384329327876516,0.276721791856938,0.4014911882502206,1.0,0.47846461619755815,0.029619543727865953,0.9454932441388482,0.9658375767284272,0.9149647466775783,0.8537778878867321,0.907241412875673,0.19063028599789325,0.9040491279323195,0.4334241986793125,1.0,0.3810040686005521,0.9507144663871248,0.9694697813097758,0.08840051152251946,1.0,0.4988000249084187,1.0,0.722239216631255,0.9871823256210339,0.9028074242670237,0.15907959878786895,0.09637453100600635,0.0954636302690844,0.46729384898110193,0.467551606850798,0.1808208880919446,0.3592792929319077,0.7396951958484425,0.4392667069627522,0.8359579217055534,0.41526743558154033,0.5252593025893817,0.7305634809668934,0.5245188635447788,1.0,0.5018374262197871,1.0,0.3969498330067414,0.45223100623052204,0.9350344618535539,0.5269476263724254,0.8502114103293673,0.4613000055701121,0.4772899244772883,0.17844311326632553,0.47920252536609537,0.9959073876844303,0.7749000307512904,0.5993556247316097,0.59623886161278,1.0,0.7815623188570284,0.6611571967183155,0.7821504363077543,0.6754958128128963,0.5672144098998111,0.45238838160888145,0.5629127652554919,0.8980878022951944,0.46622652719928925,0.5652667429471544,0.39737132119690466,0.9388681896224602,0.6678470787728433,0.9360163979801905,0.9878148037355076,0.4907545138115865,0.7979725244717912,0.9574187091106134,0.715552682384915,0.707034115504964,0.2952688865213998,0.7064009315051023,0.7013414965668517,0.24744524829753417,0.4402770219255871,0.8798776723598284,1.0,0.8085535452053305,1.0,0.5064345078616463,1.0,0.09150336537447612,0.6051154556174891,0.46587233639924036,0.6600039228968166,1.0,1.0,0.46101774339940715,1.0,0.7129318618445504,1.0,1.0,0.4320654281786193,0.5504428994899765,0.4921564677163009,0.06391070357068152,0.6197313042314881,0.9042191367988192,0.9010371988990438,0.8740621508930777,1.0,0.7631168136283921,1.0,0.0,1.0,0.12137832922382408,0.6035226267714388,0.47800866166140177,0.48821778172784097,0.2404429817233408,0.20161442335821542,0.8399057834263601,0.39078398971859835,0.7791350283649788,0.6967650769367225,0.3741961877388398,0.8676557408285486,0.48021239685762346,0.8671592931666118,0.2609756927348209,0.5858328917956921,0.1715857723816514,0.09670102201672885,0.16076297080483384,0.8273629519506974,0.5356985889055631,0.781623736922983,0.5967020373294539,0.3218531265187265,0.3646624591033262,0.9770586183907143,0.9700992744989605,1.0,0.3564393032268225,0.3858340335727594,0.5351073623471079,0.4101034886100496,0.0,0.2310359135831249,0.41981145917842555,0.8409388708158742,0.28584736931397997,0.7244877084884255,0.28512369040707886,0.8346419078575311,0.17961356347684979,0.08566132013744471,0.8460455531566634,0.9539125229569906,0.8297306805532949,0.30343530023199133,0.8664740798957625,0.2804785050236332,0.03952206585157286,0.7742191883395904,0.41254904030117606,0.8928716228595158,0.36095772309197716,0.8630592357433438,0.34160814604928813,0.10733347011450217,0.7563398086392051,0.3411398820793647,0.7569767090542433,0.4248170478989099,0.895999950051982,0.36790751079982514,0.20019879621692385,0.16320349898204725,0.3110551312839996,0.19650217532573028,0.11364200677245341,0.36086633943416235,0.6167827390807389,0.5148394240991396,0.5827275894481121,0.3232932960681057,0.5706009002956418,0.5547820167815228,0.114630045319265,0.5590935010660598,0.7020087804254466,0.9912512424577934,0.49628251386166883,0.4934294096265129,0.46018378789069203,0.16324633936972124,0.7789356381235704,0.7627073221568762,0.4591759588927911,0.25061075335910976,0.42763613347280266,0.5239937575997836,0.8513968173350415,0.7923756576225464,0.0,0.679129807658307,0.636694963493668,0.5982035074034969,0.2785861704990753,0.9711304292098083,0.3451271908714121,0.3402396997463756,0.8771992510159938,0.7725313422417205,0.5811708519721123,0.8350952454525914,0.8163389982647562,0.9430210169919169,0.6284414383903463,0.48282336287796246,0.8974211931799302,0.9059091577688793,0.8288179227267026,0.6675711269908114,0.2860548796866542,0.6879367327001098,0.7174429935847703,0.7588299727980191,0.5611856850260971,0.061664748220692726,0.15125492323304918,0.16104654916713282,0.3085042596298871,0.7015343364806568,0.5371749843951871,0.07495173760056117,0.48035075626263984,0.4859052630130402,0.27932696032394233,0.6025892429949101,0.40775218808231256,0.41844624932879,0.32105650923886875,0.3483897260116443,0.328615097734974,0.34500888584943745,0.5219329487368596,0.4409766918119176,0.641068911054858,0.33407369246841934,0.8368100272300748,0.38798940092433115,0.3580209398809003,0.5631175332852449,0.42059080525425846,0.8606397547250052,0.8967652249299908,0.7914493746553004,0.8913613480093733,0.3205219913112767,0.2971497335167294,0.32997763537729435,0.25924547070786014,0.3307850632073923,0.6581249259014683,0.16209770814827767,0.7901247971324641,0.41649621934615144,0.11710584159404132,0.6796116546304027,0.35060136832271804,0.43721081753967833,0.33399555928582797,0.15506984779048943,0.18290841070996397,0.4982432489671992,0.12605221848549777,0.4121584648443223,0.5679132398123655,0.4195413311253773,0.4714306418510153,0.33505965820949585,0.5061830319747928,0.24787624929571633,0.3124257757674283,0.3650068689795743,0.4805680539767248,0.1310081940877614,0.4800040379841178,0.16299187848646124,0.3556736141391948,0.305101041504635,0.1610814692358187,0.27081125877219714,0.9489428571043613,0.26818547604082227,0.21008849472379676,0.27244834569360477,0.20029015563477323,0.4175269720081728,0.863918010664578,0.4108784681830906,0.3247048442359279,0.8955292760447611,0.8613682256177773,0.6680639127918938,0.6401566747922551,0.3653817093941294,0.22020409183860745,0.2263862320364661,0.1295990356098912,0.11428014691517609,0.22265278706125446,0.24599514348534174,0.9079642875304395,0.21335286523011143,0.25875739877117426,0.36108241478630937,0.455069240984134,0.6726810001076085,0.7628702746921406,0.8062912602025605,0.6547328248292953,0.16212418388635821,0.33223257298629905,0.315304477945734,0.3159549276260465,0.2828925292425627,0.12764040317873385,0.1578915826328016,0.31119086913209953,0.25021838416901543,0.2879829624026785,0.5326155186042031,0.3648877922503544,0.447715771159129,0.2555511491319503,0.31132665523166375,0.33800509603519424,0.3410036636294213,0.16268979457841617,0.04021271908924863,0.45623034445194416,0.05500470242115099,0.9031093092217777,0.380214098017093,0.20759217996453097,0.23411462626204635,0.41926277933449596,0.4194215794734179,0.42343767839990615,0.43162910623171363,0.4408141036039195,0.49650404939673903,0.15731496379804177,0.033093029431776486,0.6221654727416353,0.12014222706018748,0.28732290083657386,0.4428992575761021,0.18204770973313342,0.33208835951119625,0.2030690303000002,0.4728337489802289,0.47724102052955286,0.4376445888791645,0.20365216874478295,0.5557521020238062,0.7144375765098662,0.5910935734772688,0.9420315497589462,0.901851990586803,0.606413795284367,0.684706491941118,0.6004118703150665,0.2164236712497869,0.21132729901388275,0.6187116340762694,0.5874333809178459,0.7496362124628005,0.7588541324421194,0.9069780647414418,0.17478338291403114,0.6077149238928176,0.12406490882406696,0.9274677739858995,0.7128703549645085,0.3802282871659044,0.9180118600788396,0.5406825854301718,0.05337673569448396,0.4735466893240085,0.4857835013778787,0.5563158215956152,0.3757413472632087,0.5692624303177781,0.9126413231479785,0.4460389460269088,0.8150334051061635,0.7779255447462414,0.7038847679458117,0.7068137412202898,0.469140124261234,0.4592507677622098,0.5178511307254191,0.5816549325337158,0.11985491131233827,0.6832474547047709,0.9106819115409105,0.6642558832996598,0.7047592199400391,0.7166730327968778,0.6917775502013201,0.7033740452099427,0.6610156213978342,0.6718133679326248,0.8643024572529637,0.8457135667891538,0.6624465674682508,0.3224850261367809,0.686585895505611,0.5674253088833362,0.33993435088421914,0.40518935019414004,0.3460616363968848,0.7118024393109366,0.5617490969233163,0.5834262977223548,0.4457220060820426,0.29945535681395413,0.9093904886288238,0.5884840616665817,0.6121799293243158,0.2287805402524607,0.6071161200006463,0.25521882513070315,0.6113326983093094,0.23880111096367793,0.2507615776900183,0.24638407873933943,0.2901663081846292,0.2427192165637947,0.42101489796251484,0.2928495160832997,0.25739302683771037,0.26522623640812626,0.26442613844049107,0.20647249633073447,0.4005403219235345,0.22472508401760546,0.8981714935272065,0.4416725375766645,0.43074452517336503,0.451003701150157,0.8892984883583877,0.8626521851608033,0.42755952198106334,0.15864681452255028,0.9064176673316904,0.7732713878807232,0.8008869273624678,0.3926331922703036,0.5241576146093916,0.9039050266158235,0.6803811619188855,0.8953393778618624,0.6213147657565603,0.2878131472341298,0.8317353958665202,0.6134122819706789,0.22946214225650707,0.2708260766252001,0.6625825891592357,0.6543609210410619,0.22085926030635103,0.890434949053686,0.7050213976966178,0.6231000569978341,0.925041621551069,0.6123676943092138,0.8852107441587836,0.9011102006405302
64,0.4496573844754464,0.817997725622008,0.6466798782297777,0.6453490245858502,0.5016484463224858,0.8468962139163378,0.8267452822822002,0.2724665794313208,0.24338053482678407,0.2429050833858761,0.693019153088937,0.5190333682021467,0.6046811489129638,0.7207356836978337,0.23126162651057758,0.7460655284104764,0.7502684472818751,0.7128142891057951,0.23599281536152436,0.46707387642188347,0.604989888766346,0.4225602317571639,0.11120262326417457,0.5762658142346958,0.7953089033275855,0.45277982087761554,0.7349955074992846,0.8585627859334215,0.8557673325209281,0.8024572294190891,0.4165873451163107,0.5156843451941778,0.7346370576340092,0.4151048518470977,0.48030952157564377,0.5521109509486742,0.3936191642550034,0.5503483763953996,0.9344535829868907,0.20193094573511405,0.5851640912518171,0.13369050891320067,1.0,1.0,0.7089470219240179,0.5479817621713858,0.756023966544444,0.5563600481906481,0.5563666510337574,0.45292896294439533,0.7332916724118435,0.581836092682303,0.7683370524123487,0.46849685653134066,0.5314703205540183,0.4336942018204114,0.6133643157640452,0.5146513898458918,0.3361519257858043,0.5904711037085983,0.48780328864086003,0.2389150211596242,0.29106551969105104,0.20881876403518929,0.2154889051284533,0.44939712154127043,0.6073817916767451,0.62837195726892,0.7835144134276619,0.31540138751044366,0.534256162722857,1.0,0.3854473609950717,0.16565803896832326,1.0,0.8228737569712724,0.37905098732047265,0.21067255977871294,0.7381968931558407,0.35411625826895227,0.6245837490755122,0.29073602728648473,0.6604565353721347,0.2083295953771321,0.28127644048525263,0.946723594043653,0.893044869781878,0.4781094936424877,0.7421485207495299,0.6579595621121683,0.7489886609208591,0.3290217117682085,0.14807722833710196,0.2137922031912573,1.0,0.6399033616206922,0.6648969254140324,0.46349107991566707,0.3517736335967163,0.38334510723841236,0.41282564483918427,1.0,0.37962047171956637,0.05551059324946665,0.6255764729022703,0.6072195792126764,0.6336196812090399,0.15251529911691075,0.6179514508191138,0.15346576984983185,0.6070321162357304,0.4730645452572082,0.3124255248388808,0.40122510530803684,0.5881394074489312,0.6122095061829357,0.602755009588763,0.9965598580077262,0.699272126905023,0.2730734552439768,0.2915630185251278,0.3303464574452019,0.6591843466131259,0.19701302784477398,0.2884482257224148,0.10280301350736847,0.7664383189184806,0.5958905538847998,0.7020671991718326,1.0,0.5029359113228767,0.5558032047277064,0.593587134985693,0.9935620841159414,0.4725744342368512,0.7207874356149602,0.8647668170068004,0.6532913667215752,0.3705093138032806,0.6060252756018063,0.5227984914204857,0.9285718261902196,0.8462047559792409,0.6269351766939141,0.48898027165528374,0.5709481791666268,0.8020358725460414,0.5733228217941938,0.979777680506397,0.5530413308313032,0.5158869600386302,0.5777556720801725,0.42128944033176013,0.4286175041988824,0.6775274064068061,0.41078976398584505,0.3869236132086778,0.3781378248640867,0.5591081949963458,0.5564867845954917,0.5037706445130357,0.8832992120480792,0.42916095069485694,0.5712881589700143,0.48721326525863323,0.33181049210412544,0.8173750944747805,0.34811698386260864,0.7797636660271954,0.2951596453910424,0.26656837550720197,0.5393096180967915,0.28461576850793674,0.6635438717411036,0.0355633233861975,0.23578065181329047,0.4935466177939792,0.6516127360684074,0.5790788005543042,0.5988354946626065,0.3089113220814907,0.7333760717084066,0.7212486843358872,0.7282332404356552,0.6077468332831765,0.8625169436992166,0.42162980848679876,0.4322060229124718,0.44507740047181005,0.3873958963647659,0.6608869652088933,0.46992946352607845,0.45702512103374304,0.2774600124788013,0.3469331715532173,0.3137969819915446,0.4876245406009367,0.5380790873309741,0.6541518769936928,0.3175566085108439,0.5203566154842121,0.7491424236467039,0.5087212845651469,0.6325519685841741,0.3196722401729406,0.6375118637405367,0.28837206856567044,0.595588890734992,0.8236158384420385,0.40444024432612796,0.6474135384220258,0.46171880964864037,0.7474784427673153,0.7678822580594337,0.37351800013094644,0.33243413735866123,0.15450783231680845,0.49406139005449123,0.3576581161150758,0.5540034489309,0.6883840055003602,0.3280684468803484,0.7524055960199645,0.4186331703542701,0.06499484322037385,0.4984385189875115,0.4529084192435284,0.5370641289271133,0.6273012689940104,0.3580576304294001,0.5592110190218185,0.7273146529739297,0.3209776181908085,0.7062921775674865,0.3510542293020458,0.7997094378408452,0.34650576486607676,0.4867210517283997,0.6804901604082882,0.42174574167040246,0.7124682371045573,0.5189961009342472,0.7166886719830424,0.4255583293117287,0.2519264936944166,0.39647756766853026,0.3550490117347257,0.3798802528300595,0.1393333198419228,0.7332362568504471,0.4149281413356621,0.21317040307646398,0.547478247465049,0.4143105811234203,0.5663474124801361,0.00710751198545314,0.3878128207260589,0.5101473552809309,0.40416864124481783,0.47273095815978367,0.33057840079532796,0.5167877940403935,0.5060184935924041,0.2848618345815965,0.5371901133070714,0.6488002304520589,0.9006004014268602,0.356327842875959,0.3630003264942009,0.39629370036875095,0.4341241474447692,0.5205194469233388,0.48035737684418417,0.16629277354613017,0.22937144702720746,0.776419021171356,0.7408373004427383,0.406599449997248,0.6728908992131047,0.1503752006539164,0.5462801606817146,0.41732346052509034,0.2285249128666168,0.3807797508473315,0.9652192063003021,0.26465377654701605,0.48956174892633264,0.516993141801311,0.6691782482194688,0.4406515850863742,0.8126658717361748,0.679439049524394,0.9185150949964977,0.644385246114175,0.4704468549149473,0.7146909303839533,0.6879928719031154,0.7103993989871029,0.7024400586814273,0.5197174582625677,0.5582930940400672,0.3583864921901896,0.6467390680988196,0.3164651609967507,0.46184266308130195,0.12804108194857966,0.30346166040936706,0.2528636189582632,0.7048678995500886,0.778711162984488,0.30747451079400656,0.5317285627042607,0.6403630202274275,0.20156254697635173,0.6166102235491449,0.5682480809398708,0.5570285658941945,0.35260461965119094,0.508640622239361,0.3961430614655,0.509858125950803,0.6473796312093256,0.5474194485035686,0.6225290785418938,0.43697650022120343,0.7652096429981644,0.7729729673887836,0.7293871558582877,0.5817363610999523,0.4512018446066463,0.6339056377343011,0.7129638349881807,0.7940734328757125,0.6765110501168125,0.4816629918477895,0.20513341693653764,0.4872272777681209,0.22141720543413812,0.5129668228867273,0.7605747447002441,0.4132396911114576,0.10582960346870583,0.5054892516855368,0.4103316069271509,0.6441561931558482,0.7977075481458201,0.4316477145028162,0.3086148592957635,0.4688429904726091,0.4889371606846216,0.6429580137061429,0.44693443656273524,0.3827565661156043,0.6502436383428223,0.6933379140035967,0.7170530313439033,0.5090578653661308,0.7105501506999453,0.4752038879944422,0.5254367266443958,0.331827667553501,0.9114297699768741,0.19346770630654167,0.901308651456113,0.2032881040640882,0.8851828737153602,0.417310895524384,0.23297046780816474,0.9758816109680032,0.17361664412510483,0.20647776313293179,0.3004321362691773,0.5587995610260429,0.16298165734516468,0.9320671537175217,0.7670909833854657,0.40239538860725677,0.3411588266342614,0.729423113878485,0.6677346715533219,0.6202574235640649,0.5464632397385403,0.8396783382018873,0.27861291711651204,0.2922503396391267,1.0,1.0,0.7747469769519535,0.7653640048326421,0.5250055167712224,0.7528905903943384,0.763242455186043,0.21056593230170284,0.5760139855305921,0.8150955290857577,0.3478569684816102,0.7260737634272937,0.3935544683491055,0.16436008046318823,0.8336413107494257,0.8390380550583545,0.8056704501272745,0.7970757148207459,0.7907269795644295,0.8459794001151659,0.8208008766296849,0.39674091347432594,0.38196353495313395,0.4368683366089566,0.2210310663298417,0.3276207954768446,1.0,1.0,0.8107569622855626,0.7742949938370017,0.7150361909893747,0.619865940491133,0.8401407499260531,1.0,0.7282192063939434,0.8395390704680987,1.0,0.8482319106314207,0.27268107785605433,0.2897764732902443,0.5250450114331038,0.8394069069100399,0.844038277950497,0.8512047024865027,0.1798596204654863,0.6035655729067144,0.6445205486113946,0.8340361904611667,0.7492655929886994,0.35374196453455004,0.9081977038918676,0.44903529919913043,0.3549217141682943,0.45540727450183055,0.6407181860084835,0.2917772647065642,0.22905532993262198,0.3685044842543042,0.7882377773887472,0.5891451952457122,0.8869557241646286,0.7204363891435143,0.6836064857991986,0.5153661992355655,0.3889671858849051,0.24050682341993096,0.3049545481144309,0.6074314742212217,0.7755574626959534,0.7309659090712967,0.665316972458864,0.7283398539902304,0.29817995252181234,0.6159130155246846,0.31773500479874384,0.6668890612422613,0.7612063951460798,0.4416802261486394,0.7290472796556002,0.6708468601334354,0.3585750213219253,0.7223422869078797,0.7671423454547736,0.6893723708610177,0.506506174349466,0.6612756199441592,0.740170850593916,0.5681460777145699,0.6320126171251105,0.5866605694985458,0.5546569559942996,0.537214262299692,0.6235557337670515,0.614699280600317,0.9214581572114171,0.9192168448719665,0.14669822023975615,0.577339168657497,0.7138552841031286,0.5045274169505983,0.5861975023674691,0.607473516487724,0.6942303662004831,0.725350145968431,0.6389995378368616,0.651536820157338,0.802045357528726,0.7818180572903265,0.9396778139661182,0.49737624611705916,0.6352391237792732,0.34657459820277803,0.21268119133494778,0.442201306427529,0.5857694634006695,0.8644995471446538,0.8307990134715336,0.7008043097170178,0.6209412090410249,0.19452791133297384,0.7593755092509133,0.39916061405420067,0.39098694419240626,0.382651891386508,0.4685328160231197,0.3901120711708196,0.574955572859078,0.40930853054983596,0.381631129880668,0.39564723025113696,0.5366320124724728,0.5317169365473062,0.44708751424549137,0.29021065452164546,0.5694290999647684,0.5795949658084122,0.5728596332305425,0.5768750402463423,0.47254721882519335,0.36695226582257856,0.6515376742611675,0.6182378292632069,0.6701951437828368,0.7003059772941387,0.6748143686263066,0.6732327367618846,0.6985268491872739,0.5578558900887085,0.7419828755870393,0.8328125347616635,0.6531630901462684,0.6770439618905284,0.5919982118021202,0.7244441317485169,0.4413192093884817,0.7495562889069628,0.83972987145082,1.0,0.9153790054134321,0.6857207205581681,0.9392112732997923,0.8666494185179329,0.6576463134387102,0.5604928222872423,0.8696667604585075,0.6889806315609021,0.5196800498002648,0.3881212590989718,0.7606135714666633,0.6855997672530953,0.686172344949703,0.7199290601311051
65,0.493317356276243,0.5002845332451964,0.07464216749419544,0.06279824241292811,0.34126742146785566,0.4288579680276227,0.0,0.3607461889297954,0.09390698106775008,0.3607664479419649,0.0,0.09438215348348955,0.6949420831212534,0.11953069002324394,0.3479913865385507,0.07760894264425774,0.5705287140779128,0.09272108927005406,0.28101853568629226,0.14685026485302008,0.14747076147159077,0.4208178460997368,0.3323157554867396,0.5344518255321195,0.7993323381924057,0.4564688194403638,0.667803952367743,0.4365308899891657,0.41760029835422924,0.19214981858171248,0.31257948721572076,0.5297265207933114,0.20384136305706074,0.24733976477829933,0.3223639769333571,0.5873874469471362,0.6416271148153286,0.4502770376775879,0.3160250090912615,0.2434398760447793,0.5267916366498581,0.35717383492642435,0.7741779950486951,0.7359785195399107,0.14891838657328188,0.07609923414354258,0.1889165004372196,0.24879702171621018,0.07634346287575763,0.7239271346116388,0.1254515813555678,0.5491137014593208,0.5542824218704442,0.5147605942335526,0.5138922899998467,0.5691354487187416,0.6752981582374477,0.6437198256460005,0.41096443367079755,0.6581013057482911,0.33232648392696235,0.31501323701012185,0.08346526403800399,0.5693818730642586,0.6046608458340662,0.20820860573139038,0.6192156567275022,0.3984414407888288,0.8971218961223357,0.47275394397033416,0.6674293991555662,0.8035321844268442,0.33775776612811326,0.0,0.7724464096361445,0.4795807803042462,0.37373152341575955,0.3164020418117797,0.30913212207050184,0.3559451877399075,0.7292255140633659,0.4184961980459431,0.6570929158125208,0.37462209481092046,0.39750585146352957,0.8452959623437931,0.7826005813738647,0.40998958210441516,0.08721321276024133,0.1285470572106346,0.11307681026820594,0.5396116452393017,0.4207731045266157,0.3574256272958727,0.7881742394188953,0.4747537378489708,0.29671388515338754,0.6307986364685743,0.23355729132241196,0.5714344353695284,0.19609856036193807,0.6053512891025817,0.286944315749671,0.21263142910038768,0.7276377920827303,0.7321808965430602,0.10592703658464346,0.15324503378719181,0.7234187911306882,0.33207724990257576,0.5928539999880719,0.6014791971120772,0.6076443565561629,0.35466159305065026,0.6577111821872188,0.6181502130851313,0.6809219195065914,0.6705513742440068,0.5525606319178038,0.2753959886985388,0.1689181251462341,0.29489208290305075,0.7790469567759809,0.23937811877328716,0.5345183861359346,0.16271627470958624,0.04258871791638741,0.6336896171043817,0.40539803877686964,0.8376295521041986,0.4865969703673125,0.3618498002939395,0.048577297913307914,0.7194109748184617,0.5035674850735925,0.12722207807305302,0.642527280108891,0.6305129279385786,0.11808466092542858,0.6151287858886927,0.5056210060537565,0.9262884488759763,0.8440068697830042,0.6926304716770363,0.5706119419352363,0.6088783950427542,0.3161293741597831,0.589280599647381,0.6494941204041987,0.6853167138745129,0.32436534668018835,0.5795488981582374,0.2463613258850896,0.2551706686599859,0.18390940128854763,0.26012527864499446,0.27576463787454425,0.35153666943453227,0.9266148412070747,0.12028075235348215,0.5449664546769992,0.6374083240577275,0.37828528032146136,0.5976083681927495,0.4413845872385747,0.4691572433062725,0.6090709933842209,0.0995804218871984,0.7200045220706384,0.5284838810522495,0.3420636806770423,0.683926625073362,0.5110857040295941,0.5459339117684174,0.4392747278261606,0.3456178200138262,0.5472449820204482,0.7390137498016648,0.6789612638220536,0.10143518451387522,0.14757752722111414,0.10893168528419563,0.07765564794237294,0.07636708135255278,0.4678143025951428,0.6831082614570144,0.3566343531210828,0.42822025945239495,0.3851491476873035,0.5089079263787566,0.6639667545466031,0.5280685732494484,0.2327681447412513,0.6559221733844318,0.4020624766971265,0.8163591882089937,0.6449396386124409,0.7585794828056643,0.43364572459958783,0.4656589510632393,0.47732098806056283,0.7733461391683895,0.47729300145062276,0.668271790074492,0.04019799239747325,0.7020707185743581,0.31779590374436634,0.6689801605562746,0.0,0.34050343730333965,0.1705919698072708,0.3898199579100117,0.5033922935634325,0.11248280638987052,0.1873495832048396,0.29126983046967164,0.2945318232984947,0.5846832803769421,0.3085543624616803,0.49896112019960076,0.4211608673726414,0.2956367856139862,0.6663076809561842,0.3185819983322969,0.09223522205318728,0.5406505389408475,0.32996862249285525,0.5226825952068895,0.09575790281047022,0.3383251241761437,0.578899800868546,0.7669912639116476,0.21268934662277106,0.7532928126899011,0.5928473478541769,0.46003860092995286,0.6237845653764228,0.0697947526470552,0.6543029280837914,0.3507119746007724,0.05921483682146057,0.5339602124112139,0.06443796919848369,0.46601261748244516,0.6531272883406953,0.7646327541854804,0.15996597924071848,0.7573360503420081,0.3618938232178887,0.09528007639341864,0.5527666821479671,0.21551069836042805,0.5791632404403593,0.6674097020018002,0.5193749720273574,0.12146416814345719,0.5338362516197526,0.4492080456979221,0.49574381776048276,0.42672814045686147,0.19061914109934044,0.4597560890560415,0.4394362239493592,0.22915603129526532,0.47291395854439683,0.0,0.7020245606344362,0.48060025144030233,0.0,0.5630012077592573,0.7807985598012149,0.6959064348829249,0.6696667843532182,0.4266350590116589,0.24246362163062735,0.6071471489381758,0.623416463649736,0.14332660419432325,0.46696700062871804,0.24125489129002456,0.08389157380597846,0.37930466982242705,0.5264414106081851,0.47689542559820375,0.9984057660762122,0.5321372147700276,0.3796467792663449,0.5024902172760972,0.191578977392532,0.3746657330501335,0.76187104455836,0.16896874887784685,0.8761205976749611,0.616780810884452,0.44424599377872226,0.032926512748300045,0.05947551763324558,0.2675261924029692,0.7861192258451921,0.363957236430842,0.4129080749618904,0.40213777516515575,0.6685710815607192,0.06405154791017534,0.17446337233931075,0.3519964326755961,0.3874245458007517,0.3005938394687981,0.6929962201989917,0.6285912884700582,0.31162880714897645,0.44125096242909184,0.6390519959509781,0.2904686008336495,0.668076131654794,0.5084916657028272,0.5457183898314071,0.2417476539386547,0.5483412608707,0.11892047991820492,0.5558673657411349,0.7240512341666171,0.566534728893208,0.6754676272226148,0.6537861605905159,0.20973210254452862,0.7201384787086774,0.6699863298077444,0.6886356492330243,0.5965295118263082,0.11527204169197934,0.0849861473811052,0.807095148036123,0.07721458154998086,0.5219271438393069,0.30100114659782834,0.5347860392606189,0.2744984275510954,0.5668316964389872,0.818417112743286,0.2725430841477515,0.26597352424069487,0.5113893887898101,0.26220645435890894,0.6669402860993143,0.5488998584350626,0.7434553186715799,0.6963121122158407,0.47206220302490254,0.551124186740703,0.5971838706398891,0.4594809904030946,0.4069628206987401,0.4451973519229997,0.8343909787845073,0.8236918023154042,0.43818377650281604,0.8371516876798287,0.43841770131048113,0.3821682500153203,0.38139600872034735,0.6241748212562237,0.30059991847490236,0.619713506321177,0.33206953341632656,0.587423383281691,0.4417214567650452,0.39896359914402424,0.985004622646067,0.9837416290004452,0.2973618720244304,0.2288080236663138,0.37703848083805575,0.4389772108803747,0.6289912951836857,0.5330630518567248,0.4923006674500566,0.2477350004773903,0.16569013270650856,0.0924978306633643,0.6425387654514666,0.5740433993125682,0.5608195978782013,0.3974662600217005,0.40331849207913234,0.48141361720134773,0.4694599632053402,0.6326354904237231,0.6393567193218046,0.4930363992516824,0.6269340488235166,0.6902672168845426,0.29042231129880264,0.6941061307997398,0.7933358812995825,0.335174554863469,0.0,0.5736337131521339,0.19649804626936598,0.46323724952216716,0.47607954449481216,0.5770461086692861,0.5344842451157151,0.43659138662285474,0.4232002205861711,0.5546967381005353,0.49514172322364913,0.42583814248080476,0.48919471526013314,0.28767824617575327,0.19948013257988956,0.6230532793639122,0.6301283150183536,0.7629233724401874,0.7458930615179684,0.6998679243434917,0.47499028279706107,0.5854701615118686,0.5560010919584385,0.07592031368613385,0.581458708485931,0.6107540810742516,0.72192465230972,0.2684888257791495,0.2100653405059619,0.20531385761632193,0.595256220022607,0.595409221932718,0.6954524779519652,0.21655953733633712,0.40580382790554664,0.5481301441911526,0.4427265498959335,0.3251185862162331,0.3747683399821986,0.6142322556082594,0.6033101776555256,0.6185226608445404,0.3391158615284459,0.5849877301198275,0.2307648069484855,0.3144481948725991,0.303317493858672,0.5126195289646589,0.6043791230812563,0.7625909498409233,0.07663557601902388,0.4879552502081213,0.5377151537661297,0.36064576476891436,0.28821910385410443,0.2829974748750743,0.5030762697755814,0.5841295212496651,0.6874505540006633,0.5710664271390888,0.16516869989310676,0.2671436118841442,0.6357188977782805,0.6969826439300545,0.35446455911142627,0.5901803027598695,0.5464745098580063,0.09097878400205871,0.5518108511171523,0.4521808157080308,0.40665548552692654,0.40327218776173024,0.39309894535267104,0.03331081216490364,0.30455526357733953,0.0655626983967907,0.3001395925234235,0.49377385444645716,0.277503608071012,0.3277106776817433,0.31430422170084255,0.29396168345150253,0.3145770496466989,0.48136967155333066,0.570356666026887,0.14464395001129757,0.43336475169812116,0.09571010855055495,0.3984623953793977,0.4448677373319489,0.49606592235543595,0.4419791429989574,0.4148130044447611,0.3492996093575309,0.3344950611174189,0.45788455094820424,0.45706292121455067,0.599979510508354,0.45676331279960153,0.48474048219900884,0.3365022741386702,0.30303247978110287,0.6533614434478597,0.8794167342951427,0.6442419321388229,0.6656596759190212,0.6674523524814363,0.6381142240132996,0.4917052126281884,0.1571095623036476,0.6143764154510388,0.5993144294949473,0.46054733134064907,0.6798941212824344,0.4553332864501456,0.5457223464982351,0.48202306906271275,0.4747425210453135,0.3762983887192643,0.5763269458007697,0.6841576462408798,0.34841413833659823,0.5690105654452309,0.6519850860006486,0.65881548429905,0.6557403446176582,0.6946720299430592,0.6950879905221024,0.4286306996751236,0.0593460598932947,0.6789967858903979,0.6776837058979994,0.6526478181814572,0.05774651446052308,0.07584078356698322,0.5172761330709342,0.768998145087877,0.07851780999696127,0.7915586134735478,0.6227240188026454,0.883841242502419,0.546483744352999,0.09627778922205248,0.5755061237660447,0.07478942369049038,0.8057700769688352,0.2819623721326075,0.8711285833287961,0.4692750710955838,0.4814602993949817,0.7093231121195053,0.7102144737248417,0.6966358076489986,0.42527540665672187,0.07429727295621325,0.5503088700962921,0.5437793124628627,0.1247341074246972,0.5241182737732625,0.09460754287526593,0.12942817049680866
66,0.5512340696737528,0.36588710035328853,0.866463327070254,0.8512673557817989,0.5475023440581843,0.7397159232085537,0.7958880880241525,0.2838562134555976,0.2933452666289337,0.39228617827291257,0.5662608797164442,0.3748142972976651,0.6258791012825501,0.7338211699656021,0.2568503767815425,0.9135378155129508,0.651725469042464,0.9169158930523323,0.40663880328090607,0.3525210606996703,0.7550272568651388,0.24851628116522875,0.24454489174902966,0.5252565971161259,0.9388737461111444,0.6768985249001747,0.47832368565388217,0.7562609884957534,0.7429234422801596,0.7514986104965803,0.38391292572134544,0.4927896578874188,0.620547977326439,0.3924002084212014,0.382822017697349,0.4979901040225662,0.542535128822723,0.28448062939375884,0.2998682844411032,0.22070979726869788,0.5665818322422119,0.2839416147615635,0.3426923852247051,0.24244110958060353,0.8810746353260085,0.8302700692979131,0.7174819752183379,0.4414658919208502,0.8248378778007731,0.6940167700129876,0.6767799722899942,0.56228740208458,0.6775766685166464,0.45726831258357287,0.5553240736810964,0.39630385120768713,0.6106881200573142,0.4812763030604962,0.43736063680136894,0.5798000616468295,0.46060258133755366,0.34143316107611377,0.2823794532718278,0.350322401577029,0.3488528125519164,0.2425077574005296,0.8115235248306751,0.21943289429158455,0.5270541137154395,0.5870933043314606,0.5264374703034205,0.42721974985040306,0.2093160591218582,0.11766388272680361,0.3456149625545725,0.681395124998771,0.2698035429219712,0.3225000495371782,0.5408058381108689,0.3934242581503728,0.5893522774413003,0.411983465884334,0.752442184955687,0.24845654750755733,0.2719438681566807,0.941721634584065,0.9071126218047602,0.7592327033505895,0.9139445558630963,0.6467623680777445,0.8959054765290418,0.3662814852676227,0.12327581050179746,0.3472923057433914,0.11921831423509156,0.31492425553359493,0.6726548480876388,0.7205332608669502,0.1833834334273211,0.6833289583418465,0.259581204973831,0.47679113830989467,0.37240075023387387,0.628813785079047,0.6440833286881931,0.653595967305646,0.538685819082401,0.4270356148593373,0.6365565722286501,0.3037032757248736,0.4809036127858417,0.6488998056407422,0.38561530558134194,0.3933563233237508,0.5894716805118377,0.5349107342966603,0.5974576127395635,0.3724126555796408,0.6684415416658679,0.7481617696985365,0.3934428793453082,0.514042474628215,0.7701564581259283,0.649810744914394,0.49780919627525455,0.5993766849346532,0.730924896258114,0.3704264666778954,0.4493567323799736,0.43493860765625336,0.4703318354359224,0.5150433737663512,0.5042719448812107,0.1342621313086961,0.5477402316335671,0.6785602212055988,0.6373087976444263,0.5076822497580835,0.1486288018831454,0.7450581908540039,0.34805442094339906,0.924591670364712,0.9118175477828984,0.6314745120071406,0.46799911488486096,0.6777821768381307,0.511055762285676,0.6455372646857402,0.4176948255359529,0.5837238525875154,0.5168013196534266,0.6109323963766249,0.3952493309637774,0.39921290071224047,0.6352120630968011,0.3709324719086882,0.3583470112626965,0.3631123927856982,0.6161500061996903,0.6153576228698465,0.5611371921578074,0.6525457407665225,0.4793904688150372,0.7164254211383804,0.6040802996564961,0.730805587772347,0.6278698631780235,0.9247860580530555,0.6988236278040704,0.5521734894299434,0.18228116459968002,0.5809400620416737,0.5274414057122022,0.7835850765948277,0.4966345870802297,0.3779129504147942,0.6256914823433077,0.6543156997551821,0.6132803125125332,0.09254747250198103,0.24752577328608813,0.9103281664749209,0.9046450686656499,0.9028552269460888,0.34930346543785973,0.7353691438642618,0.35531147017527154,0.5093147950204291,0.37641417078887596,0.59022495106409,0.7864312748937817,0.14003620252032012,0.8054398943295094,0.19052422012408657,0.30492326724431107,0.7833172794330974,0.5071951061637399,0.681494320530671,0.735776543401577,0.1441961209725335,0.6640494291907372,0.608489212370575,0.66745332847143,0.422482932378088,0.2341384261248301,0.6365949571750668,0.16323580661697162,0.5983077272377919,0.9348306956837361,0.4362313436532006,0.7765179979905794,0.4817371409986006,0.4956318648306908,0.6644774653626215,0.4163931381118881,0.3718253874686825,0.34142889398806164,0.4043832548401096,0.4679959619234353,0.5364488887917734,0.48704135335194704,0.2219704176255089,0.5439083339144417,0.39641269062041495,0.14386665042568575,0.4938585911865795,0.4333258596837419,0.512894386461928,0.8664792185014004,0.2640093701272409,0.2936879549002175,0.47237945875206167,0.020927272551696276,0.4626985114792923,0.6480689331819729,0.894312715833407,0.6342083794064527,0.22479356670907372,0.6035773252104976,0.45793599727772083,0.89631142052178,0.5315626707016983,0.9179021164326516,0.48494557927304655,0.0,0.4180134897968082,0.5692301060597572,0.4123095785750754,0.16271396666759563,0.8764954762266359,0.4281553031916818,0.3267901457830913,0.4862589180064701,0.7362933119537054,0.5487675339458807,0.3104151151007371,0.4122232908975071,0.45954824228941404,0.48195484412484585,0.4385265654992476,0.29484393920095975,0.49080013537557976,0.4684915064935319,0.18755116320095985,0.5060970746115568,0.6735953919856922,0.8249505687108056,0.6891712520888471,0.42110537059713066,0.2682058110051485,0.6457325133970757,0.45101756882343674,0.3896083454861327,0.12950878861007695,0.23858124441699685,0.6084243305831891,0.6185775771069426,0.7329625065098625,0.7273467029961853,0.36249401166182454,0.6802171091462683,0.4889941091818047,0.5140392428986628,0.2854894312123812,0.9700107910532288,0.4747340310564159,0.205102660217667,0.41564079031278933,0.8432701557593912,0.3392930782905603,0.9134574751031335,0.8238688170598061,0.9618692827858473,0.6304950633423902,0.3908495167190808,0.8930292692107026,0.8734799794768809,0.7447927377978617,0.8377334526041149,0.6603049784040462,0.4574821845189535,0.6153833941637896,0.775815708092013,0.46286862147233465,0.4813399804802869,0.28689636095732496,0.2890793815220464,0.2163673810299216,0.6887319698645767,0.8946702278733342,0.3038714023953257,0.45700259695719114,0.6323402012645315,0.21730545328079326,0.7835220065592701,0.5125329401609117,0.5096069772944931,0.20318638703692185,0.5261938240839585,0.6871580042528229,0.5246550259463671,0.7891921018363671,0.5646758858249236,0.6773568156010494,0.708006053766025,0.846005818642897,0.5708826464744703,0.5401483341125851,0.7079778575958905,0.6330821798263009,0.7963491394660188,0.8921997896039469,0.7881432777663894,0.9045634068454332,0.5252749478951485,0.2479039738636294,0.5291558418015168,0.2409246558944874,0.5578078666625089,0.7649731537558875,0.3227795282088916,0.4339018779470522,0.573694202208057,0.3662445214991242,0.7719021088101058,0.21068769335508633,0.45450348884674846,0.302124315258248,0.4410868713585556,0.45117546070417164,0.5092334835470244,0.4022899070590843,0.3842251573125685,0.4805249163116555,0.7362894261904371,0.7266257562954672,0.5386369053825971,0.7351171027834519,0.5276027289381936,0.4807120597897818,0.33330239474395,0.43686300645103,0.1629086613417079,0.43283173240445677,0.18775270906772004,0.3414231471117456,0.43677102099155896,0.4057558449399123,0.5340839808519192,0.9660794930569881,0.3234286836536205,0.285308875165068,0.4818574956384694,0.35720733762712986,0.47135127862867043,0.7875266516930639,0.5838012201128665,0.3365849007751543,0.8911484654183232,0.8340430474242657,0.9305194440773602,0.8302496704753943,0.427059880003596,0.24762003739544688,0.20992802025621202,0.5401029927818888,0.5249325914210448,0.6818440131456922,0.6783328026269174,0.5689902604827268,0.67030003920705,0.6890087348153698,0.7038333167258918,0.8193437510052329,0.8040995938710127,0.3877796566473,0.8379500482176806,0.6748246749284392,0.40679627043790045,0.8000282248560211,0.8315485768618663,0.5417003013539042,0.47884360007782945,0.40251273982413055,0.4286051628406193,0.45058176659188814,0.32213457848304006,0.22586572296285623,0.6494969587561582,0.40750365004797173,0.46383356870128184,0.6569098022839666,0.664336105142357,0.7921986210574523,0.8006936736448277,0.7453931404669304,0.647283062058217,0.8747924989811616,0.6081903111274433,0.8964431470157573,0.882367620422645,0.6686832113230825,0.774830402361499,0.6633579707432589,0.6258637114833505,0.08294062267384411,0.8833414592975722,0.9062742176093718,0.6640388181199417,0.4125821397819334,0.6578564467317881,0.8159619556186813,0.8595175761534068,0.6501997696027678,0.5375192040641277,0.654406722903105,0.37255927599047106,0.28463956969876486,0.4700646428790521,0.6513889265353143,0.5830224143704537,0.18111073269685485,0.0,0.7786993631571363,0.4121436898500955,0.8603417259621843,0.8953542632661442,0.6138424244137591,0.5558436931789584,0.6816762578090689,0.2662598603695717,0.30247018085075256,0.648010049486425,0.5415063856187047,0.7462257729121007,0.43716055439607493,0.8940667204957937,0.26803485817503087,0.6396500714863655,0.10952411104496892,0.8415092105012802,0.715175891962947,0.45662897843102207,0.8999445904596513,0.8468689023635735,0.11872372521623557,0.4295386814894239,0.41453390870188644,0.5024933292691179,0.21553050610674876,0.7621886021680473,0.8977881971142916,0.26150999262725155,0.4524688750106671,0.28841317490479734,0.32032892768301463,0.30553641063194975,0.8521667665543874,0.8643659910702499,0.5343001754180926,0.5168115768746897,0.06698945027199289,0.4822298101285684,0.9031180629394636,0.39019857105704925,0.7813201823855285,0.7953463952396663,0.9017742509517498,0.9118637058238307,1.0,1.0,0.8111976667969715,0.6533877462421317,0.6672131102520912,0.539644517406526,0.835219197908933,0.2715565512691692,0.2896211829538386,0.6602126334963848,0.432683812205491,0.9599167999745889,0.8274369166958224,0.585948087462992,0.6173088372356222,0.5512663969972966,0.9102743238532889,0.45275274902993745,0.4041182870212955,0.4430327610472787,0.7060772680224066,0.4364394021287894,0.7294857543412611,0.4670260914778705,0.43759910880299635,0.44606515226889226,0.6261507291430117,0.625476936332095,0.7109178100234551,0.36054301001326367,0.6534950877836914,0.657686596487827,0.6508895690698925,0.7134265057415361,0.6023870668998763,0.4773269087488689,0.9011483087679878,0.68206423896811,0.6738958392144179,0.5870507074817516,0.8872098503194114,0.8548280023394501,0.4131347003278692,0.5572990754472518,0.9026972891523003,0.6182572483255161,0.5937965085591754,0.47622516134481246,0.7307525088512234,0.8777372502949442,0.17909076984708097,0.8917617515089793,0.6037747686225817,0.37618018059910746,0.5708705649989366,0.07963133280753736,0.5675152940811156,0.7753510564826251,0.7924649093107722,0.4898570521859526,0.6266899181925001,0.8975264006669699,0.4823961398418128,0.3317655362098863,0.9089512771804217,0.37590978857198865,0.8501654796928666,0.8838455258547977
67,0.4968308655498051,0.30916406170579946,0.9212093084341112,0.8778357651136838,0.629857791800426,0.6324993078710726,0.7459061996389738,0.311522515361188,0.3379301894372126,0.35535412897127744,0.5354460276989476,0.45380400174547947,0.8216748966723707,0.6964910683306699,0.24497015205146205,0.9538124893691015,0.6793797000429806,0.9429705978370435,0.42745581810506467,0.16490135329929057,0.7919373103386178,0.4471167648046664,0.0,0.3449454885585192,0.8775642618800493,0.3885412880964258,0.18850671831934926,0.6251980393586085,0.620898397327568,0.6671206621240368,0.32404542371622147,0.36532967912854764,0.5905796108144646,0.3043438468793054,0.5974335256797624,0.3354390254055992,0.32568876696319127,0.26594648744340427,0.30525486756780884,0.29359816304333475,0.32596670029230285,0.06454965737855412,0.3690095640032067,0.34090079572912424,0.9370852274290395,0.618369311524575,0.7038070176445796,0.3126793729266587,0.6214836817449112,0.7950759080752174,0.6653150340030991,0.5646088255563744,0.5727246925633594,0.378568306026704,0.548924063594457,0.466431864914322,0.47121972435379744,0.36104749789600044,0.2390401466915373,0.4383231656807178,0.3283983896326598,0.1053650204601731,0.3749985608462436,0.3260026599607347,0.29578782029877104,0.4837946968900525,0.8243748407582016,0.09584475342488852,0.5260549970840139,0.6706817415939651,0.7250900175409802,0.4222136081802299,0.2986713108154308,0.15239470183709497,0.3527874109924901,0.7507069144672245,0.2561481595486791,0.7349741154381766,0.6702546063827116,0.39422976869547227,0.6300008057977535,0.4216802615734872,0.5283291174408421,0.4489633315855048,0.2888032270058316,0.9610522945419956,0.924602937307138,0.6014644174232657,0.9572650074892652,0.6216324129973424,0.947929197352135,0.2121210461230566,0.3866932295086908,0.0,0.4401792609010798,0.5464670388261941,0.40116691482963773,0.5761457360951635,0.07175349095494891,0.5089679776639742,0.5530685664878707,0.12622796135082726,0.5164615204061312,0.2417922628983276,0.5304673283437538,0.524549066772895,0.3931147302770818,0.33368808696402213,0.525701015925271,0.0,0.5389740729687879,0.6961456958186468,0.4499698608917363,0.41517064147188215,0.593112627352622,0.6837789713261364,0.5985813958100579,0.35369169620364055,0.5590690045167767,0.18226353131003503,0.1995372133497598,0.36564769450219553,0.8096586002122572,0.6794105731426792,0.5803534599657691,0.6241533545268321,0.7209103947436815,0.22934295104303448,0.31477123272729796,0.44223789101461664,0.6599084552309195,0.44538189903113296,0.5089941722582093,0.3718629575327509,0.5157336468910437,0.7083553166464236,0.5723755297778231,0.4844192722747192,0.5175808688004182,0.7822555219118984,0.33148227214209564,0.9610083830993097,0.9153410419554316,0.6315741263137731,0.46855717464694296,0.6275443688105553,0.2687212313895974,0.6078506855324691,0.4837073524165838,0.5465062962348365,0.41494558186781155,0.5833310527003359,0.4085516526393843,0.4128739138737504,0.6292513354830955,0.3999879280569394,0.38386403981590184,0.32342888276300136,0.6013061684014972,0.6723738650961928,0.5344623463427391,0.6514489622271671,0.43988464432385677,0.8137076122284562,0.45726324173297334,0.9342304007050152,0.702072732142551,0.4495158914083956,0.7621098760242453,0.6418724145928675,0.291690008366007,0.5583564230594465,0.6162140293010391,0.8405792391356933,0.5394162957572284,0.2969905982390001,0.6353736870112724,0.65123060337378,0.592948044733069,0.5689840421383433,0.33410184248628366,0.9609460958738736,0.9563755187088205,0.9629495447107805,0.4851124234302876,0.6581151881270935,0.4315907412590088,0.424042120877526,0.44961180794739836,0.4327796972457818,0.8343312950994874,0.2529112019763862,0.4831755689980595,0.20360985392313496,0.3443696813802357,0.6614014796342105,0.7375034651198927,0.5720968206817257,0.898561125508237,0.19438153166480898,0.6302832951116615,0.5123915174848632,0.6241061210054427,0.30359798075249705,0.19688564823414645,0.5125452939805443,0.10772401699338302,0.4672527073604654,0.9597074876723317,0.4120895938408519,0.8588308315510285,0.48697139238884257,0.33604071010830744,0.6833903239765128,0.38785251479305316,0.25874032331156205,0.43149953911239364,0.25325068693778363,0.3586183375888212,0.548655279390769,0.4419042492718166,0.24299544041746157,0.6268096020289813,0.43924352401988304,0.42861592370659934,0.3843562822406506,0.47351601792668246,0.37547937727553254,0.8896244165532896,0.3135736802707841,0.24494891069732236,0.6652690017006917,0.25461618539738345,0.6535500661254466,0.48515200290147376,0.9518359000662202,0.4582980052390576,0.18100820962855518,0.7122071386317773,0.3048742375426779,0.959761093883205,0.3860100668752032,0.9452244341961724,0.5377044243217806,0.1891360704093838,0.4405134201459425,0.5222478126533341,0.41862321108395084,0.3556958675179173,0.8895807245531868,0.28489290895385827,0.1567727003812803,0.6978708236399906,0.37090025361433004,0.31537920637957273,0.30001632003624035,0.2635967810862747,0.49373708503865965,0.355505789778857,0.46014543569453786,0.26900515087499455,0.5467516872408935,0.5264653805135525,0.1388756569968508,0.5149476135289283,0.7537895748258213,0.8732245969155477,0.29819253464621026,0.4966455937579598,0.4693994302657878,0.40973391076921795,0.5826325204985746,0.5220548528355914,0.4525612142598715,0.18784754914028395,0.5548879393552397,0.5620020228553642,0.7625848357439332,0.8912179404774339,0.3377294541533944,0.7554533219026178,0.38059047423624837,0.7531363739762157,0.478223031521417,0.9808903586876914,0.402301125446722,0.36057978869728885,0.5137371292834009,0.8937732238553087,0.42037192613006225,0.6866521731351813,0.8452172145260649,0.8612007127698118,0.5761828930671812,0.36522953930140906,0.9606611302180722,0.9684690824306236,0.930572890182329,0.9302294474288594,0.7208214649373534,0.619238670979375,0.785745662620762,0.8711381940516523,0.4547555633062413,0.5319045764750666,0.1685567622291935,0.2532712511137591,0.3936589194752782,0.6945602117920291,0.7857333757606086,0.4082270866304849,0.4582773063550633,0.5463683479422424,0.27905155843809026,0.4218921823387164,0.3311276417648487,0.3447072275971642,0.3943787268273151,0.4235845886988678,0.8877356352657109,0.4180278653415006,0.7864805385433221,0.4472828594953309,0.5076922034078309,0.2774492280899392,0.9451659601251765,0.34775194518454844,0.31312627997250564,0.5441880102008423,0.3786979459159587,0.8183885792740351,0.9679486754082642,0.8020410369828975,0.963841539057569,0.4259177051377533,0.13343744291752724,0.4313789742317525,0.15006671131468582,0.46197608742778495,0.703268125973851,0.31975921018631737,0.5101433263680537,0.4611146679533263,0.3119153939897055,0.8332353503023386,0.6084502649807058,0.2853743303549212,0.1368903566739045,0.38642715706127123,0.39014771164402867,0.22506613060714847,0.3723803298160452,0.38817703400055986,0.6504606799556223,0.6598493296644017,0.6755941741338668,0.5248476518643075,0.6896220327080413,0.473154732934592,0.46246232751401256,0.3637331178698528,0.4476476731840427,0.14910469587721079,0.4466070172349851,0.1010455259536095,0.3733747037108673,0.3974265651995986,0.48750651653024046,0.5335666336217693,0.9618869801571794,0.17240203990365743,0.3546871818501942,0.5156758530522161,0.30972797158226784,0.45257531362927333,0.8995807149447929,0.4535612565418181,0.35010653631517125,0.9654342346954068,0.9535363422256231,0.645117658873088,0.6408000206286288,0.3340094567421099,0.18322638659816642,0.20712527177223675,0.36255379745967903,0.35843365977676467,0.38838219562371595,0.41452780906627396,0.492904786706938,0.37636500460446753,0.42015872164262985,0.29253533902512435,0.3874707171437584,0.6852908175426998,0.7096427497635907,0.9328329069734836,0.8725851272173715,0.1308018497554987,0.45869947729666644,0.47278327156512207,0.5468264301966752,0.5647553550792466,0.31070823874380143,0.2545853236479414,0.1526011061122604,0.22394544318352724,0.2742078599568142,0.5582788117167473,0.3410056425324366,0.5357263458693945,0.49946343311018565,0.5045960227180036,0.533022800589172,0.5114860002707756,0.4360851981030119,0.2910063670138267,0.5832254413915406,0.41809280795317716,0.9728232734922958,0.5969607782430767,0.4767545676164335,0.5108816469035216,0.2893908469178917,0.28188878187005395,0.11172096288591765,0.5796529319527529,0.5993100186614636,0.6978951631079648,0.15707984918535747,0.47472606003714873,0.7255242139170619,0.4615484434124087,0.3066806198910832,0.4657523938734404,0.4576678363480022,0.2908968381287444,0.2561474317406472,0.4692311749234953,0.37197422175105077,0.2858601376985149,0.2127448618493734,0.4849329888767153,0.8761851933272329,0.7506612410123313,1.0,0.9659620141746339,0.3297570516705377,0.8373096724099849,0.35865592385511075,0.18131671322453993,0.2601940655162614,0.6227845184297941,0.6774867635753536,0.5553490792151137,0.7118699272617829,0.9698625500705996,0.30651837522000636,0.7090323114730144,0.07655467451925785,0.4719712214562748,0.9186876255628137,0.38117520856603115,0.9555279997515491,0.8243495806043646,0.3729909566142534,0.49657773320195914,0.44886496583353797,0.48103507491051567,0.21228208999141318,0.5609563076395624,0.9762374211907577,0.3912199381127213,0.35379284900045327,0.18954803677784823,0.32298695097852953,0.3118496924105574,0.4357737359535109,0.4149644926408894,0.5362910598691253,0.6087113438101236,0.07340110468794185,0.38901140789023275,0.9721302333437368,0.41310232676476044,0.39377619087638654,0.4341658200014606,0.5250316997312534,0.5310306036370077,0.46604182934246086,0.4440453372401789,0.49626123917520876,0.5197024098957359,0.5962325849585094,0.48015981874699704,0.7013791684109085,0.28390043743562243,0.2546513673323975,0.7988457492650318,0.8633923684936764,0.8618842552362888,0.9209558259393658,0.6715718372659212,0.6471931931717074,0.5957447959446102,0.980047669851222,0.49823517109022886,0.4858707151155328,0.3381093591517606,0.7884782171642061,0.3481930160223962,0.8471184023507754,0.3692841922527624,0.34231064408926015,0.28791771104256764,0.526732006437996,0.550335838342116,0.5908204192879765,0.250060870625456,0.5606866603754698,0.5739188499537148,0.5694728719498228,0.605053331320261,0.42725749088449144,0.36046973253738207,0.9570059510104862,0.5756449066683027,0.5797635912406315,0.502144205109506,0.956516636178351,0.9489410289178659,0.39576308770586377,0.7929746951059948,0.9703008533040353,0.7355721891033106,0.4728328981455768,0.5475021585714681,0.3671820616840175,0.972189094651072,0.747867595515071,0.955706456764255,0.6395497773751989,0.3297093441666138,0.7865096067631068,0.5745930107769748,0.3029313290853305,0.4986306054058132,0.4832200482367278,0.5735672657764656,0.32169222269292497,0.9744905885934115,0.8529662791214593,0.19241410955451063,0.9616054799592209,0.2539109491231034,0.9482664043264486,0.9660457375276353
68,0.5432388840477589,0.835561233059727,0.7753653818964036,0.7510865584037666,0.15952007593741704,0.826821069177472,0.9000034575211713,0.24467502961660148,0.5093365280444787,0.2295052199956589,0.7185235833266925,0.5962949944338258,0.82217048672549,0.7564549956171845,0.22569417616453227,0.8494300457334413,0.6201775677583194,0.8425599934752458,0.35569517901566555,0.3116409832354198,0.6806677813264282,0.28180020211040924,0.10978776036910437,0.1655140014843408,0.837351138606028,0.5898815249467826,0.5015704755606847,0.8344207232359256,0.8264463459193824,0.8663626797214214,0.26834802414453585,0.3354876451786918,0.8033981366285152,0.29247164979234985,0.3626311170516247,0.3261799111827415,0.24991354613144368,0.5553354242823231,0.9429898492062787,0.22131710092131737,0.5659174110148409,0.2071370276111895,0.3570913663740957,0.27131638147064496,0.7947081673339843,0.649044675843079,0.7941741742936292,0.3159539597771821,0.6338944427996889,0.7952553552743249,0.7822043721375296,0.515821936449117,0.5311772275996615,0.3071413116018602,0.5201739846968061,0.3396762478964117,0.9041328749889406,0.3989669423516525,0.2780076635405393,0.8956713564761724,0.21259078641250673,0.1722473041539319,0.3677836340039779,0.4540237386196956,0.24146221526033015,0.25616481762474247,0.769718847576441,0.6806042560349229,0.6391963391601183,0.3243961234168529,0.8685445992219093,0.5384915936915935,0.36044365960335206,0.10576321745641157,0.45879579568111606,0.787123611415522,0.20002251265235135,0.5517718438280996,0.7118701704685986,0.37108673339847276,0.2601246554747432,0.25116771954357014,0.8293526074835573,0.10438929147511851,0.24891342569695277,0.943576309246885,0.8809087551205153,0.6875416198166231,0.8481516402833811,0.720592941998079,0.8326743826365888,0.837471733150464,0.11180359204243068,0.424599909936851,0.23745436054235475,0.646717116175867,0.7311963757041551,0.5524572982818405,0.2914500965465723,0.47784947014855833,0.2818954664353461,0.22437617415554018,0.2904542169920003,0.2749739808875451,0.9216645287689091,0.9299845417647034,0.6449575954328751,0.3266264055446239,0.9409223111518815,0.39628631590442237,0.13032596827235102,0.6439490467851284,0.3849329729102795,0.40301120214408565,0.5605194207816707,0.6354768343400443,0.5914909438064146,0.4570256230852205,0.7117788741842977,0.22470032981109375,0.2119545975701578,0.6073864038444894,0.6992661215785124,0.40172112900905943,0.3669356283600554,0.3347582088263536,0.770341166610858,0.40972006230833424,0.5116054194922051,0.559416569647992,0.6167900957492896,0.7602043464283312,0.5598729779432947,0.1722887067641006,0.457901754332203,0.8063595527403923,0.4908362197265998,0.6415665222731971,0.469878618858016,0.8010369081468606,0.510434931395565,0.9632069721739186,0.6953322106828455,0.6058717591030391,0.45392981156551987,0.6284869793316373,0.6812765191009763,0.6859642325015608,0.21269528463491227,0.5174497588484074,0.5529695592612147,0.6527537526997866,0.6107060285958648,0.6203535160668143,0.7018520632544426,0.5976271669474149,0.6423034960497386,0.3023873522079556,0.5728816169863014,0.6579232288619432,0.591381859373096,0.5729604851489919,0.5528402954013646,0.8254735581134288,0.4908985727530478,0.6706201772232132,0.9286063168185309,0.39752235751105536,0.7327308054749098,0.32180197364520813,0.3849789432696099,0.54204890469654,0.29053734280538046,0.8026338534768964,0.09817057892951646,0.2841581916270465,0.6254068221426224,0.6156576269566038,0.5665189726135775,0.6053984645204347,0.5726556303948166,0.8457036588590238,0.8280277170918454,0.8161285585578524,0.6203826657586287,0.6149107981403419,0.3976836182782703,0.5877219850649451,0.42985701245569896,0.7087897133055431,0.841075748618663,0.4473805013435075,0.6532004183977236,0.25821022804466803,0.41071310979029224,0.6707570457747156,0.9045619723109102,0.5747336982097669,0.790465260461615,0.30273026650885604,0.3559614476413347,0.6356969386287813,0.17081087301311643,0.4610006536307725,0.6874997784427933,0.8852256333598703,0.0578557444472584,0.8757852057444991,0.8989882827781885,0.5646763029752726,0.7492387868835461,0.61598563189178,0.379979459783755,0.7384140487679336,0.39668482379939224,0.3636315063280797,0.11345888436873293,0.28812390109354213,0.3576158593562852,0.5513319892901615,0.6262018688073159,0.3202130692603579,0.28922445590206625,0.4365491309615276,0.22712827399668103,0.3243427201789672,0.6485423263638768,0.35123089434832455,0.8620632404418994,0.16625645026579117,0.3081303377195399,0.7381212256467784,0.08174862761207276,0.7238504327403392,0.30261542320386137,0.8277123368811058,0.3273422745956945,0.5223200505047007,0.7213865473210119,0.3428638813944932,0.817069293571309,0.3526015620196242,0.8069856056325496,0.35079121554560966,0.2596807246500067,0.5446696302921048,0.2781701394032168,0.5391355895716248,0.3432587206900962,0.7506859063124233,0.3044568207356125,0.22638301749034453,0.6649936637777644,0.6173243578018299,0.6058201223470094,0.13635355135259034,0.3065375869964476,0.6524565608831848,0.4025993866826951,0.6225844299467427,0.49664682069865584,0.7752530212914113,0.7703101441751139,0.28607337894840545,0.779609603941615,0.6910780395270695,0.7658311558306582,0.36874838777786345,0.49172373923884155,0.4459093280252648,0.7147403325035091,0.5857256998940645,0.5484885862951984,0.4119665342475884,0.23455087925811088,0.7787763350442314,0.7616774176601585,0.6726524810940354,0.8606744868956907,0.31285204141797407,0.6669879879294955,0.3632585090074394,0.7990902638251991,0.5348514772316897,0.9586037152158664,0.45966901987139663,0.44178635628648355,0.568554942205433,0.7671020806965089,0.30604363844472876,0.7320087966899843,0.7250844601825892,0.8755055494621985,0.6000971979997787,0.3859352856842987,0.8232910583519846,0.812582884927803,0.33683715322800767,0.8448268546443345,0.7729930452746324,0.7692951316850997,0.5423599059887572,0.8795575779193274,0.47951327268708127,0.2412114690910814,0.33341216606677193,0.5750945137437579,0.3386516390259677,0.6805409896330523,0.7471382218856065,0.39291123318290916,0.543940641404563,0.40776627481043237,0.28136472677177093,0.506463157404738,0.812467681416254,0.7952357792116714,0.29896655474787015,0.361829403706053,0.7568270850848389,0.36186086024318337,0.7458872689172201,0.3999770423602511,0.45940514382967507,0.396661390479224,0.8280131575143521,0.8332564298958934,0.8217720057455327,0.74107994488341,0.6613872143441771,0.7578300767861516,0.8193684032251052,0.7894086350216646,0.8288263474643094,0.3574732613006576,0.317717407460457,0.36314419642654444,0.32338320775081963,0.3655850635770701,0.6613634594133451,0.3426292261504135,0.18361994957353767,0.6378650339791901,0.29038588716435915,0.8336474392470367,0.6357343520482701,0.5048592900171247,0.3909304990579834,0.4771905442281529,0.4587479439857717,0.6081651217480735,0.4320901901219004,0.34282401659782474,0.7397971746651575,0.6157236110320843,0.6401533755043084,0.4896133322266676,0.6266946422009801,0.42801057339130627,0.44819105823469846,0.31524364015504397,0.626691838275453,0.11288782397052634,0.6270681474540108,0.1405032718726651,0.5647652894632237,0.39694129062410555,0.44094527104564635,0.2993199536555637,0.9074404791301295,0.35846385230344247,0.25974783982505606,0.43471414647135787,0.3800352101549764,0.5746607437862331,0.8662126792909315,0.5318369089019227,0.36184647396783565,0.8251146377410168,0.8167535247806094,0.7084136570307261,0.6829487358649471,0.46839969027046846,0.1602700777099249,0.17587438334707564,0.6570704883015227,0.6355821673922305,0.5303861712777163,0.5549081050562645,0.7141767319786626,0.51659295911276,0.5522285152448538,0.2490197049263202,0.6247204782611616,0.7932004987684889,0.4817982574024934,0.8109817660896868,0.7084893122887692,0.11768425346940208,0.9065833355352916,0.9242952852635875,0.727940755311458,0.6791360205775029,0.5830425701104486,0.6041936033343462,0.5699653911193414,0.23603752436070463,0.09620252260376429,0.5716896198101205,0.4259971266195958,0.5055180318857947,0.7868444721743639,0.779742786521039,0.6574992976211952,0.645493299597669,0.6306190218205749,0.38248020965232604,0.9758363518977619,0.7354218060602437,0.8274780672281568,0.9840399247766198,0.7752708957575852,0.6786897326119721,0.2868938265605613,0.26195268035432095,0.49682815391249385,0.979913840892484,0.988402033657951,0.8774218273854604,0.13099240518714064,0.4063352383122575,0.851878735300018,0.9495456617134945,0.6305331708517101,0.40889087008274516,0.7210085150501436,0.27364853562277014,0.23194384906659776,0.4829428189862775,0.49674075195815687,0.30955765224538523,0.1555781778824415,0.5140232870925632,0.7557906734259412,0.6000383772112214,0.8950044120190885,0.8243752418824151,0.3130061999226663,0.6206571980684679,0.46948178132404256,0.162865126847711,0.018383552456074797,0.37153674572514034,0.5774104614987077,0.8841113534247109,0.7640432443028343,0.8299545216515956,0.0,0.7304090839105893,0.1554964473231354,0.7102059752207112,0.8005290719233188,0.31117907162814124,0.8146491341014958,0.6617012783088254,0.18186980958369292,0.4863978397353943,0.4696574496711317,0.45206427389783865,0.13117863703772828,0.41200424861259854,0.8307530954199057,0.247223917318012,0.4626723178165566,0.3836200095583258,0.5072035294880894,0.4922283682451099,0.7373907093558215,0.725237359071506,0.3729642065373603,0.38145446065724825,0.05518477707512884,0.4508831192518027,0.8465477780556576,0.4188857198275867,0.6971268926292548,0.7188924134169989,0.6795679677997084,0.661987806966466,0.6193966619108734,0.6048097039496779,0.5125383002570724,0.4441945086380101,0.5378055422369048,0.12992480346855373,0.6592633465544797,0.40219480153265247,0.29088678882044194,0.8821282675485258,0.6806403865017696,0.7917308131349843,0.6080354477540793,0.5255160853431867,0.7865372798208987,0.7176650545092225,0.847822192801318,0.6622062881199038,0.7025040858843594,0.2694220363144754,0.7378617748926121,0.28141002802509396,0.8772987385109516,0.28495220380437364,0.26705122180342317,0.2805058983173045,0.36770959749467924,0.48838289916252475,0.22659626198405844,0.23727502207617746,0.45633588922247453,0.45783769993164336,0.45765137094955405,0.462809872224246,0.36118903364940996,0.28757415574295375,0.824777825971188,0.4716266440557142,0.4963317489895963,0.48820915881934085,0.8057533205129038,0.8140888175712464,0.3623937336354472,0.7240014919473344,0.8298979948249231,0.7043449037971986,0.3948364313005586,0.48948724221031276,0.21446486035770565,0.7903971445412438,0.49125104156127763,0.8529191456297243,0.5780467549036754,0.5123954800975185,0.6654193723783947,0.5309316685468034,0.595785624302043,0.6657554735344199,0.5410246564787498,0.6915070661909445,0.623227382534108,0.8644179024178242,0.4088192763221004,0.10110091058111303,0.829077789512482,0.2563596088711062,0.8158031670898337,0.8209981988797026
69,0.6090410541893985,1.0,0.6911138271746036,0.708904954931451,0.7346064515655466,0.9184162084478327,0.9708341931110263,0.3731501281426417,0.23311611657221284,0.1763665251969681,0.7699675918693303,0.7072016759774641,0.7763495815035821,0.7381563919514923,0.2778298255066536,0.7772187597747063,0.5179620213746744,0.726987980400475,0.4250598451338162,0.31274473938697905,0.625254088664843,0.4029302029952807,0.012906952940082032,0.3236431592736071,0.8463981128567305,0.5910235453556191,1.0,0.9177423780440443,0.9177136879669012,0.9699049847758153,0.23704592695062898,0.32141706825812094,0.9323261418601703,0.26394904925643226,0.6022464678102546,0.3883887180671419,0.0,0.6186598196636929,1.0,0.22695769273085106,0.7135413946567845,0.30916504340310175,0.31326594699509014,0.20394743571352358,0.7266298941841378,0.6644457130780598,0.8392893935074227,0.31906915878533465,0.666179527896535,0.8555959241583452,0.8274984479771607,0.5862413896234504,0.9544973606399918,0.30142045788394184,0.5781074536136708,0.24218184786088434,0.9239194218374793,0.7792525244624866,0.29662034374495105,0.9129656628502034,0.4487814971193564,0.1659912862112556,0.2340071239274648,0.0,0.20594695814729647,0.08055225300482802,0.75952238275441,0.36867632712039655,0.6278220653788027,0.6598046344156788,0.8589948094912058,0.531199943454408,0.3729888447441457,0.24125649492973916,0.4546105042331534,0.7244872524542866,0.23402181750217155,0.24902100599395335,0.5757150183705535,0.27761145906216317,0.3449752507004611,0.06425874175284167,0.9548853410067828,0.21235552108928302,0.38877204725587994,0.8990819012176584,0.8704619264532663,0.48997150453349764,0.771294212607697,0.6509030743399813,0.7487753431637257,0.8135422399273278,0.27085472424221824,0.6572355294370729,0.2500967927788552,0.5654389014437057,0.8287842216041379,0.9067704444935012,0.3201723384056537,0.876408561154937,0.5678467781735246,0.23882037702983822,0.6095959085021335,0.3520217642589773,0.914067734714092,0.9201197598746592,0.7238090531168098,0.2684498040806029,0.9253079626509925,0.639268744527635,0.022807826860908334,0.6723417126872906,0.32447587978121295,0.057771639855553544,0.5880415034326528,0.6366000132962423,0.5895068839424391,0.5156363209813372,0.6586806899568372,0.13868768791358033,0.16400982559595056,0.38222614160381585,0.5962692700734351,0.25002532974822805,0.1773463114974042,0.15452452855211785,0.7288957424020289,0.11222513615471832,0.7255276806420528,0.5434202203260704,0.5643762971629259,0.6760815448982501,0.483012122236241,0.08687752974750998,0.3975790804597607,0.8254387810717525,0.48652562292653123,0.6094634948008882,0.4887108489760124,0.7494984818414161,0.4653109185938276,0.9543020243593632,0.8884670477176078,0.626831801232241,0.4863106526000661,0.6271104330101253,0.8759202982749562,0.6910690641921461,0.11476167114419368,0.5663397374011699,0.42552392087715024,0.7126725222579589,0.33406405423717067,0.3400906315697099,0.646564498360673,0.3340946748898686,0.3480631390508623,0.1700054443083613,0.5553834845530993,0.41454049958373185,0.591248380408825,0.41759259345330757,0.5845593898834263,0.7815236357861371,0.528870763678447,0.44409091253592975,0.8316015577924841,0.3590604281136803,0.7428953932371216,0.5566508416393647,0.22808845073196155,0.5749925644640239,0.5289577786503371,0.6618380084371751,0.49248728029728295,0.3669689961898581,0.2833812723239052,0.6526823081959269,0.6156235588677759,0.5961408799336768,0.21960969630533286,0.762359591621401,0.7427786447775773,0.7130919327122717,0.3166570370100658,0.5877294727583977,0.19118491132678417,0.5533898235428362,0.23470719584306515,0.4740948813893373,0.8610382587040247,0.3404462392716396,0.5616712612060717,0.22619465374611497,0.33556275757178106,0.6118060640279706,0.5092855615952062,0.5417793295699441,0.6935846046079582,0.17878268291878568,0.6358371454881991,0.44319043153944543,0.6385559813257191,0.24472512484138528,0.35106590768486257,0.900178466961458,0.04948099147340786,0.9025440028878442,0.8225284346341412,0.28440526331532234,0.6643137935226423,0.29178969676756406,0.4357082574268363,0.6836933072969518,0.45093157428760156,0.3291678523380941,0.2720093993100752,0.7353165404001012,0.23163453543940016,0.5501618051399919,1.0,0.23361350091457364,0.5061042923117649,0.46625556724787937,0.46890910393198953,0.32831504705871206,0.3965538936731685,0.315652172450878,0.6824357777625074,0.26945584561152236,0.2659082233059891,0.5727600983585484,0.3860213343649658,0.5550288712335515,0.34839245155794085,0.7817323146533888,0.3591206934145013,1.0,0.7313841846192642,0.08633985124245003,0.7332662172200669,0.38672166402469066,0.7332005485636742,0.33328926715964036,0.3640493481148541,0.5310881461799619,0.3578385509074685,0.513222198861041,0.3467606544548243,0.7111924509814227,0.6906998570323678,0.2981124140246873,0.40001743799697487,0.5282718029215852,0.8960456611516202,0.25147750989366674,0.6911387662406147,0.4630308422644457,0.398274627678984,0.43340346830872123,0.2638259859964595,0.32821751087025486,0.3190948556699927,1.0,0.34385216443682565,0.724162238604364,0.6787138863496989,0.3129589008132542,0.5145203203003635,0.4051237554727972,0.4730159557281155,0.7976638212206413,0.768743016557622,0.47390656293854805,0.22619821079524613,0.7802584748678825,1.0,0.6224489544079802,0.8178501956304604,0.2969689090201343,0.5663222562921055,0.6268524800781505,0.8529126869701326,0.30868454792398525,0.9247270210589702,0.5082777786396351,0.5067683547028127,0.39065452707776266,0.6470081489292107,0.6373604262867352,0.8281054778208609,0.653964458554463,0.9249308789310738,0.5988057179150856,0.4129165528012129,0.7423790048296647,0.7460500431043571,0.42674618192516794,0.8691390282590711,0.6920447628349412,0.8416768229649717,0.8186809267109374,0.8677944316817138,0.5044652429970532,0.18290403332001104,0.5043367306652078,0.37479218328269504,0.315901061433345,0.6976220686952442,0.8133015409682952,0.46273002590075574,0.7452069517419027,0.43033842036531,0.21307287492951,0.5756475436857141,0.8354165366763293,0.851363976379181,0.3276476348617763,0.34411630772733187,0.6293841446117904,0.3454561332427552,0.7238237495535713,0.37587736954516565,0.42734916157171376,0.5285728354901246,0.7387558124128424,1.0,1.0,1.0,1.0,0.6893104085143695,0.7369690594236403,0.762716970893416,0.7692646630661276,0.33158292155663327,0.3014456346281103,0.34034255665511864,0.2815648184234071,0.36856656482694694,0.6088279202300004,0.4207828266989039,0.5012609557078652,0.6599900831534432,0.3303872328508666,0.8556033505523009,0.3271787100507828,0.8599298725498326,0.8261861205599883,0.5028657694109431,0.505496598820985,0.7033311408772533,0.48505836220694104,0.3095071690402172,0.5567119607940559,0.5993015458109995,0.6167188994271018,0.44928050504186523,0.6593265198954429,0.44424600628223043,0.511128511246088,0.3638995256059401,0.7781070616363622,0.11770500132494668,0.7646127307181685,0.18089931713572352,0.7620776460271421,0.42721712836877423,0.4842342108384457,0.7999176155003278,0.5150956113285136,0.30694826355010624,0.26388881013192933,0.4706973669062948,0.521076839248176,0.8222759818174387,0.8991633484016127,0.6958119697440055,0.469802115301224,0.740390651495487,0.6965488012291046,0.8023546611516676,0.6555806401671017,0.7501700748449924,0.19966791934436107,0.1953175706970995,0.9106426146893171,0.9060894529539466,0.8254533652693206,0.8217223395335347,0.5970434200812484,0.8158903411053345,0.8321904191064763,0.406698415112709,0.43436591165715116,0.6144667552329548,0.6643825447808965,0.7281056820146625,0.4331448675926475,0.15070130655152789,0.8805358908928229,0.9053440700999527,0.7770223692120967,0.7550100888512143,0.7085515027104301,0.755759296143905,0.7674914494566362,0.24843240602160482,0.23133417187737226,0.5841641424240692,0.24995510320348935,0.46541658522064494,0.9491261393710205,0.9636034217459957,0.8592970719548958,0.8430410408315223,0.7945833089914783,0.73884145366278,0.9127668470175607,0.9587182348969552,0.762841401457884,0.9057543943439093,0.9742311473415064,0.8784372098338197,0.32652469071262125,0.35734825405417353,0.5353913186929862,0.9225746227032031,0.9366091689061139,0.852272643205044,0.1642282585418059,0.7036825048249036,0.8193439463665854,0.9287999558475326,0.7303844923604212,0.415932975375265,0.8669293007711519,0.3117356056422417,0.15912491493296094,0.4363553040706939,0.6391664160743051,0.32627351746367333,0.3428762326108369,0.6418952621514701,0.33912728251137636,0.5887783413086025,0.9050367847410627,0.7660297638758367,0.7537507766080029,0.5242063548396844,0.4441505514792236,0.22758995826677594,0.37700290060607927,0.5967954661815711,0.1495440148836632,0.8511376238935854,0.6973404694170214,0.7617888355855631,0.08605153901503951,0.7013916807548762,0.17987865778887407,0.7064781529082825,0.6840143688919367,0.387748726597992,0.7271484699026364,0.41813328576052783,0.2058342207127,0.5290145283713755,0.5006908418939923,0.45372525801968827,0.10766404570057823,0.4564850623177093,0.7750106748325463,0.2902778927434344,0.470429948863797,0.33362936707368906,0.4223861514957318,0.4033236727370673,0.33654300561411365,0.35435991393545674,0.41004891674860805,0.4982963000396494,0.13462027914319047,0.4959062026306519,0.7225139040216377,0.5042936087619441,0.48607414925361697,0.53732942443531,0.65084377088382,0.6683992277558498,0.4942576937868057,0.4632832916740853,0.5150558079825573,0.4912175620887797,0.5895434840661213,0.03833332814381406,0.6117427553640281,0.4993946020415792,0.34838828962792967,0.8008588341952937,0.8952461118347371,0.7889260493857659,0.5593901128334441,0.6945208436633146,0.653703058114174,0.4879124254383074,0.7990568303107595,0.647933186942337,0.6810389573577351,0.24734181839568659,1.0,0.26265407821060516,0.8956297841899874,0.2714915490102934,0.25781809301511,0.2696023937409185,0.3433070641411671,0.30465671811694717,0.8309890833200623,0.25498991917400227,0.39482641611346386,0.3875742465634278,0.4053872155049502,0.4499541590665048,0.37653805632342235,0.09029656506115276,0.7299275660275742,0.47061608721476567,0.43102626445010234,0.4893463922304653,0.705467931881981,0.7084405023104073,0.3471984370854436,0.5395722242851323,0.7820139504990952,0.7458835957267538,0.3784247760676739,0.3901229960882786,0.2109498226893791,0.7299928989979578,0.3886889250929216,0.7792512516824166,0.6589222759066101,0.897799831136303,0.20035144238389252,0.22899912439864137,0.9163994948257815,0.8981205547401918,0.5746387307700613,0.5895699604944475,0.880309542941972,0.7623101807160744,0.4012210996704335,0.09156047148217664,0.769463901559858,0.2684913349356738,0.6855955754422541,0.7427040579663235
70,0.5960163876265642,0.32688104708051174,0.849804496004589,0.8104895832748896,0.4369877759612041,1.0,0.957994018033419,0.4054768721364654,0.5089544712391755,0.31164128441205663,0.8214841217849956,0.6804652915734893,0.7008631357392388,0.7652146011689642,0.3152089041414115,0.9048450749909209,0.6200555164467849,0.8948235955535734,0.45971765926851715,0.4716556112709414,0.767661129076637,0.13566591119667054,0.2528462772450722,0.3713472445529286,0.8222187116488802,0.5029428212350084,0.5480843248861796,1.0,1.0,0.9520422268477486,0.3497005740883376,0.27311164667267795,0.8783324614898357,0.39653741239289925,0.41996872162324217,0.3451518528275807,0.5260105894218472,0.3246061232250279,0.6152380652008769,0.19845272918377896,0.6491902646731759,0.35223791720660075,0.566280765685842,0.5091041231229863,0.8775197135355167,0.7708864387313041,0.8423670397191017,0.3141535554166597,0.7604165461943199,0.6666318499817842,0.8351091065425231,0.6994526110598951,0.6175271865651928,0.22404516076235248,0.6793422474177052,0.24394687228818193,0.8275154226206408,0.7991620884711914,0.20461976406801996,0.820278807660723,0.5821611258717816,0.21231935659765247,0.4932436368076632,0.4447097044566227,0.28063063956162143,0.2123558366143164,0.5134848971385021,0.3814368068947036,0.8538636946765112,0.8358213741839916,0.6448123558257757,0.7509781784212506,0.22131395653986244,0.09568944720433553,0.7153825596775999,0.7340112369307538,0.14163760422877636,0.48268978284097275,0.6154098177504896,0.2709963718300582,0.30965434337859804,0.3159176919088918,0.614587067694406,0.23549414423492532,0.4161589040844477,0.9615096291278256,0.922406423708643,0.8393576810936901,0.9022163297708045,0.7037575846652645,0.917306500347571,0.7665301960527242,0.310663067704579,0.7465454970977049,0.5324834227608045,0.5176406112268632,0.957081579659485,0.6824911286057951,0.5486148696985859,0.637831534287236,0.3419671316688198,0.6150783758941214,0.6799758429824948,0.5414806294855619,0.8607652251643931,0.8575705803977012,0.7614613128099156,0.3904802401220467,0.8697575473778841,0.7199807198615574,0.9533403811445282,0.5993997219091493,0.37837173442061567,0.38583526205187196,0.6848757212134128,0.5708839609105052,0.7082704736475219,0.7813066443543862,0.8852466638298988,0.38215514471580814,0.2119806372462246,0.27537736429720877,0.7423284953062256,0.5418909577545015,0.438152811201023,0.5018681671902396,0.7847699152033555,0.1041814178558115,0.6917168845659419,0.8028563056934528,0.5944057535598761,0.5048308741101529,0.506285803256372,0.6082392416220713,0.4882122433769859,0.8426705960473937,0.6281251665754028,0.6316339495147811,0.43958781331719243,0.6827017262663838,0.5085230547022784,0.9409744117187908,0.8163223290155699,0.7157944699610622,0.6008793465094637,0.7412247371084482,0.9716058123751001,0.7065299697730982,0.6231992231736083,0.6227155002018578,0.3799768834455296,0.7373754758812205,0.6361789749915367,0.6460249304620647,0.7351876737033939,0.6159505340777002,0.650521202956553,0.40546238677511054,0.3064983543669371,0.6020551823732225,0.6521850480519753,0.671759470050493,0.6412064422605951,0.6810892752467036,0.5941125405679674,0.5381654035806815,0.8551370428129134,0.9384211426013063,0.7098793959874377,0.654267685198195,0.3851637192376319,0.5939253733055136,0.6311432368891896,0.7557480557855965,0.6054901672854344,0.5288392244038586,0.7458515377455315,0.7164302337291993,0.6868531655795016,0.5713808792186628,0.5401947667018951,0.8931418332488357,0.8925826199195086,0.8472071223782557,0.35764515460030455,0.6271771455601329,0.452364660088631,0.4402354605314756,0.46776435531222976,0.383295095514515,0.8043584219680967,1.0,0.5333783005514119,0.32667252814115944,0.4119545801516915,0.7272518373808987,0.7340879408371805,0.6805579397248933,0.7650807658496612,0.7139877440065159,0.7282152006317892,0.4398948772533022,0.7068967731066548,0.20350285505836563,0.4512820098805486,0.8319520201865007,0.2757915701906076,0.8266464030071825,0.8183185090366923,0.6054616826267888,0.8035304736715414,0.6557200947935691,0.5216888302633487,0.7302683545717636,0.2996401818546528,0.22419554343934706,0.2721148688901583,0.7681840014203247,0.33587860518772594,0.5876022723909679,0.5273324697657097,0.32502131162645786,0.40167647394638184,0.4271672668991141,0.5096698795489596,0.23454527647529022,0.6787938987911841,0.2594775824188381,0.9153607387587387,0.2551643528505341,0.2798259829046652,0.7221893463266279,0.2631150122294736,0.7004747858663621,0.354370978962279,0.8472642693604924,0.34849752556630126,0.2524819228066493,0.6537229476922487,0.8192444084044829,0.881206340094359,0.2972669187700271,0.871940689239894,0.24418632848050942,0.19370683565820845,0.5185344682290065,0.42397160247081866,0.49751811421061387,0.5599384430581211,0.6382160289085175,0.7897086201240618,0.256702880409477,0.5989934259026943,0.6256343252501221,0.8319346716777167,0.2061342851764773,0.7719777258378342,0.6130925861609829,0.2993487683910814,0.5775351338133592,0.48895217616902165,0.673665854263172,0.6554813321283082,0.2705737779415363,0.678229814377687,0.8771697475013169,0.7838526694964167,0.33690246302516214,0.6463919426086132,0.8002557140228136,0.7393120030767939,0.6834704150380599,0.6745814833511876,0.41374855638327424,0.35898876432510385,0.6420437039932417,0.6493321683962949,0.7649206479164595,0.9178549682561652,0.3178216095808406,0.6893037325449729,0.6922399035381646,0.5254636945607734,0.5714263738061558,0.9638675344157599,0.299030492252293,0.3503506902784976,0.5115712447234239,0.7722162176248825,0.4484304637399518,0.837510439103856,0.7936201869553983,0.9408674873967862,0.6026346724921718,0.4050336264191572,0.8818756557816964,0.8732829978972909,1.0,0.7712880916758271,0.6128818445885461,0.6334711421280494,0.897874253431029,0.9636596596936168,0.7480163867381383,0.25519390322051166,0.26694532777350244,0.6953651324850207,0.3142828572443972,0.6933595243723141,0.6355387388048409,0.05546665056801963,0.5674727131167001,0.3734277343544206,0.019924444583061134,0.4193798022454188,0.6719215016074603,0.6779438132730292,0.3146174420729153,0.2639047866075999,0.35783278020693693,0.2771192825979312,0.7445095053300317,0.3292752811810949,0.4620141570372965,0.43902210256598856,0.8200768208357686,0.5829925028919963,0.5500134234652067,0.6851389058882782,0.5950104891168272,0.8164285319044139,0.877744961397376,0.7872378040166234,0.8696792408381812,0.25025785994341043,0.33623364371934017,0.25264981776399514,0.310369343374855,0.263503471946138,0.6181159875738377,0.38173664878176183,0.40572450556093065,0.5408838627148995,0.32029665326228907,0.9244164075650844,0.852000353307772,0.3689738404140157,0.2269248633926478,0.34608857234847573,0.36530048603572035,0.6893764171598108,0.3388043248304356,0.37897629459930116,0.7564608168509234,0.5291990742428352,0.5634954104137171,0.4881939385048752,0.6042451704276255,0.5133602906940977,0.5497900920744616,0.2809844354383116,0.6423782014206468,0.13930933089106717,0.6416747548622966,0.17485060310904568,0.577837067753549,0.4009816336984354,0.36612560878566447,0.21038683214496853,0.963917035649436,0.32973438844904246,0.2770893282403707,0.545306926944423,0.39250402741318086,0.6472225474648095,0.9845502413890012,0.8046914395512941,0.38059948521338727,0.8865247037757051,0.8734762905742508,0.8444790995983387,0.7806261225512358,0.5034936510353086,0.2534236380660259,0.2655580380839109,0.7566296999232126,0.7471270976056925,0.6191601791129602,0.5745030700166809,0.7258998387154948,0.5446740059691132,0.6146886940191912,0.26389633768683085,0.3488645241135684,0.5756141060993019,0.3644096493341221,0.8872870695637034,0.819378860952237,0.14444848398870525,0.842934546613582,0.8712073742825373,0.7223789780294236,0.6951383525418366,0.6679178054939349,0.7288827437207894,0.5976429961553019,0.31825971299524786,0.26312941914024623,0.6701928232922542,0.6516875273788226,0.6760797150799114,0.8521082235190773,0.8479401719506044,0.6627280409573716,0.6478208273108461,0.6227461260961183,0.4320635138990936,0.8852877947376113,0.846424396313039,0.8794025666961229,0.9078689415687058,0.8654742712460709,0.6761285966794289,0.2602764773027548,0.31248866912581996,0.2915576167774191,0.9007612658496543,0.8906288971317562,0.8456705337037308,0.15157673785034428,0.7923969388000774,0.8752855465043107,0.8663339782160611,0.6750770089919138,0.08753406410017324,0.8296538692472308,0.4394816650522377,0.3906780721733949,0.5283033415275983,0.5182085530787378,0.27534499782454414,0.3994800404118199,0.5817466779546009,0.7913649229594433,0.6198770688909179,0.9197906690969353,0.8883844431299824,0.45645035149983104,0.49812730405836114,0.4290459138116665,0.2504731518175487,0.5578985089299323,0.49814067880282925,0.40226315711235,1.0,0.7484814404286624,0.8887257138823748,0.1959621239821409,0.6434031728716325,0.0772295632856393,0.6622473604178601,0.7239024507793439,0.5302133492679093,0.8722656818282912,0.6681757466488867,0.17506322000177035,0.6181566446775592,0.5821808169822775,0.7632460997540148,0.5088248446019477,0.7557247620912501,0.9005368513154558,0.4682243569248879,0.5219725810264153,0.31229689096962804,0.3926551914741097,0.37779945028483003,0.8087479050307602,0.8169930460518401,0.7774509896848387,0.7746058541293667,0.13812786911199001,0.49773002567286423,0.8946543055511063,0.45413480649615123,0.5993281537236897,0.6432400207389232,0.6100917422764672,0.6359756809723313,0.6446526398583963,0.6423376054766922,0.5803827257799448,0.5471300665516358,0.6446634749757952,0.28176978761785076,0.5502133299948258,0.20139285597024767,0.27497232073801764,0.7925739470693421,0.6928161956165398,0.9314826826950559,0.80136277262674,0.8893597486553882,0.724150495647527,0.5662909460313266,0.9157309470734446,0.4949454115255429,0.548215555351438,0.15918867093161848,0.5558669571308603,0.1830778995658899,0.4668242832572232,0.17488223836358865,0.1807360746704618,0.1771801571316725,0.28594431881990384,0.4376357103618261,0.3464288997486403,0.1661073818706698,0.23642111622321124,0.24292322831094076,0.2678078942124138,0.2663452074729549,0.16785146901552295,0.12927394637238127,0.8961675950591471,0.4203831481631284,0.3893467359022969,0.43846485827151843,0.86998951897754,0.8620437399831348,0.4579117221740656,0.7423670133193409,0.912363449770626,1.0,0.8800382106419685,0.7350470767933093,0.3783070455876267,0.9338351591372501,0.8282397915146065,0.9043150041777691,0.6800288311481176,0.6601052055659231,0.8490423927123569,0.7109216188397179,0.6886990353210839,0.70106445136818,0.8019046422669261,0.9644050807994943,0.6642904867464512,0.9092092384727781,0.9461382425937301,0.7415433606589837,0.9065421196287788,0.6092910788596018,0.8385281967778863,0.8983414656907729
71,0.6051600413916641,0.41075066557277196,0.8803862103231922,0.8548894774120057,0.5622881543512234,0.809686329740012,0.9518859131606949,0.49938721599736513,0.3042007307398513,0.3975546191116576,0.746821220349549,0.5832657414229695,0.5576212731128717,0.7625718653156707,0.1705583201481638,0.9336408910626789,0.7532810381829296,0.937403332536187,0.4638975860281352,0.5765149891171752,0.7415429571218783,0.3802340739846249,0.32036613355452837,0.5354254749644848,0.9799885904436264,0.18280116849471056,0.4063232279514388,0.8142301093870504,0.8040379964909965,0.920076767860188,0.25163253000391783,0.4241437913033587,0.9012329476122362,0.16788670359198038,0.6138545285508243,0.44555753988228214,0.4907419185855946,0.285137068502877,0.53930921887666,0.19786451189720713,0.7228951159939362,0.28529229573053055,0.23298859621967424,0.19646044456306067,0.8995024553514028,0.7227014069929367,0.8047619657392365,0.3435675134572184,0.7182165995130765,0.4695359797868323,0.7819103159450869,0.43466750815591,0.6008636167170802,0.3736781100323066,0.38537008680658064,0.3618907693578015,0.7409510333486377,0.8479812038213413,0.21509219383714495,0.7226366400804617,0.6466318286624803,0.0901750543525811,0.5972271092928007,0.207509989474863,0.32628931625431834,0.2583825359749561,0.37602874438783696,0.1699863180278036,0.21542270620073636,0.5627254481925998,0.5594735264694705,0.07881870459632459,0.38591366245299114,0.17099246531406787,0.07262212439791203,0.7326889819831953,0.23656823703384905,0.3955952036692348,0.6557836691505468,0.23069738504647144,0.5485260391116591,0.44490487063921536,0.7422171189945393,0.2598289551479792,0.5217130489862584,0.9670877992870319,0.924136175987399,0.5038888473676846,0.9321414470620276,0.7373015071119002,0.9294397301497925,0.6523210212045762,0.43186626188287014,0.6235208266694178,0.381462858697823,0.4945086085193273,0.6889751997679225,0.6011586753440291,0.42864870519959725,0.5249485259505566,0.572167698511932,0.4700182024771819,0.17918828801369371,0.3733801603073432,0.7969163999564727,0.8041233939812406,0.7000575151283897,0.3084014718861893,0.7954717282424103,0.6137772951392548,0.5292916003067504,0.4177880977367692,0.4463270023090775,0.3923613692868061,0.5397582218824274,0.736162069849637,0.5342566311700797,0.08842033442444192,0.8291074652910968,0.2995205628194436,0.23159852246996515,0.42724797386222146,0.3983296487144946,0.6846719659525106,0.4311974588575404,0.6416946100784839,0.838120664497685,0.09679325407261895,0.708193900786786,0.07094182255925187,0.36695937961281316,0.5361269097578432,0.676650031476918,0.2560980413448321,0.5109135983861528,0.7992049132735469,0.48933369459959913,0.7568943010050785,0.9871152491298214,0.5284099092000569,0.6731357304608006,0.910609390508265,0.8042622689325387,0.5766348402422444,0.4141331981365847,0.7104033618775425,0.6984541796109888,0.7082457683249374,0.5118575285368393,0.5405052957059052,0.007916842766163574,0.6928636672081963,0.3446854836421731,0.35249838824939045,0.7801763480086534,0.3428348524466651,0.3331025893679981,0.3008078248786345,0.5593279964809137,0.6424074779789685,0.6359134546612465,0.5708810139342654,0.552313575687954,0.5415988568952497,0.50626328377512,0.4598850581889055,0.6455483073752515,0.4551369797164486,0.6455343332191181,0.5932138520137082,0.38325782717868256,0.5090924261388329,0.5806623891013621,0.7055104721512498,0.4994664658960586,0.30678063634754466,0.4986615873833919,0.5458172081631847,0.47282821742217956,0.5814268878805265,0.26965796358168304,0.9299781257824785,0.9274484180909759,0.9030699559100953,0.2992753362509115,0.5389184611596272,0.3654703353531299,0.5144986604831183,0.38950123404664827,0.24791510375882472,0.6333406362518655,0.6772146037364517,0.5579689725659396,0.23126968428052697,0.33729968159823365,0.5571627488656598,0.33863899230089434,0.40681699091072093,0.7277478181323203,0.4144808896425618,0.565786273314667,0.4076367881245975,0.573600278499624,0.18026588756693337,0.2641624926793468,0.7594665563852482,0.24205621887532078,0.7337061145902426,0.8039147679710874,0.25155281843879057,0.8115313709602155,0.24337695319192829,0.44413543079416623,0.7789118037203442,0.45962627544397067,0.3832439822888566,0.3919061360215094,0.8266002135067914,0.5022764660391648,0.5803627741643881,0.6010550495128026,0.043839975563065375,0.48450970869131893,0.4664354378305416,0.5600343064367256,0.39803969585583915,0.4621649394009054,0.3936349879458791,0.9156958364140685,0.3812334091059284,0.21597471575658062,0.4267433973223104,0.4017005939124032,0.4176741075996175,0.3496113974008674,0.9331142791593391,0.40491780481012574,0.3083315904016927,0.7161469762329851,0.8767476623447434,0.9154885729243464,0.4332525944810431,0.8666570918918369,0.38393260296597,0.1651876503376517,0.4798342190277082,0.43387312613012685,0.43989762335210525,0.3677430937231101,0.9189390112885507,0.848575465330707,0.07268824837730982,0.41868423420998,0.717461513879182,0.6965895722793525,0.021355412680199845,0.8387662812658304,0.17992391093754828,0.4385786221260046,0.1714661986101587,0.25946702062881066,0.13682508304109978,0.1387882904307899,0.19289788706126795,0.12962330453153387,0.725345765478744,0.934166154131892,0.24900761213730313,0.4791380121511756,0.35019267840965235,0.573440357402903,0.4687243029971504,0.3598635030772347,0.31158164826686374,0.45071207703908417,0.6057332171863797,0.662104160288618,0.785019336373257,0.6821952848193892,0.2666486207444691,0.7991162611907447,0.4958022822456706,0.32565080806134694,0.46560664668108037,0.9744085698206479,0.23508439197030817,0.35042100476721555,0.33094449475024684,0.8771574494827223,0.6912830373830402,0.863465875789857,0.8441754942475452,0.945954564118128,0.5787329216195684,0.44401280631535933,0.9153844885524495,0.894598894063816,0.4371092541097023,0.6639308324619196,0.6837090944228142,0.7708602430158152,0.6070340168825183,0.8052943286513978,0.41955092620532847,0.5420662109558717,0.15609817514433824,0.21095873883557298,0.24998274516982527,0.6736654094281807,0.5914129855615039,0.37423293581310324,0.14754010928053132,0.548864987662302,0.2300196301433651,0.5619552347751119,0.24337306290024227,0.27023296990538137,0.2530232653037951,0.42931257887139673,0.6031861475906918,0.4343510333348244,0.5872263052945306,0.47683290864103156,0.6985960492320376,0.2604410244865156,0.8852398627442164,0.299892949697393,0.27753869152433874,0.4716554630427651,0.2891782469848951,0.8311172644196547,0.915852087188874,0.7970300254800259,0.9314256648418594,0.4191950560844857,0.11045190834043378,0.4228631921374704,0.13148068690535436,0.4487202693279717,0.7459609901251272,0.372328753489053,0.08015735004796623,0.546252490168426,0.5277842681920503,0.7541829116585091,0.4639298816062938,0.19106628000502704,0.14279128278142414,0.3854486847255311,0.42678679867574554,0.08958260673615576,0.412292455000897,0.3860971936737688,0.623147311591813,0.5963570038559193,0.6367026181292904,0.4201520948668631,0.654152435459368,0.38809262959367535,0.4331899648108078,0.3069495352375461,0.6976481058042776,0.05600636005366256,0.6423308130360812,0.0692955081956252,0.5912556714194164,0.4215207138910692,0.4273317280623785,0.5333617771286502,0.8536942068415437,0.10919239434331854,0.30657032323417105,0.4176373045328824,0.3023586049318615,0.646199909784786,0.8669493973603738,0.39672524097586187,0.25867909732545935,0.9137988398869932,0.8605466655432609,0.6607628032993527,0.5810180133343106,0.5460080198860875,0.11212562455418039,0.13037420625893523,0.4135624935758631,0.39415170846437136,0.3731576879418819,0.40088985916776776,0.5010958712786701,0.366315469216979,0.41290078285503246,0.1401079567807868,0.33297225779771356,0.5861691966818556,0.4432878655253844,0.8474201718714813,0.6116326754241179,0.06274769427740202,0.38165550062535686,0.37488811824349066,0.6132771161687836,0.5916562855173951,0.4276628316535598,0.31675900381935623,0.23237384145350481,0.09334775055840659,0.2352904520228963,0.5947872178568621,0.40102947664653504,0.5351686088237142,0.5241178888293688,0.5147990370595208,0.518917119795068,0.5184844663029903,0.48614101934429044,0.30108640478143905,0.48171459160596236,0.47444754776804554,0.9268089354014749,0.4758802770337311,0.5414903285641378,0.47978246538936503,0.2039025724823686,0.18177949429110973,0.17006462634656672,0.4866779387005926,0.5035589028469621,0.7450306898827102,0.08929330339443244,0.5082516553324421,0.736463428406872,0.2790704628361669,0.46190434194832314,0.12906075201979636,0.4563459382194793,0.20563738455351388,0.08649501023799358,0.5123191461355205,0.33488786569816675,0.21089024776399176,0.23546234101921484,0.5367514888748179,0.9428757542887746,0.7297780238782027,0.9185352476913952,0.9231539513141822,0.3887222205309632,0.5286701985736647,0.35263599287936737,0.09889022930197905,0.35196979332250466,0.14740512990835497,0.5911958090406589,0.5990006398543093,0.7248470872944491,0.9163735989587249,0.16751000607218552,0.685458570610633,0.10675975889392121,0.5921823242857326,0.648445868644502,0.3077170762893413,0.9349014102585331,0.6037294368945805,0.210429624738825,0.6319161629368869,0.61301781925994,0.49593654101332457,0.21322009413645943,0.7937896977648836,0.9259639169887296,0.6063582779041867,0.4771400466970355,0.32669192274737435,0.3269879638816156,0.3045599114354357,0.5942610732133885,0.5907318275867631,1.0,0.9908337315456112,0.07601282140667871,0.39062522997465904,0.8951378130681207,0.34887181495492553,0.5670509237211955,0.6078520487977092,0.6286061504879167,0.6336771113684555,0.6132726604692122,0.6220397177565201,0.5560470064324431,0.9285758570766863,0.9630843581374401,0.5653205847160124,0.5748370536839524,0.29088711923938204,0.3076830603264834,0.6411061812348503,0.7586514651715816,0.8750872273762131,0.7103336724603019,0.888973902182824,0.5005298743301276,0.47488839846149256,0.9262857482671709,0.43295388290417347,0.4846935838075261,0.32552576597523064,0.3994490324858838,0.31978295801354434,0.645167085613434,0.341426820268912,0.3247365612333016,0.3263577443940232,0.5074170495195892,0.42487977097232016,0.479612726868131,0.4438650534104365,0.5117045304239346,0.5217063592973817,0.5231728167105449,0.5478909143639192,0.48890999703390897,0.31831948504357616,0.9160141583837137,0.5668439506221885,0.5690217457048976,0.5529435257827771,0.9123908887636666,0.9044482323806022,0.48236486280668034,0.5160916533775892,0.9212640647319056,0.8750901848633377,0.5507041390932553,0.6315813011323461,0.3503906997671088,0.9414143723978091,0.4168657102940678,0.935539493529149,0.7946649049296679,0.3481292845923717,0.7612702718755802,0.642076851897979,0.3601831463534913,0.4868110823646206,0.5048870256807587,0.6218592671436716,0.3625343881830333,0.9289430488493076,0.753014524514435,0.5654516972314274,0.9356343846802292,0.64529968725966,0.8874750357760576,0.9209515319633267
72,0.29530433092842895,0.2685955882321014,0.9063442136719922,0.8617316179429775,0.2861254464617553,0.5878086371720413,0.7419732229022874,0.35373209505467046,0.5455391597314614,0.4180501186034551,0.4489989604180231,0.34480436795860875,0.6247564697205769,0.6855876555448822,0.15755191134591448,0.9490426581547969,0.4759066622494132,0.9508936540960833,0.12928409677139654,0.5087317707091827,0.7670248150151604,0.40854470068321425,0.2777580775915394,0.4745693744047408,0.9569153603168568,0.3601358928022993,0.48151643943844513,0.5920556555163382,0.5880338849094456,0.6710519080729451,0.28250844394316355,0.4363022418182785,0.5895355977223802,0.22073682181273352,0.6950826323188203,0.4407243948291644,0.21408746908502702,0.25083700048742846,0.3152879936290791,0.2742887606027431,0.3624722980782593,0.35804582348030684,0.6607739544211425,0.5931523112496746,0.9053594490275347,0.6012960249051481,0.6800564450975201,0.30891046014847534,0.5809315831399738,0.5551037478871451,0.6503899532651448,0.31598690723864076,0.595366928936098,0.41871412458198903,0.2499564797217913,0.37955214268003223,0.4339033973056177,0.5914491751483305,0.2465520541026653,0.40226256644717395,0.6266333608231152,0.10077208550227751,0.5662422052316384,0.47121276574124926,0.2997415651993006,0.17788240991335816,0.357720662814144,0.4189537164230548,0.920336003502153,0.6161484760949708,0.6041433196777423,0.8323255288259352,0.2714735865558278,0.19394642373756238,0.8047882048343928,0.6343382222007593,0.2683743303201745,0.4418754186520118,0.4332233139957708,0.17402646823483586,0.5157284204090016,0.4820147254537832,0.6199434490058746,0.08749683868409656,0.3652253419882495,0.9474221013782952,0.9019130601739428,0.6136787033090566,0.9463979047291771,0.691415032585901,0.9563042784712895,0.0,0.3796877953281119,0.6736138267118749,0.554839862516962,0.7326912324354811,0.054927702905163196,0.6195102572869662,0.2733916007532737,0.5499833530610574,0.6532841450260161,0.7010795609518193,0.5288359147883764,0.18858580094177851,0.4858581855666562,0.49601134258634494,0.5244643611642233,0.3413108966451684,0.4714034810248806,0.646263795967364,0.5735985526508179,0.5454716471748399,0.5229575993654324,0.6037237418488051,0.5345610374734348,0.6826377846217968,0.5616315261550543,0.7711991434216844,0.6994753272602428,0.24047866131219628,0.18767103401359325,0.3587803761271131,0.7748877264859465,0.3594757703219251,0.510711767516312,0.2735581659503533,0.7670878081382624,0.40218697096849465,0.5871566473183879,0.8689075321530009,0.47198435867683664,0.49201267248997765,0.585124325984996,0.750423877825993,0.34441598637670184,0.6359818386087589,0.5011070021554416,0.5404948930097532,0.12230856107633602,0.5940634907267895,0.37852558189621394,0.9331699301034242,0.7968182338550682,0.5808182397528457,0.3996688241062276,0.3606916172737978,0.16739371188769883,0.4054654365599106,0.7360315783677602,0.5327799330481143,0.533889777372302,0.38453163197370727,0.5951717498542691,0.6002359709578967,0.7020316931723761,0.5680019725395017,0.5490145305029266,0.24853450200424684,0.6281137127916,0.7702368253346927,0.3243534593338383,0.5858479061698135,0.34672431681263055,0.6025899912913424,0.24796577610895693,0.3996236893964621,0.6902652426113065,0.4529584604652819,0.7295252009934771,0.15637795842687283,0.022481735900015423,0.5407717824527594,0.12688990465353026,0.6855559403508554,0.4204509088140973,0.3142848023337265,0.8735837885582718,0.6247956180011892,0.5485240800180309,0.38970634320987646,0.4989796395583646,0.9521224290570003,0.9527535464904896,0.946025412982245,0.49431073871826725,0.6244610320005535,0.3386691135442181,0.2352396288515436,0.37825214895243037,0.2924383747031552,0.6474009837758656,0.17322987543913332,0.541795674189063,0.10875863168712943,0.41401172769185657,0.7071471266142103,0.7638161053622659,0.6575050466746418,0.8056998367494289,0.3106778737518721,0.0,0.6235824993890029,0.0,0.4479560413235157,0.3797586293142194,0.47092213449394926,0.19942513772394505,0.372093927475317,0.8912709405948138,0.4445476604097077,0.8127321109609901,0.4876812955991598,0.462981103923376,0.7437160856268943,0.3787236161171761,0.0,0.40601682136978123,0.5332201734993552,0.46247280947037744,0.5495134178089306,0.13424189003114023,0.11965414090252292,0.48227083794351516,0.408370567296661,0.08583311511185615,0.43468832676337654,0.6464144123735184,0.45719265671078857,0.9092625263701763,0.26176891232931326,0.3404501153372409,0.460106144671487,0.011657841226068982,0.421522365161047,0.2627700763928076,0.9206941788474348,0.22148083279130576,0.17495096549516753,0.6525955109203034,0.5856707215368938,0.9427069292084717,0.4648964471651395,0.9406430187436928,0.5866393553985063,0.16862757060391997,0.5382483120121235,0.24428250341090824,0.5134626467591149,0.3235895339255157,0.7582159627285409,0.5551863660263197,0.2808207573245202,0.75634766947383,0.6615034248494439,0.26868504843376706,0.15497317658572574,0.5290253375333189,0.49023482129800494,0.41539956385774046,0.45877141636318514,0.3870714666008234,0.5924044395681781,0.5730170312755059,0.1202507963514869,0.5537244180228957,0.6987243498122149,0.908117590666116,0.1434313180733087,0.4682927195674956,0.29643230105525686,0.9038344559000588,0.8108616128523803,0.8072959792583616,0.42276589700436185,0.20557416891496272,0.5965569890920839,0.6081941446056819,0.8310232934911658,0.7834879396734269,0.28863713174946826,0.7097434311244495,0.5744121826259657,0.5517983361781081,0.7750873092736497,0.9649642134729489,0.2448629727637661,0.09298418350591464,0.658078749607721,0.9063673263762816,0.40203732636645795,0.7340989071008442,0.8623935081822102,0.8946803734098883,0.5612161813482457,0.3588677477035056,0.9437730306820126,0.9088178696267635,0.539613415346753,0.6909638706023652,0.45567201212497377,0.13129704711522702,0.4297250067639292,0.7467493832686416,0.5729548846273361,0.44570127892785494,0.4023717830310863,0.6815609535034032,0.18697891220710938,0.6752983055882893,0.5954040262977729,0.4621501244764345,0.4975063273916914,0.5348275657366973,0.2077934538643938,0.5707095967158518,0.8259538341827146,0.8297947863812496,0.31035324105596085,0.4549689814015689,0.7646285693047039,0.45836598092096426,0.6566308476027177,0.47841315503702225,0.6123644720904388,0.3206549151131641,0.9153396775519935,0.6416521637666475,0.6018077243412221,0.7548995387410269,0.635671626018338,0.8568340955701504,0.9513803320177083,0.7882283126899999,0.9455215245432026,0.4404634053632547,0.15604831828244944,0.43960752865098535,0.128596616612503,0.46809016533665443,0.7074156326459428,0.29642672953916344,0.698232976397589,0.5021625762121437,0.23509103636932555,0.6525132387654939,0.516433896689757,0.3326337427599719,0.10089279940416546,0.384650607585219,0.40185819022547253,0.4696207491438193,0.3740199347789352,0.37644951616774724,0.6472560670689662,0.6391693773986227,0.6688959913052006,0.4622613952940564,0.6806078790113499,0.3630647734381241,0.4072866977848077,0.30976858496905607,0.8125334420482252,0.0744880389413264,0.7981704545240282,0.11351024375188663,0.7807318847930975,0.44587735824231833,0.3912548596089395,0.24818996521397785,0.9439698454314502,0.19064975387570207,0.22334489657521894,0.3775504861664305,0.44306329686335816,0.8013320152218703,0.8310149502638869,0.4779174941506717,0.3161613674891981,0.9468591274256948,0.9359752466622018,0.6821963857377586,0.5900480836406173,0.7419229472299768,0.1577050314645332,0.18298669004097193,0.5895487638952996,0.5750756919766397,0.6079276007648713,0.6131152997416467,0.679021582009827,0.5910424796512895,0.5975478560209995,0.1418523289858151,0.5226270429044627,0.8094631264990736,0.6258108513220669,0.8848134563854727,0.8200095598056804,0.11593128430538023,0.5118086726519565,0.5277641167478552,0.669734913418548,0.6007228681796452,0.5798370440361574,0.6018118052398695,0.38883132525603603,0.11409405032166307,0.28807291548313063,0.42877397601468903,0.25333916611266133,0.603477433232914,0.7128182515400335,0.7092206904481491,0.7342705509281202,0.7307805788017881,0.7049298877794418,0.4533128657837595,0.6094116246307199,0.6783310536704235,0.9502663659940119,0.5838432023526035,0.7113897293484291,0.705895301165736,0.17717669750079382,0.16517656119772983,0.206611127599052,0.6194223604455367,0.6471666187127874,0.7589682727910737,0.12840041869980243,0.5730382783416998,0.6328250447606245,0.5737401748521073,0.4432750505462313,0.3638505404281666,0.6448127269794706,0.25317338468832423,0.14713116233523488,0.4984623245785949,0.5687719097428513,0.21138221440165064,0.21702685217219744,0.4490354530740037,0.42223303448814403,0.4902442812875747,0.8917319045388796,0.9449721610377079,0.3624492022982897,0.6094079553478066,0.30909095912743806,0.13737727974219832,0.006533826689864349,0.6715480748251474,0.6219314646977097,0.8453876463708823,0.7086611910319375,0.9546791520896207,0.2043892438133747,0.6784627083087613,0.04281642559211012,0.6017705225967401,0.4734121833959195,0.2867421199717577,0.9664035971831596,0.8104241538447974,0.3942241924153699,0.5748057518928512,0.5853478284917982,0.5355879004948256,0.20448936361302492,0.5432223652412965,0.9474429493618597,0.34915990703361444,0.5944318621765853,0.4671401715287464,0.36944859332599495,0.35193373470628025,0.3573426909377939,0.3537854211663413,0.5326934690117245,0.6415925173578986,0.05876957613665942,0.4392858057524359,0.9545476056222371,0.44591422911009687,0.5488476590888898,0.6033416533406519,0.601012373381937,0.5840069417597519,0.47651487236938345,0.44692344615579205,0.5743867143264583,0.5744666554179044,0.6733272391466767,0.1894028660069685,0.660972993667886,0.34635837181464896,0.42324912029836315,0.6591579952931468,0.7946981424508354,0.8139203412050335,0.9063793796052959,0.6650334580307306,0.49019518425958497,0.42201147509573805,0.9579922658726586,0.6424792739579303,0.7131571135925259,0.350959124029965,0.7652207894545129,0.3522409119165958,0.8625864949438465,0.3738469198511661,0.34041764222667575,0.34098737016240815,0.5392232586889465,0.4951165408819979,0.5666735856471181,0.43698523242855386,0.5536795669475262,0.5547702744776143,0.5657897885992892,0.5800279581000264,0.45356286243408467,0.3293634156717276,0.9468772221228147,0.5993072065667411,0.5557485186789519,0.5601956653571781,0.9347212493962901,0.9487023254438137,0.4207972886193013,0.6545949541619133,0.9634861184431711,0.7653893134455745,0.7900837619697405,0.909935246180682,0.31538229599955614,0.9568187051037595,0.5919179673265184,0.9584730736961885,0.8996668933431073,0.44008748015502186,0.6958371598674317,0.5917037347407987,0.554921283452785,0.7109141550913387,0.6638692894954947,0.5925327181216963,0.48517196466810036,0.9366868833471623,0.7329735396571548,0.9624472896220051,0.9453924266513393,0.4812494757930193,0.9370327240010583,0.947254057741766
73,0.4870357447771955,0.336550333673782,0.9162690630040448,0.8677133524692343,0.5521357327507744,0.5624676716041901,0.7644662984475131,0.44363465048198963,0.6707519378101225,0.36156453775168373,0.5095750268067013,0.4048655681931365,0.6502756379056838,0.7913053190682322,0.16179742503966704,0.9602550665192997,0.8024940575212386,0.9488123887688314,0.3384807839003337,0.18491201467587207,0.7857463753154974,0.4760044275213435,0.08743658177934864,0.5520600699829908,0.8330805134943187,0.34278274354548965,0.48032585456604504,0.557754707340879,0.5530062332064175,0.6647986619165885,0.25878975053241127,0.5486921495828817,0.7171694767964398,0.22068162218888032,0.49665016398496614,0.461745052223647,0.2636324012214104,0.2278350743509706,0.5669478497073416,0.1308250450867395,0.1884876316778202,0.2075652051528293,0.19783166418342069,0.17714542456654694,0.931944861927611,0.7289798657459147,0.7221989113413892,0.4946829541744793,0.7391230134388006,0.5784303233202679,0.6955647367859586,0.30473524454401557,0.6317769561133902,0.49663389315072287,0.1721734473236143,0.5913603352085035,0.44022396227175675,0.6260102493011585,0.3689392953770566,0.4116084481542133,0.7692400470431295,0.2681248634470264,0.8156008494177394,1.0,0.30167389816247725,0.1517206680580542,0.41713365472303837,0.06003520557208501,0.3969544832416179,0.6798694557879451,0.6163442894392153,0.2915841592890273,0.34581728666857275,0.2016412649070147,0.2000701834704768,0.6108875549274408,0.21213886505733995,0.5598414023904568,0.46576364433042056,0.16812145332293987,0.6507626951892508,0.422883782285799,0.49340111788404667,0.06335231521096979,0.4456928728997359,0.9126102070112749,0.8396564726157815,0.5179799622261145,0.9605850282466899,0.5964094011986426,0.9600184334958913,0.47435040116994304,0.6273272983752897,0.6064551499259416,0.38781133539303725,0.5679385908395972,0.02771490073537836,0.7405418668230523,0.34652858237905343,0.6996679423715895,0.43970159308474466,0.48002289573671836,1.0,0.4643750831388061,0.5108731151056115,0.5086517206610649,0.8451654662540508,0.5005915111252681,0.4742104153635923,0.5645411581353632,0.502262155477104,0.5696404090436412,0.3234839891094087,0.3072579719227175,0.5956968334257347,0.588812241821745,0.6187289278485731,0.17376230137175316,0.6880395847110928,0.3279176602690186,0.14931765440326702,0.1603150855227858,0.6994670155590296,0.6102192084817888,0.3682921473479845,0.5585046309958883,0.7092016643399542,0.35981341937123296,0.741452157055019,0.2791487232389898,0.44168184530801863,0.37469525848440693,0.3782764098520476,0.26273410346074794,0.4809503853652409,0.7700557010596439,0.5156356704269295,0.6561000583522284,0.7444554376067043,0.648556481276402,0.5351475205497626,0.9287819751545525,0.844461664286801,0.6344749387081057,0.5044029454310511,0.6277088158730483,0.057991385331889085,0.6482715832248475,0.5012946177294172,0.5945778936669165,0.5108570180464878,0.6807865202695572,0.7113548216851173,0.7043680331806625,0.6104721127774718,0.6914388233597154,0.7161680279554268,0.3378349651076596,0.5444916509355386,0.6512375953082724,0.5681155049405722,0.5235144720465246,0.46027608119633256,0.6732096216886252,0.4555127326306302,0.3985649357390043,0.9583285647957104,0.47530865502214115,0.6719737546814182,0.5818616504140323,0.1888528640692534,0.586779466648402,0.5623839140811141,0.7948884703867111,0.4793567691707529,0.14172251100966843,0.6250270738397604,0.6320052399750908,0.6156506750083367,0.6337230748209226,0.6391816510060024,0.9620541626050219,0.9517126705493754,0.953765700147492,0.41735191186683973,0.5996158885728861,0.46578697446164574,0.4255238673601711,0.4768260635689455,0.4555226228191145,0.7039603584858393,0.6186270127534396,0.7597532054794056,0.16866128748544604,0.3940263148470322,0.883964467977425,0.7825912401961315,0.8318534310725054,0.713314892053412,0.27044366338900827,0.45754865213231904,0.6030954682705861,0.3391310884803788,0.4195824086386652,0.5257005516134602,0.46866159626764103,0.12916770247013018,0.4232321806946842,0.9093494613234661,0.633056927682912,0.8277926442675091,0.6636139508806117,0.541562805170871,0.6576636054109134,0.49007713665138225,0.40651187711184567,0.5033115915918044,0.5748359951643445,0.4395782025281998,0.0,0.4588692908441163,0.14302905101044525,0.5671872733894006,0.33237343181698,0.6822645693766595,0.5295229576261792,0.719007850695047,0.5379522753014435,0.8799989887316606,0.5904006803578842,0.27455158732686097,0.5054119427092816,0.4124687951597071,0.49993937774632824,0.26080276978703126,0.9761564606645163,0.2709064826211795,0.15157226794358022,0.7047330058516961,0.6255370372495673,0.9516993088150248,0.606667548020149,0.9480467393508434,0.4384020978676488,0.12616121578498252,0.51260293977524,0.3937633746871371,0.4821007229496579,0.3640919980839982,0.8638575589673863,0.590589251574615,0.2694296588073771,0.50461853026996,0.5215292085409942,0.3337105731623711,0.11169489972430481,0.5675784582384191,0.572846046506859,0.3802766072321283,0.5494142543896096,0.4060811595628808,0.748851252821299,0.7429225915841196,0.13307259296775448,0.7486460598789788,0.6869616985087998,0.8406263885666428,0.20979454048050275,0.43465469133222406,0.3386650686221874,0.9941056576898338,0.6931479028048626,0.6674478629987523,0.5243915404750358,0.20990575147445045,0.3068248222461336,0.24469853289903862,0.8919460437651727,0.7544409344329576,0.3707728565407217,0.8207796879958669,0.49983130954810945,0.21946188637262934,0.4898652534742974,0.9481780640982649,0.17916170790532293,0.2893506667550576,0.5091147259914409,0.9402607024007976,0.32591327967565836,0.8220046394248679,0.8765443465210128,0.9212185893679624,0.5445586637680728,0.29722809999100297,0.95771981270458,0.9615708125803362,0.47174097942536897,0.7370802347082219,0.6163761519052027,0.6236922216767772,0.6606529770489052,0.7438648903679643,0.30931212193531515,0.4784537956531039,0.44726900077691906,0.5503867486683314,0.2834493868802589,0.6620946789734569,0.5187411905723489,0.32987073148451934,0.510435196989311,0.6205159770066456,0.18298436579953908,0.6336658024332148,0.7051059845937176,0.711213757431046,0.26452760185255914,0.5544503448940251,0.7315030613942896,0.5608065299827847,0.6318915710816762,0.580301499099303,0.6157485735747489,0.7588075831359865,0.6668029372467487,0.5057083140238572,0.4676179410621032,0.5899847081310872,0.507779498739177,0.8255798474148711,0.9588641489092521,0.7788471594749395,0.941583597527667,0.5357263805356351,0.25864087183997597,0.5487180793286306,0.24213123817324786,0.5850304162313275,0.7972820353134167,0.39150207242919316,0.41773762447224516,0.4788201097097213,0.10086649534061189,0.6619188593355854,0.4054699033998073,0.29682681026177177,0.19781821748122497,0.45013731074059143,0.4787963063289299,0.29852926287050985,0.423363638320329,0.3505295971648786,0.48692981724876894,0.7334616071931629,0.7284788917320308,0.4500687502455798,0.7325732241314521,0.42054522962810287,0.4932256145730739,0.21393158014629082,0.5598877895901657,0.19919827749128552,0.5674053507518265,0.2265357837192609,0.4960488850745984,0.46771491513024277,0.5164971275649409,0.3388479619866385,0.6678042825820609,0.22187046105216385,0.19524837844434192,0.4021016334175181,0.3135611001289284,0.5372261512940657,0.783713748236749,0.5277613890127276,0.2609981474475115,0.9509447781702025,0.9487376048508305,0.597877692993883,0.41651813528985454,0.45271445548571165,0.23702702046499727,0.28349643155028087,0.28918280795171314,0.30353546447450447,0.3573704393426073,0.38477983580770325,0.6370193930683816,0.35807397422637227,0.40306171623846365,0.3144757838929466,0.7039372748257423,0.8272423333812843,0.6522481425986584,0.8528478300758382,0.826381943485247,0.15338888994132985,0.37168836404996186,0.36718134150448534,0.35085948122765453,0.3205963825587858,0.17484011699831345,0.1461604840566881,0.17908135816815243,0.24630057316791826,0.22726419513224227,0.40583452093900585,0.34133041337107833,0.4825951708300322,0.4310703728890261,0.434889375486564,0.5057708549217199,0.5221581472417187,0.3578136513434517,0.29185966638063393,0.4838650546406704,0.30497242236656313,0.9608450774296569,0.506465277924517,0.4422227804961901,0.4477764045236794,0.3549403224461848,0.31223724626535104,0.16229860381993214,0.48984769243299936,0.49622120327015945,0.5405535624263946,0.16441133221920387,0.20928984387691082,0.6914526711797081,0.3891399545702922,0.3552637885586908,0.4474718667889726,0.37483033195771054,0.37040332721908603,0.30572237450199735,0.4726016718589598,0.264149308283054,0.3243376419641792,0.15127061911419615,0.4897322340892657,0.8033356876038384,0.6791153588094143,0.9093789936879741,0.9586515567556821,0.22009116757949396,0.25552287588315475,0.4932033067284557,0.19548803270931306,0.34349873149060606,0.6451607620301287,0.8233993276224932,0.6389452923406315,0.7010409097029877,0.9605794568181663,0.08765081760118244,0.7900175846447702,0.12584415439817834,0.8882020977937138,0.7931278983503556,0.35164350157160085,0.9420574882924917,0.5952023880253341,0.3279435099097608,0.4678752165228109,0.4932577326081393,0.4755800892561656,0.17988102058559488,0.45202244437120087,0.9636373815643263,0.38766182579325614,0.7316094082371051,0.597582631233616,0.5037482376692196,0.4807195366521251,0.34753545568559324,0.33957183065832525,0.33197423573226903,0.4049893510221492,0.11540481716084976,0.5978569418878001,0.9720458731497345,0.6169838694005861,0.6882581789058975,0.7088715037678035,0.6292498427544753,0.603376672693701,0.5000100363067705,0.47320111327483777,0.48896607725250746,0.4836760427393569,0.6463344069508326,0.5279211799791119,0.7028068857850759,0.4975520144102706,0.19624675711204842,0.6153185926621718,0.5081634531431634,0.7996360284624245,0.8016853729435197,0.7490222988628987,0.5021347180192248,0.41002109422990846,0.968534849926537,0.7245282229779784,0.7769957699498452,0.45167515752516757,0.7402604711805202,0.44696038743590133,0.6753609857418981,0.4759082054734679,0.438836981175161,0.39419281065115946,0.6275672810174063,0.5705111491410059,0.40998190760019104,0.5513915888407067,0.6565534895477603,0.6647504005866047,0.6715853492436996,0.7112761753848389,0.7005348974911116,0.4796464410324006,0.9763580993358286,0.6509553713617201,0.6990075491901386,0.7369892427101016,0.9436320713945391,0.9515361526123329,0.3967149231334896,0.9018222183428563,0.9609404863417179,0.741288314394892,0.8392434074774447,0.525344063497563,0.20295577522119596,0.977412242086173,0.3582625692267599,0.935118179390452,0.6068072308810158,0.2180690498575081,0.7273989818889329,0.5200736834271071,0.2539678773861928,0.46430515161002245,0.624312521948107,0.6945564425676433,0.2095977298338834,0.9609193856372822,0.6650011966926563,0.14954753303354892,0.955778661434808,0.24162604474971672,0.9388283274029556,0.9583293880023541
74,0.41087068852861847,0.22726498603131556,0.8971648447286003,0.8779942290512043,0.5228094944353262,0.6847627226153584,0.8131035652921562,0.3354260321302151,0.4084244883020851,0.11879978312709767,0.4680604482443497,0.48427838044165905,0.6782403037864557,0.7190774053148781,0.13195036755175157,0.9419086396857721,0.5375380856926085,0.9257532691024705,0.34071761067569584,0.0,0.8642869651493411,0.03386207371603083,0.2132036961532132,0.47201574544316915,0.7419586897016837,0.3089522977968552,0.3790548897703618,0.6722356805153373,0.6608279414152259,0.7432673906300165,0.34810860046943887,0.4263769214520468,0.6485883690743274,0.3161845370606869,0.31607798936836007,0.34460540642695203,0.25601426783500786,0.17680858358306467,0.5903432502199875,0.21791761050576508,0.3568688484867703,0.24846480086682154,0.5899409421597975,0.5225129751533155,0.9127960131419622,0.8343617931755181,0.6989779206005434,0.3363980531281764,0.8257773115064985,0.649406302621971,0.67782424532064,0.2945832506004437,0.3650720955729214,0.3883475056352854,0.2247233708756317,0.4502705202549099,0.4229589854350427,0.2692617742013062,0.24735929812926935,0.3838120634256522,0.3779342704820324,0.10829931669929668,0.12807361981578064,0.5796056998917501,0.336563523334159,0.12290600872344203,0.4577638179783421,0.2065655533351029,0.7400219978891286,0.3437933335018217,0.5877567409196599,0.6402328841494507,0.21492421535462863,0.3861557998103468,0.5802161078565754,0.6297186155960077,0.14821482205557457,0.4709603997187085,0.43276610709012847,0.2611052400738751,0.8724698561250429,0.09669916093178933,0.4821693188308692,0.05618151624614499,0.3367719463437846,0.8177838750446044,0.7987153272592429,0.7939050378468143,0.9407467392272194,0.5630516091496364,0.9379441867749712,0.16602378632012887,0.17311127324346087,0.5074830339439275,0.48244541239625643,0.15398937228017226,0.4618850901966178,0.4227055951314157,0.26108089846723226,0.3460244706013615,0.16349984890864297,0.41053479055739567,0.399127064186919,0.6641471248878874,0.4984483720425237,0.4680899092440426,0.608725727182067,0.31233650678121416,0.48814082057370567,0.46848476803950895,0.5877869748492163,0.4969112506488453,0.4606068544181993,0.5214457396030143,0.6055296571708095,0.3466322377744564,0.6076315128123779,0.5563846677852189,0.5750890048752445,0.3064883451207972,0.06285498658178512,0.40530798091076653,0.7420593065007476,0.5056286952782405,0.43926289230808063,0.4565796181626248,0.6907289796117808,0.18359456318244305,0.5840532719521233,0.6604077535240696,0.27743642629415266,0.468490603174027,0.4300275701959374,0.37051552265407867,0.43264691375570163,0.7043591095412292,0.4558756440067355,0.30979303449056084,0.8713907170148145,0.6463175724460999,0.1341117470503639,0.9165906927704988,0.8715183053560385,0.6257701836922448,0.4495304939470859,0.5677778647552266,0.2606111264358296,0.5587526903357563,0.30226804637105353,0.6117789189448349,0.31002294549616716,0.5339147182621821,0.561402289787602,0.5681378727667881,0.6017574569594379,0.5371138605899703,0.505169067435396,0.26414952158957883,0.9394998154563743,0.5341287192983478,0.5061607420491967,0.43920928509430934,0.4189230578001511,0.6202293202165154,0.3814376782223432,0.4633839739700204,0.7125910516580262,0.4639553629948564,0.7395545444898869,0.4623588907317226,0.09367144665858614,0.6088156419688177,0.4419079715685765,0.7510985294231894,0.28486386633925453,0.24195247604001716,0.6612441565158559,0.6466852805833859,0.5967588187100765,0.5399213916842545,0.4598017812533304,0.9428877557160391,0.9423607499287265,0.9126461103578073,0.45567340926686223,0.5605156928906475,0.39866577824287397,0.42869782083497004,0.43518095769926807,0.5242615804557665,0.6461746704271245,0.22872892383741783,0.5343328542026469,0.1926142597860738,0.4184552628218121,0.4685548645666563,0.8904088807408964,0.28391197196322715,0.7032289744716009,0.41890009964328406,0.3818413726708634,0.49123749034307823,0.40124790917445113,0.2761457845792613,0.2860309777930309,0.45119083721414194,0.19409335333849548,0.36325221563264004,0.8970496379947455,0.34046001657633557,0.8077911661081884,0.4319092253635597,0.5451720106151132,0.6498832285120326,0.1609704749198283,0.38708002154000903,0.2390366161706143,0.19034324825398002,0.4972164976096662,0.5480155604962903,0.3640110798530792,0.3167334755016512,0.4484143891403892,0.5008401428712652,0.3686458716722526,0.3876703097049485,0.585032926610952,0.3997153276407025,0.9007376692253011,0.4616204099773671,0.0965923848642411,0.3269354560546032,0.1310933661682465,0.2562574723850034,0.518564867840504,0.9162873456646976,0.5530391235025922,0.10642571653939718,0.507943609392208,0.23094367208747013,0.92753514624866,0.4181226224068639,0.9249423843607613,0.4186385493954159,0.37863317240644667,0.3410772207107867,0.24638086759571162,0.31454882503236026,0.3305370330083438,0.9000526915408087,0.20053721242313144,0.0869002086476966,0.6694503753770242,0.6318575791771884,0.24384330027842985,0.26805322123004716,0.24129979715578742,0.4093899001009681,0.35724181548488204,0.38048173684793246,0.2687274367996399,0.3564427076175221,0.35362531809463466,0.1013749715612363,0.3348170091262971,0.6725732230150019,0.7803065711752988,0.47334998758483066,0.31211124687900155,0.36931069938041977,0.7954173231139198,0.13355327136536047,0.37358295850467715,0.13597119601518362,0.16983416059122822,0.5684394824689548,0.6383007611929197,0.7496530361781034,0.673805340482129,0.2811195574335595,0.688534120031422,0.55486691510326,0.4428663425598483,0.7690283980993394,0.9366252008320475,0.37433895295602443,0.14932088765393073,0.40341785984748263,0.8885202142570963,0.4896653754397984,0.7029107720933354,0.8151032532999979,0.863277845352797,0.5403302585880718,0.36718048180606233,0.9363809180892404,0.9341693059420368,0.5647876524398269,0.7130047892714927,0.6142822491668182,0.6438168236472582,0.16578164655930833,0.8019005113948425,0.2706896192686047,0.0626659743357632,0.18097828623414028,0.08988257437853113,0.451853095655492,0.6577143177448821,0.708515957163406,0.3535304495099354,0.257542364268879,0.3628337999965516,0.17285079796063305,0.5429544145044756,0.34301187308823805,0.3162778591226698,0.4007498973235589,0.3734407703136139,0.667733656947529,0.36843683278150674,0.4398921269768771,0.3569478376152248,0.4389426310175046,0.32297480489511576,0.9493517468964278,0.40924437570729205,0.3835804663142877,0.5202441716849063,0.32894892691083844,0.8447290529496144,0.9350949567490966,0.7680262721699904,0.9329725436866774,0.36895659575171896,0.5715217560522009,0.3731864806598091,0.5442652559559746,0.38619449080194485,0.6149011846746907,0.04173034408578365,0.4885800647018735,0.08111793857018293,0.36827816620496423,0.7803902082024933,0.5115201182145811,0.22452859809207645,0.17416861266229094,0.11397144732666024,0.1290410665414205,0.23929699099152793,0.05251805062803813,0.3427650102499609,0.10567390624255572,0.2598698728512333,0.2650446092288034,0.4051881926428863,0.2909487959606291,0.31466935232026383,0.8857129129470331,0.2688437575177508,0.3351957449661092,0.1447433246857135,0.3374230207599602,0.18025105371105288,0.30395810701742076,0.33560061864813034,0.16428702236060652,0.5349359206695204,0.6262700271144108,0.6638968622305544,0.6236667735301816,0.3971989330856444,0.37245722666562625,0.4603598951392525,0.6984300182750312,0.5459191686064889,0.42081327352085807,0.9385405676645459,0.9110681166794202,0.641153884034881,0.5909503671878544,0.3247650464682665,0.21160880692098208,0.1776964553437302,0.35806177690485935,0.3451098903746209,0.4757524581893385,0.503965648447716,0.6286179043104712,0.5176008509493557,0.5359461575041622,0.16465956758529934,0.20142530912521567,0.5426813429498684,0.4674520697910542,0.7125943826331247,0.5190065879696706,0.14903312871075272,0.43631891795718886,0.4437263228606784,0.31734532245369185,0.2792970040401191,0.14860624394949,0.13095047202230348,0.22568988498574757,0.1906049178624055,0.2645171259993399,0.6130043188674076,0.40384310788237443,0.48105052115654573,0.4884359756346893,0.5112619524064095,0.6075556003738102,0.5917383655026963,0.571249084069871,0.39126463089694025,0.5640092776814885,0.42119565696760203,0.946764623443161,0.5509034582541535,0.49393117293344335,0.5553277109428225,0.1229918687633979,0.1398747402903748,0.3470310026691907,0.5642975998648367,0.5804701301646694,0.4820961322816458,0.14166670631708006,0.13184885481639913,0.6722720692806549,0.48000163232489407,0.3439199295122844,0.4419167899217313,0.44184365262953795,0.19100193243667407,0.20537094728637176,0.4528544495477054,0.4085548237306195,0.12125723210834274,0.21621940044556456,0.3329561568473236,0.7978261471425317,0.7733329986180625,0.8058933873785087,0.9442947220261215,0.2753494632049743,0.7692839572012884,0.32018540141655844,0.24997540596009518,0.2237613560977901,0.652737150461023,0.3653522738653235,0.4757437762511529,0.6477228859239912,0.9359947162352035,0.34470176688979637,0.707221166305439,0.16706152205157615,0.7468232520833443,0.8782827466999682,0.5949307652777522,0.9504622239977569,0.6296007140742901,0.3657203574493769,0.38256820391445734,0.4277262882694514,0.5034290911643364,0.22472713614748138,0.5566757389959334,0.9393235040207674,0.4272662434972757,0.3096380949410849,0.21063248227990147,0.09472098353296095,0.08797953692116521,0.35040578859925336,0.3535181390442913,0.17703099120372057,0.2341725325942795,0.11502740560884503,0.24612786156716918,0.9742882944293528,0.2992190726256477,0.5143733220143878,0.5632249084188325,0.4044370949037382,0.3827651847127297,0.44878670937031023,0.42571614596502866,0.30525482363444567,0.259594373174145,0.2901909742362956,0.25783722415967714,0.37405847564435935,0.08264111111417331,0.1651269550224495,0.8135692900719352,0.7836208371209716,0.678292764203794,0.8655180425377459,0.952055094635376,0.696500747289704,0.7386704833893806,0.9576336080914256,0.675801371291301,0.6647040144558383,0.4152568808495734,0.6098812973694563,0.4270845189540057,0.5911457905506811,0.43711067282817556,0.412254323628608,0.4141626494894033,0.5156450753369116,0.5363760090146761,0.4011648651124592,0.41403417876245935,0.5471897233086368,0.5472546626318671,0.5371409914131343,0.5784642873246855,0.47065345917162743,0.5318724564121332,0.9568799942126338,0.4393122616957295,0.399895453755066,0.4763816909629591,0.911406265453222,0.9400626880030949,0.20873535064239954,0.5484726652645532,0.9524372204828306,0.8619673170457336,0.45193658293041417,0.5774659555168279,0.3853424167068576,0.9675873064687232,0.5139190213952239,0.9433507044040205,0.7483815706767045,0.25395066454296455,0.514416459617705,0.12402394183659254,0.3398881800712991,0.5645224882037723,0.5511934716105836,0.38040944140195554,0.3832639061259824,0.916090892348075,0.4141206302666498,0.47166876142169123,0.9249466685489843,0.36979684470942026,0.908778726020247,0.9501205464051331
75,0.534514194323793,0.3189522579578783,0.9563231070406307,0.9231801570910985,0.4367161624642996,0.7561516439892073,0.8351627090952451,0.19757912009039172,0.3897861977370302,0.23498344811760868,0.5795438911307401,0.39327687054701466,0.7471040801894757,0.8093271409977734,0.10427601841693199,0.9734910780266159,0.4267789717894562,0.961022665945676,0.3126103954201318,0.08786335761640233,0.9007195891346271,0.44314895916621,0.10943550931394337,0.39388910851676495,0.7639209903591547,0.5149369902471754,0.4066800030367761,0.780714281043405,0.7695898261800712,0.7456504491982007,0.2610772076491561,0.2931843344840416,0.6304811863375374,0.2642161191364826,0.36424413281818563,0.33915452340430047,0.17794771098111364,0.27767155472622107,0.6482308000682071,0.2863260495999844,0.2662522098838136,0.21644381214455358,0.2688408383040768,0.26287226380384304,0.9546343553943377,0.761473242493317,0.720181024486152,0.2460009193099978,0.7499835376273984,0.7503099423092344,0.6899296625562432,0.30936814152199393,0.6942071109203793,0.25249459601804536,0.2699882628568112,0.1676248477998885,0.6185989715678161,0.5729724366122165,0.2715144205859416,0.5823020786844557,0.23564477226714348,0.15069593813447102,0.5920352067336248,0.3258102732491994,0.3035651483854923,0.17257219581952488,0.5166808633851323,0.4076631132710961,0.2014502857015173,0.2511599718065098,0.5736660781745002,0.12601592832472283,0.3832651912261983,0.13225529721679016,0.06453217078576595,0.6343240557251711,0.13229352689356277,0.5906899051773306,0.5109656330422073,0.2631113032216315,0.531329130443074,0.26842313423375364,0.6779612494868613,0.24231792046866477,0.18067016917619957,0.8015955448781664,0.7352366354786863,0.5405906630136224,0.9752568432178007,0.7474465023289338,0.983669374583968,0.47262465554642,0.12673247071543034,0.8489866619742149,0.40435840692464303,0.14309575276752548,0.5398753412494219,0.4350423869136303,0.2808263009415964,0.32230569967448763,0.2886114809346041,0.49699578689246665,0.46150819805788973,0.5333188225895201,0.6789245027080626,0.689093973300361,0.5516013884693941,0.288098883480844,0.6680609068136056,0.8302491080317025,0.4732869140075225,0.6905009897064728,0.3578029662213126,0.2220147012499926,0.6330789446070222,0.3258956870503173,0.662682077818319,0.057943814980348264,0.7566636991598564,0.4174352301551692,0.11713768501727297,0.5434036342052434,0.7826017272517579,0.5184346320934218,0.5199387193889836,0.4551091742728478,0.8271105783883865,0.2500961109269765,0.6706899757877083,0.055435307446577195,0.4957713293507704,0.6050264420851896,0.6168630108957707,0.2538616753792218,0.6118625726321294,0.709972685803827,0.44331879122315315,0.3370394084716651,0.7549275760413675,0.7698671570030304,0.1698423870442888,0.9594793704874311,0.803490277866956,0.6383762299778697,0.47838684381397345,0.6841790641499212,0.6338727943927692,0.6704184926816946,0.4619269300854555,0.5636166232065245,0.5355990025182049,0.6957777917569999,0.518138936026186,0.525300286405214,0.7847018384592201,0.5025878948112542,0.5463420742050471,0.33745031619008226,0.5689521808815379,0.632465125866288,0.5805874156077332,0.44930814544270914,0.5042941416334841,0.7284302423022092,0.5758855446513914,0.5553933681089092,0.7258534364444148,0.4584769694736088,0.7551812629851228,0.3732898049517162,0.45789994347611407,0.5889587832969306,0.3493025541037271,0.864939548202949,0.1640766367396559,0.391358107441836,0.33630722025206905,0.6204510010946934,0.5651935457261541,0.6293978922876399,0.40931944217409083,0.9824040099342763,0.9763513429728038,0.9571680694292592,0.2395181109017515,0.5292736664808011,0.23107552850840987,0.5108153739144495,0.25977082736970813,0.6633149592840376,0.8390495321821888,0.3823767832829732,0.6042403740490957,0.22029370720760344,0.39457040173884084,0.5220906467521774,0.6150043776717025,0.310662637054654,0.7438690526007073,0.2505617483430617,0.3503076452528101,0.519223641503203,0.35193118257185974,0.31837538454957215,0.3227271860975264,0.6362225886189732,0.19495954646348065,0.6079269835209656,0.8887841865786309,0.7194267428913775,0.8238425670105463,0.7410591964422033,0.34882841718863267,0.7996693392987835,0.0886912323616602,0.4183934550403975,0.13299376214331682,0.5129300847936655,0.6262553160995337,0.27636221610101763,0.5008084076875862,0.32239157518977096,0.3971378625201627,0.4932696093476907,0.06922166650650394,0.2758952832045623,0.566844212962536,0.2779469957460584,0.9830788181326232,0.15973801378918207,0.15946670861776654,0.15736819802744173,0.3005863152556442,0.1213189105061632,0.292424772398681,0.779582496865604,0.3199392766164669,0.23320124153116953,0.7120576823080522,0.5634344077173419,0.9728443522644594,0.29432347074328113,0.970894425802291,0.17573663376108578,0.2891743662925761,0.3921770399513086,0.2583627521122494,0.3783076681271615,0.3621817203693915,0.9816374790323219,0.5283538749079112,0.13432930448326996,0.45759545014213926,0.7413236992221429,0.6218791555932874,0.37190480895326106,0.4889631555825678,0.5973482708767639,0.4172882165415812,0.5541829926305529,0.5529774179701102,0.9067630574590416,0.9038239949521933,0.1490013286202861,0.8919157464345014,0.68796507411372,0.7189403458289051,0.3415340785386508,0.26789608723923275,0.4611785470116933,0.5716400887644232,0.4147467759695705,0.1440057842175186,0.37602518217961717,0.15031060667005308,0.7208713511006991,0.6415854871986942,0.8240484536263127,0.6508181563090453,0.26325799505806713,0.8151191076396188,0.5815761750799431,0.4324327824748322,0.3731651737119881,0.9310780354013545,0.1853585434855651,0.37068263481179825,0.5846702224792054,0.8995467623596053,0.4073555474479304,0.6642379183861741,0.8511154371960615,0.8591969292682122,0.5262497361800297,0.3633333331003032,0.9806759021753395,0.9693483067443013,0.4724569054807546,0.7930611914721573,0.36435253627925096,0.6713253809853513,0.40406818182356247,0.8804045961460825,0.6936968439730358,0.4417528047370119,0.3544166047531993,0.2894177176068925,0.5110927038901248,0.6348512690580707,0.6555492331456372,0.3779927904779182,0.38027096000669774,0.3296061376008877,0.14654043050876575,0.3275025524217415,0.6168242530049044,0.6218328887173734,0.47492526069053526,0.23177277112085953,0.8616451058597564,0.2250745703946622,0.5764184673354703,0.1868280402626645,0.3413524112004588,0.21748212477947565,0.9717663344179485,0.5013825908983017,0.46914440573964566,0.4978778516685346,0.33891663787201476,0.8605943915550627,0.9853859055167624,0.7672618664053864,0.974195175149774,0.21742495659544633,0.6351697027905706,0.22167298498210425,0.5914449682311327,0.21054929537755113,0.47854053944461306,0.0,0.5190644252607094,0.0,0.08174550868872987,0.8934375315563773,0.5876733159802136,0.16384263901278767,0.29542000097231175,0.0,0.0,0.19001818380614238,0.0,0.29906560406790156,0.1770827197420229,0.11796501058593421,0.09795160668980436,0.5036954159183608,0.12415959160928122,0.4579987642072569,0.5247596109825163,0.26669379183688163,0.7174991237112998,0.18825891404106945,0.7074214308570014,0.24776785163119083,0.6716851613868292,0.30149454681350996,0.09090979167129724,0.536721906673424,0.5751568992121472,0.7190760354829672,0.6796251500734666,0.4590518906706299,0.06255376915612057,0.6952478270015475,0.6288836650169742,0.8240966675001067,0.4789737090714562,0.9828337538548739,0.9584659467167783,0.6940217192779191,1.0,0.6400130324943943,0.18354208506380018,0.2875177300342541,0.7308249605954245,0.7172823340890389,0.5506205029756182,0.5662299716885603,0.546825705157176,0.528102751103367,0.5714433029992088,0.544278059667001,0.14374190653018257,0.6389051453698147,0.29516983540460173,0.6631607047489144,0.3822865134275181,0.1266512301561931,0.7603545619985067,0.7844443240029042,0.6299428159145573,0.6018688836728674,0.44319019248467056,0.4465579673703681,0.39874810571665675,0.2757233621470693,0.17531182711870916,0.672772450963352,0.45333364368313944,0.3049820983852863,0.8322902150907115,0.8354117112670123,0.6503573816450698,0.6947006871499484,0.5759597958574515,0.5405327347409639,0.8419114096735342,0.809084557973418,0.9861108600569674,0.8333908712669406,0.8444871887250983,0.6817103741490913,0.45667260170416046,0.14194948922040904,0.20371643809630188,0.8299118263055822,0.8520795820398013,0.7735484488332864,0.10601096129504926,0.5959012615214024,0.7226494033702723,0.7862556199783121,0.5700343494818831,0.43882836978717327,0.7578741214318713,0.1691264552601958,0.33071229733000423,0.4982500513273611,0.458071796337801,0.11744347843170636,0.21345879971689766,0.5546334860803043,0.968398230553239,0.32208675130978176,0.6981909812125229,0.9771433439293042,0.5284168110328973,0.8141314261390963,0.285697287180258,0.1688666694907158,0.12288047417011397,0.6579243087516737,0.7632000611906611,0.7356392212630294,0.21272523622439488,0.9787278449921348,0.2824253926362602,0.5633226366571192,0.05898960781726119,0.7591530360978718,0.8707185079776394,0.4252455258966706,0.9599751793032689,0.8116248192028495,0.3498265197804531,0.19297388973709947,0.15001678936059132,0.3715129031530432,0.0,0.3850242519263479,0.9857028985581321,0.14494180963159456,0.4931827975777601,0.38496158222128013,0.34941891090323285,0.33619662974015235,0.7206384612558054,0.722939535289056,0.6535224604478924,0.6770243139329276,0.10820484071349706,0.4757233049730124,0.9919435324117964,0.44090408877877874,0.5334817946072385,0.5703983790602897,0.6750886124509887,0.7032798012520627,0.6650166605713725,0.6538362864881759,0.5571995671607166,0.48901944008457915,0.5563189940673401,0.46060404215591594,0.6209012593862107,0.28937941060979694,0.28420102757710264,0.847750045057876,0.7855566343993419,0.7182964719143151,0.837972810275039,0.6841138573054445,0.652859797869708,0.5961259919872498,0.9832789606560631,0.39649530410727835,0.451589101752954,0.33446697174154105,0.8414221723527427,0.3479115874646611,0.8242770934003159,0.3708376157779292,0.33892865586447485,0.3299376570442067,0.5467387558828353,0.5542457642342625,0.44091657226584,0.11676407758609247,0.452266511385694,0.46520774636473416,0.47202235141907445,0.5046330423410964,0.1942084054719784,0.5567168451174078,0.9956697739255168,0.31189896901381525,0.21322659633132507,0.14024117080455023,0.970422276688005,0.9651404088375899,0.4732845750551063,0.5217408819432069,0.9807332754842351,0.6644505750553256,0.7996230954665098,0.2646581677089668,0.2347642394552459,0.9637621642483801,0.3781522014520461,0.9816806206225636,0.7209222280485503,0.604004764933443,0.6437412106206892,0.383369389870444,0.6392823593082412,0.6918143112554639,0.8413922653842226,0.5901502189530338,0.6266796196590375,0.9792105384864564,0.2461829521777728,0.43279229075571823,0.9738000896698923,0.5848389212202316,0.9355611535247231,0.9853943882560686
76,0.6512962930711159,0.45817986624830526,0.7944291226125537,0.7749137170035647,0.7332988058729704,0.7913545249551566,0.8828381183951303,0.28308671178711325,0.3963928397826297,0.5403018762827043,0.6599301382849628,0.5147879390346893,1.0,0.7187767179546738,0.10275935260012223,0.8795298151231142,0.5423912622109103,0.8705248969668078,0.399414657299651,0.371450562673968,0.6763089569226569,0.45295338382923683,0.4571377495953268,0.5001095642813598,0.7631234240229502,0.6135543939548679,0.5938657500535325,0.7960554172925356,0.7911328085412555,0.8445113117520892,0.2928068365580445,0.46342736845521554,0.8911870564723723,0.28347290794497293,0.37367024458641807,0.5106867250883079,0.48323868938420605,0.30569350873225054,0.43165955543889456,0.27818016403674223,0.3268507231054042,0.4210912586156414,0.8827561424106907,0.8635577588442206,0.8298553057387484,0.7738463857292339,0.7998787193966252,0.2612960778870705,0.7729900705772805,1.0,0.788013386050563,0.31907474670415054,0.594025677161654,0.4703994438950862,0.24546106083370955,0.5354153146774382,0.565219351606298,0.5604372009748984,0.2062080058514647,0.5240087338301695,0.40203981747132655,0.0621074998654393,0.1933983440455368,0.4208809160934219,0.31637261777668557,0.11087333632419843,0.5242302394213282,0.4479325844872197,0.9421357418684077,0.4877651718798969,0.5831115350666535,0.8590535154106762,0.27865970788736655,0.16693628819038875,0.8391106717547879,0.5436429419315105,0.25699995697550426,0.21164214098866982,0.3338209725195905,0.32359649379972577,0.6954909166474971,0.5762294667752578,0.7055759970136166,0.3881532787068672,0.3772030285453644,0.8480609241834501,0.7882827264504164,0.7889621898459828,0.879962696174918,0.8042593502219906,0.8717659706301074,0.20472765883558575,0.3805290064679142,0.7245716172366254,0.7722753941938434,0.3193847184704216,0.6307809341012759,0.5342202914971559,0.38480781904076305,0.44884718428001696,0.27683642135686104,0.7555074058618015,0.2911809334895177,0.5541816104362569,0.5749369037294064,0.5648974787390743,0.7862725030510951,0.28473379508583796,0.5570622472563325,0.6974425752002407,0.5589306624358362,1.0,0.29056114319482335,0.42787066272742474,0.6047612081655444,0.7306820402078473,0.6115722861118191,0.7907830021157879,0.6878709063284167,0.7046825917203955,0.2547927248482329,0.6116773440624688,0.7710630117490188,0.34984789700523306,0.4847865810642699,0.2505447281916087,0.8863837360953796,0.1670274226495371,0.7190898724150425,0.8752012132920132,0.537226403321072,0.5250285033975525,0.7669346631952875,0.7636315515693844,0.600893637650143,0.7593369139518078,0.4102045671236392,0.40881084752867936,0.11891802280417034,1.0,0.5520598557182258,1.0,1.0,0.6411049563880216,0.49582890458365475,0.7284120933435848,0.6264128790075886,0.7438494680980885,0.7857214295310913,0.5728813984029947,0.4985199811254899,0.7463675554530168,0.4749428457054636,0.4783081647677054,0.834356171289915,0.4514202653518081,0.468956947554687,0.21898585633640086,0.7901206610453294,0.7937148023047971,0.6936364930968301,0.44095066666894783,0.6358341378270606,0.9052907498342929,0.5434533201914695,0.536503865303199,0.889794782239713,0.41475214154043477,0.820516414010793,0.507574735918526,0.48058113852348844,0.594597183141395,0.49317375000538966,0.9195998691591585,0.37526947391939847,0.5407876751446077,0.8664364435920603,0.6475968152758762,0.5922829248869708,0.6014464096649199,0.36748911333150436,0.8777551740271148,0.8675517040444578,0.8368891840490867,0.4932135893464059,0.4731219149152593,0.9093538417767805,0.45831639796227375,0.9079889033386283,0.4791019042637626,1.0,0.562805832548352,0.49324240943111053,0.1719346189396643,0.3430291388724071,0.3601690053917306,0.8272311146657685,0.5357278725926322,0.9415602296565005,0.13568284185606708,0.5776342915447042,0.460375232306073,0.5766057971384543,0.2351072153296486,0.4904222332644062,0.6000072494846403,0.11465271657820592,0.567586503810927,1.0,0.33171661153327403,0.7574808055525797,0.4020724476334694,0.6249720025248372,0.8885076094110729,0.17327232108075957,0.37382888935271974,0.03673630132276742,0.43778451202923,0.6033863516233049,0.5459566529141441,0.4145044228128421,0.42164065641785176,0.6927240209563267,0.4740095676852657,0.17511173696512172,0.4957971482768475,0.5060864457984465,0.4814988347198492,0.7575986665476755,0.368153506482302,0.3394792856784459,0.50313750215282,0.3906862654178584,0.4948994073560182,0.25595149835505626,0.8505166809275562,0.2578875352211985,0.15854932017933268,0.7144784118737743,0.4220677431353554,0.8561118566773801,0.5145125972024228,0.8123091257989157,0.5420790043769999,0.2278022774994839,0.5579466598000322,0.3095446020864295,0.5389002772944889,0.35510052908752987,0.873800103614589,0.3790520093761669,0.08057727240999646,0.8541136778587026,0.8368881465169645,0.591284886162979,0.3819019334099283,0.3679930270568874,0.5704317265998741,0.2189575022321558,0.5505782861485499,0.3089870141996693,0.6008990205955409,0.5697005500940121,0.11438922620409481,0.6320548725102312,0.6917728595608107,0.7702741245189237,0.4563210309958015,0.3901799866844787,0.4096697898294811,0.9340893982551898,0.4536973567196532,0.32551611915846324,0.3383784526875085,0.169855330124316,0.5122511399224551,0.6077761480789471,0.6757407941859989,0.7112528044999384,0.29643013380744837,0.6560560689571223,0.48533132390917183,0.6026093077180985,0.6764776022334409,0.9217831053960786,0.09331740433133774,0.4213796554321342,0.296154610966926,0.8106616496175545,0.40733335795140974,0.70977120624131,0.7247754186828331,0.8738662130818811,0.5374172853890626,0.3781958712168098,0.8601235209643705,0.8597826743031237,0.41198868367294805,0.815127530624141,0.665506047107827,0.7859990540991323,0.30737657191938744,0.8082452603453913,0.5586461509570151,0.49345323004502495,0.22481603576452705,0.6022636999478236,1.0,0.655270897605675,0.7263133289595002,0.11920087365592116,0.5109614042656253,0.5691149560348512,0.18771503051203836,0.6942995214737352,0.5461953051904606,0.5352551388143715,1.0,0.5243553699116826,0.5860653819297088,0.518189385398391,0.7825495484302293,0.5205623609976168,0.6035026413071529,0.6473756828006771,0.836645450926187,0.6426260437911565,0.6029610050718641,0.6351649104684568,0.552938459544096,0.7655849756831121,0.856592337760558,0.760021170693883,0.8646122856759393,0.5301415036698854,0.9490613801266599,0.5342820221416663,0.9482704278374435,0.5755584039545316,0.7461820761235545,0.2365138634994654,0.48121766324110854,0.5510754679813779,0.35670347809176184,0.8120073741257582,0.30187064841418537,0.3092869771363303,0.910710034851699,0.32181233609382526,0.3669116812632935,0.4504172312806158,0.2993062758551714,0.5660212735149638,0.33693666298497765,0.6761000763471366,0.6765863101629862,0.48607860811782505,0.6922004368064125,0.5218242551999472,0.4776594731295386,0.27493139657735693,0.6326437412411385,0.15361414296594536,0.620362532895121,0.1808225351477763,0.5314390508660091,0.44715035909872747,0.4144973238631137,0.9777929195458137,0.6621423830620351,0.8707697525183946,0.8472778564164676,0.491556740971,0.29894865638351936,0.625942142051174,0.8157286043929163,0.5653576971534531,0.9077293916982485,0.8627713182667383,0.8005933235335488,0.9210107698459138,0.8400345471195995,0.45345133370781815,0.21578958319999425,0.16531182311312023,0.8157036511071258,0.8056680464967477,0.7776429379394825,0.7738210198217197,0.4390679303406434,0.7585980122346683,0.7705961472130926,0.9910093754334887,0.5309069569617617,0.6352921699071467,0.5284703851059903,0.7947905551525773,0.689391842449832,0.18408398578071652,0.9018100885523517,0.9202954637526434,0.7669916108841468,0.7405292419981402,0.6774598666710787,0.7047391649108738,0.5692663957598085,0.2594836086194805,0.21287625615694278,0.6475161582098531,0.5282175457862962,0.38887559149254997,0.8826762698057962,0.8721069905943424,0.8088939671124823,0.8144976961322933,0.76733398791844,0.6040232553372517,0.9348732449880003,0.858817881778833,0.8605214393060021,0.9377690993397374,0.9028037897919534,0.8423398055836678,1.0,1.0,0.3078651856544308,0.9387116113701658,0.9475439776120458,0.8554033026392004,0.19795629476647386,0.3711181714600157,0.7364389556400563,0.9168751322326177,0.7390972638327915,0.014557255929981815,0.7967184394969422,0.3115900112245647,0.3149822050443096,0.4822260082427884,0.6330725121598273,1.0,0.22390852876743525,0.6736165883167851,0.8954894824621553,0.8999869188978118,0.8251180332475735,0.8530278174014178,0.7884516511581169,0.5773657505045225,1.0,0.26942220496416747,0.21674431062828814,0.48054840765464174,0.5915477094206104,0.7235046955737384,0.6199374839341899,0.8618078020719445,0.47723076958307775,0.39713480354194824,0.1384979618701583,0.7777526137734329,0.6963342037258151,0.43408939973917815,0.786059472321535,0.46841273945373235,0.4053353196548378,0.44357329395881817,0.649613969007677,0.4302848573237662,0.26729684766987677,0.5971091524279447,0.8716742145958445,0.42014814213182833,0.42074126798118555,0.23772096802553042,0.3222168945755588,0.3054405849820212,0.6236103651275804,0.6294656854315075,0.5244877904681786,0.5632322904255173,0.13767469694975756,0.2505233344251014,0.8877771274553858,0.2921264018060448,0.6477368895628194,0.6700647596613138,0.5858382532841134,0.5515976542431174,0.6635419812271973,0.6799448761893945,0.6134502810761971,0.5547452671380009,0.6917561589164589,0.5246923178105358,0.741246713073343,0.18268637865465037,0.4821106056502668,0.7248401067613155,0.3399160415687688,0.8700743187812283,0.768391713573837,0.7056286124736907,0.8055729122011714,0.4863530438534044,0.8845210307712744,0.494404574237396,0.5224745453876404,0.48813347193645323,0.42201455900171175,0.47020299031791646,0.4799148038035703,0.5145666831849386,0.47857503892571607,0.4732207727694134,0.5686264867025103,0.6527345950233803,0.2167379643535163,0.5121310028986489,0.6353940285512371,0.6203203344402627,0.6267466164812111,0.683143880319378,0.481032006434934,0.39668744909657677,0.8750424925002213,0.6901634085472734,0.7117940777816946,0.7353169917867229,0.8435913535620244,0.8152838449434562,0.2851260941051376,0.4829142495435166,0.8884280382170193,0.8330996397488637,0.5067763720904539,0.5679363182548266,0.3524102178383072,0.914453740250225,0.47351335840145226,0.8864994365641448,0.40529056226109467,0.744031035978927,0.27969403598954956,0.4796219422144603,0.826722677762399,0.853878024278527,0.6133493847263395,0.472081988326575,0.8343679626073557,0.8850764523125688,0.14872963066692033,0.45651767813298066,0.8981485880682979,0.43131902090088386,0.8712925056712115,0.8602791560181859
77,0.5485763799378868,0.4668839971355152,0.8526184749530654,0.8199240866492817,0.2902188866731254,0.6843156733147752,0.8360123572887803,0.22195271564850214,0.32624712243672327,0.3818990271716941,0.5694901766041551,0.506187411906015,0.9222285344626413,0.7593224082600819,0.19521211280210599,0.8996456740627023,0.49697010183042906,0.8812954059749712,0.4442845611059841,0.38832770199334254,0.7457266480844669,0.29845153062941865,0.200769452816179,0.3447616539259798,0.8976617922454432,0.38397437393997824,0.418177011515138,0.6958246231551917,0.6894165723907782,0.7858274384461469,0.43742819045240644,0.41322668828355036,0.7203231382854252,0.4631276869402258,0.42376961747971914,0.38555792065395655,0.45182410972207454,0.2733663663154772,0.6077073528230011,0.2806070919788147,0.3270599759589282,0.3045155284066607,0.8380219394885561,0.8120536897855237,0.8543610025082983,0.7298237983743958,0.7376143385560878,0.4015602807764481,0.7280824400816304,0.9832623467420414,0.6998876586926371,0.2764969268352655,0.43457259449603697,0.37083765666172636,0.19252288759225838,0.4624201880195674,0.5699127743503843,0.5718197438442145,0.42647274803726026,0.5274178759791538,0.44192188376386543,0.32165664580333164,0.24577085684352773,0.3755559178481713,0.31754658216826187,0.29245257652417894,0.5162385666849368,0.28074744698571047,0.958918132594361,0.8697857923833742,0.46842523431067423,0.8839701628516049,0.24383423568817095,0.11920244747247424,0.8719262393867611,0.5800750025540783,0.29294401422078353,0.35069470592253205,0.3871640702232736,0.36724435101401237,0.5372727240142896,0.43773808064811864,0.6971554898326452,0.4353835277853745,0.2879764955965471,0.8981322072365984,0.8685221153378944,0.8069115183894408,0.9030370954503333,0.688172450112871,0.8887779189236185,0.3583344830741581,0.1268363881650426,0.6030276968776889,0.6990616128816766,0.3057607067326885,0.47801000056379944,0.4949922449271559,0.3045801154740918,0.4229121525158916,0.35069150785933,0.7990862595732714,0.5217950506045022,0.4039249404252971,0.6257669929453031,0.6098692276877463,0.5836643645269364,0.27382166040955186,0.6454456141194759,0.5941703853617132,0.9342480861929167,0.9597377765628387,0.4372496276978583,0.4366353637058392,0.5740311063541684,0.6644544035809579,0.5846311742950309,0.8459138574880087,0.7525829519594949,0.32035409734795683,0.13896300753864235,0.30119605487423834,0.7896346119208894,0.47505838389869076,0.5392025795057579,0.38708578885275957,0.8298368991853424,0.01671280776460805,0.7110195685002423,0.9007312768134746,0.6612925694423969,0.44101031594862505,0.6938666750555106,0.8307795678383856,0.4746656954335669,0.7423529507629839,0.38592857524135266,0.4274819932656498,0.3590584516245984,0.9299977207505011,0.2562642347423315,0.9928258030447533,0.8271721503206678,0.6204878933948916,0.4546368386908033,0.6532177428792451,0.32893149415702744,0.6602771491460785,0.8407747829047619,0.5242133292730574,0.6311543860371576,0.6743798678749042,0.46565552420286743,0.47476579768490457,0.7607478871817505,0.45345940432610626,0.4160522918532709,0.22212849452310526,0.5650417950482831,0.672740946933268,0.5978651053116573,0.4061567316418281,0.4866853722993986,0.8632007335989893,0.3276404516869262,0.5099554443923274,0.6171242269045613,0.9473212913731889,0.785206369727412,0.4359716426583129,0.40318858881942515,0.5155705405399935,0.42214225293670765,0.8844358642578235,0.09852029463074553,0.47582576606997257,0.6532598196288408,0.6264788446398651,0.5681552147760102,0.5954286478314862,0.2569298839583892,0.9011269487487645,0.8959434941405381,0.8698338283147375,0.4921009654157602,0.4645430052451073,0.4289228620743578,0.4698842365616181,0.4534959894198788,0.3823928305429683,0.9464961966684533,0.47827976657686927,0.7016866629032166,0.2736301048789127,0.30592448559148905,0.6059373595375351,0.7650766781652013,0.47588440974460533,1.0,0.18791539986248632,0.5416274936159365,0.39789895982950185,0.5461300747141743,0.16285999722699515,0.16211813754179172,0.5952630323150992,0.1323968620352588,0.5533786292876206,0.9480508334892873,0.5015865680922739,0.7892313489792959,0.5857951534057789,0.507146093166951,0.7897360562911524,0.31128336684347013,0.1441147958016108,0.23304112514353056,0.5181873166542945,0.5626098467269607,0.572914862364675,0.4342151899876802,0.48063889741985877,0.39464208586518856,0.0,0.4148197279962082,0.3990771436169634,0.5114334010992436,0.41882158150015025,0.9002665521677737,0.2635667747204361,0.30212531687793714,0.703842847764059,0.2590672552302639,0.6913959148350454,0.21258426074311085,0.8929227552484287,0.1870147509248282,0.15394052883773796,0.7605768975440728,0.5983218011617915,0.8869168443806346,0.4615602518460835,0.855340195008259,0.47681367745290715,0.3335535451150227,0.20972382463424805,0.1572133349382283,0.04894395024119643,0.299470675342156,0.8066623451346897,0.4790288585448268,0.05462871889441358,0.6472924776919733,0.5490530656824867,0.3900014038710749,0.502926533681998,0.4589334853992916,0.6204260685102957,0.31938457923802127,0.5831302750974166,0.4469949200113297,0.6380067841621966,0.6151043503123889,0.07526851136721881,0.6275387026538607,0.7069168028353124,0.7686991624290306,0.38748196096871,0.5145020684575252,0.3972056852695358,0.6176965663356515,0.3012355368050725,0.20928639178493352,0.3102165666442106,0.1931022969860111,0.621428993671732,0.6377332465330107,0.7483751826732677,0.8279759731706812,0.24903666340278222,0.7082903877895526,0.5441702057594352,0.3872474792968462,0.502379125598977,0.951792473660262,0.10748514582355445,0.5077505394077988,0.34044663963974237,0.7890004975825248,0.2830123582890947,0.6591873727105503,0.7765172447884328,0.8612529296122514,0.5143912105443087,0.26519124351906465,0.8901349273254624,0.8840521657936357,0.4965138781899576,0.8358109458813185,0.48149165958773515,0.5354625444619524,0.6696971871789333,0.8263271023805482,0.7923252897518374,0.28625524494711263,0.24224362854683335,0.017903441675020185,0.8851724919626628,0.6084499166697558,0.5938909117733552,0.3420921318396833,0.5562454584874126,0.5525444046591993,0.26814655922598585,0.5603844317088326,0.5911360274207568,0.5941460784698303,0.8632643583056883,0.4382039725461303,0.7075482475392639,0.4282374636340957,0.8055809830006943,0.45731026779065637,0.4987534212403507,0.38036341556860465,0.8590804688668447,0.453726405285888,0.4242086273617171,0.4241806006077524,0.4683088903450851,0.8034203351554741,0.8909222116383585,0.7785570252789598,0.8760717252406057,0.429567282365485,0.841571606547824,0.4313571277704583,0.833694104633927,0.4532480311873592,0.6896828192064793,0.09160246535049225,0.3901556157130275,0.3417931316832503,0.25134889731036253,0.7834932852334913,0.5669148353218406,0.34830560871210986,0.19755686802075104,0.23981833052305235,0.2874709323526188,0.14841055992507607,0.2002561615527114,0.5282720205092378,0.25306896604425616,0.582798264742682,0.5759667153291534,0.5039852726950552,0.5918085622113124,0.4130280417532215,0.45760767198002006,0.3401504728964607,0.41203418677232273,0.14765233665457267,0.4261848815833378,0.13670928084682446,0.35641191266321526,0.4428838059275545,0.421428102469612,0.5345652694153941,0.9045623487320794,0.7850553232422337,0.7472257759429344,0.3904969904255004,0.3033116176005296,0.48748915439201945,0.8760822656028903,0.7042754654923686,0.39209599248045995,0.8921028359623713,0.8043863761593871,1.0,0.9062936902635144,0.38674557789024927,0.19671310768855613,0.1831801055191547,0.3611948985406813,0.3679653604644754,0.5927933300514409,0.598966713976828,0.6926479339401657,0.5787680254040435,0.6104888732651353,0.8753408675663701,0.3111516089605602,0.6900322860202952,0.46100798757034706,0.8510466124539848,0.7032521388532874,0.15562453003725069,0.39643643925069816,0.4041946381817734,0.49349794003033537,0.5105615090273574,0.3612266535134977,0.40968350835044715,0.36685699704564656,0.21949365603675278,0.33629822829614897,0.7287186963903317,0.5894607975382143,0.34092624463474636,0.4846231017760126,0.5158731914873135,0.700188047186526,0.7027046599575721,0.6618056668171354,0.3333163154013174,0.5316009027568366,0.41066241665797804,0.8977780897370927,0.5390322340202025,0.4976529784677407,0.6736828982641526,0.8871851247935775,0.9049538719632139,0.24508632329906568,0.5314538774223331,0.5120663705922225,0.5915639623159545,0.1723383479591195,0.2428068763336894,0.7465999233173485,0.4303012090766718,0.3022439857671813,0.42323379834724284,0.45026426931844366,0.274159526011054,0.18125193856254476,0.49016189599425647,0.5071539428063414,0.9151171827968363,0.22366171863258608,0.5229435051125618,0.8909053610982957,0.6069017948347811,0.8418438183464964,0.8989118236249767,0.4201439397479738,0.4485384806576515,0.9049293798005928,0.22862955176613434,0.3297972063515349,0.6647500023347639,0.5836419153906482,0.6191926431645756,0.3040323630279125,0.9052183225740345,0.40989349140159775,0.7405914964824349,0.14928075342171643,0.4705162257473967,0.6139159344540354,0.43073882300885225,0.8959907182198746,0.7549828699747531,0.3207938488349738,0.6771418598606143,0.679491862680988,0.4591227583782149,0.1849526436491508,0.4960359957077408,0.9098117684740142,0.18542094137992635,0.41371550269988155,0.2922904399528047,0.39442801364037694,0.37437535387509147,0.3652619735983801,0.36901768375053473,0.404747357556099,0.502065738395268,0.13777423154796137,0.3236480074139372,0.8912186625692436,0.2763930508113885,0.5855429629774243,0.6307489977685808,0.5766930980431959,0.5387104770697027,0.561185971994184,0.5321655722915655,0.6325176924367144,0.611961040258569,0.733105306715509,0.39109975937591657,0.7513150606778033,0.3910806318606186,0.3443580915554262,0.6509205346819554,0.6814347358141604,0.9047956744065342,0.7795386962348524,0.6868645507730137,0.5155520745636827,0.5417451517331707,0.9182436356308005,0.6217125614702907,0.6763304490084902,0.37384309739332944,0.6812542480938036,0.3821398306493047,0.6819280014122517,0.3986190123042373,0.373976948085665,0.39338656418875634,0.450151344716115,0.29803776274996463,0.41893413314600314,0.4193524147073528,0.49537755515904447,0.4890668581101501,0.5008771351568645,0.5286857789882518,0.39029445678714664,0.264636894185587,0.9065268733400451,0.5790024823324366,0.6107635486510417,0.5220854729225518,0.8683484820605664,0.8921171413555024,0.3157520963539341,0.5212963094056962,0.9062075481039193,0.39905738923592027,0.5320475095285381,0.4735525511532044,0.2533677953271157,0.9191396751247236,0.5886685157743322,0.9106776369572559,0.46252922075880637,0.3630250079815404,0.28654278643354153,0.5157993656146064,0.38847944205006424,0.681971398319891,0.28787254580040494,0.45517933690450496,0.4299948962678473,0.8946788388603448,0.611031448934751,0.4574305690574507,0.905127805893719,0.4054497772869386,0.8636089621779188,0.8880042417830718
78,0.013246235839050881,0.6774254505102382,0.9949913638213163,0.9519881421088241,0.5252137533525446,0.8211673357527258,0.6945905580857084,0.31108264212383235,1.0,0.33879858908983923,0.4825528065133362,0.5675384780662666,0.5532572802571857,0.7100898185507373,0.300627410888134,1.0,0.3898446922776786,0.9965658840967636,0.4568135938989254,0.44849332355114574,0.8554240585909184,0.5259232635329417,0.24953352823710867,0.22476419040561038,0.775319427814451,0.5093839783570937,0.5202197500901212,0.837943470733482,0.8315621851908186,0.6254427519902197,0.5079274840633996,0.22045951430381713,0.44357393815677587,0.4312538806805125,0.5802079833210022,0.24196641646101943,0.4082935011329822,0.25108983764470527,0.06604724710572392,0.13760736836870804,0.5340692916894211,0.2380052453964593,0.11397159555517115,0.058781775619790824,0.9817519832828868,0.677886984589641,0.6629638251353457,0.13315716550641418,0.6930003353071098,0.5695326245951975,0.6371225620804445,0.6539499570983706,0.4785650195035507,0.18072987616465871,0.6251930109750348,0.25613583186964706,0.39890503470540045,0.42516724188215826,0.3949648023269568,0.3750942744616064,0.5091889189004383,0.2817362484608951,0.36141671470684805,0.25124173492712354,0.36365638504797954,0.22929386220956782,0.5126329949790325,0.854221470701719,0.3024184354302092,0.5275777597265011,0.5604938364919503,0.19282077929237834,0.573100783401949,0.6468803963999072,0.269846031993704,0.6898117107282297,0.11856811419250328,0.5715202774072498,0.5612538105405183,0.48807670252028024,0.2776027311938267,0.38968561728909457,0.5849601236917127,0.2223810725523569,0.2809682410548997,0.9226402829886685,0.8864060215029083,0.835457823540048,1.0,0.7177254579244123,1.0,0.3895246995610369,0.2068141412366988,0.5345413656259117,0.13747704253827808,0.8748881299329844,0.7556666244364854,0.8527725171214062,0.194353853683726,0.8128364149780258,0.5279236928813352,0.4770971158764704,0.352755219715774,0.28473228570479325,0.3896179839662026,0.38871286889703166,0.52235355172257,0.33109122159133736,0.31389136757624436,0.5196038917411347,0.9163213871249309,0.4845892407762218,0.10389547349197642,0.4724597221286932,0.5393129160475287,0.2627391777988919,0.561113232707194,0.28455310690259417,0.8378193249523972,0.1615319059640805,0.24262883170353242,0.3907883387390682,0.5697662120710341,0.23247059407043566,0.14608877460587438,0.2252934159069515,0.7990417195444819,0.06038036436837367,0.6020801448481703,0.19063886382109965,0.5566339461054518,0.9150722195755147,0.6484668144211603,0.1784062088127811,0.5706304550472017,0.6174395388823174,0.5824320679761579,0.6034904719702852,0.5909115578303472,0.6403530600311456,0.472378623212236,0.9339391414548004,0.8461229239770173,0.5801387836935837,0.3836807827565414,0.04036172272743845,0.740130357745384,0.06443523902310669,0.5474501480081226,0.5265382588078579,0.6245814024733974,0.10412939296688313,1.0,1.0,0.733952246391094,1.0,1.0,0.4017691855592051,0.11215689437427094,0.640378263184049,0.039466795677833066,0.6320515191047257,0.0,0.6665356012875263,0.0,0.47960922613089163,0.6596509897261275,0.2726946765937965,0.6724457818733722,0.7173838611536688,0.37183232123855486,0.523300413949935,0.7001327420683257,0.7096293094342395,0.7628605740148989,0.41476187884228977,0.5337143239308019,0.5918449754421357,0.5249271996435474,0.6079569843592395,1.0,1.0,1.0,0.9807337938590585,0.45588178566675464,0.5946637987586635,0.2505249847761552,0.22050485236704173,0.2830239350378809,0.39526647476936055,0.6827648331344598,0.648019796558325,0.8045004873112593,0.46721531732751964,0.2973145383191066,0.5082188286322734,0.4204969376895387,0.35671591666738767,0.7676324608752699,0.6802206224295707,0.5879470382449992,0.41264619732601726,0.5807432739736674,0.18119773489263952,0.7315592801528171,0.4377178512799691,0.3662821893515772,0.3210507939576109,0.8714627410360821,0.4734211377804401,0.905835064142344,0.5150861750320818,0.35767601813403155,0.7871061322652569,0.3706731648508211,0.24119140643765835,0.48725976734963306,0.3399696920067084,0.4268932010600738,0.5475847086468505,0.4292027394643486,0.28284260447137766,0.3449120573567314,0.443351713008166,0.6771744048896956,0.20815754984236765,1.0,0.19104619601773887,0.9232645992540316,0.08986428381956406,0.20059067711111278,0.5748271067805086,0.2848866065722582,0.574307325629477,0.3916733987886535,0.7531533672948942,0.42079672901400256,0.12511436433645168,0.6813180861780251,0.10061180806012836,0.9926816811891612,0.2200434516092301,0.9596940619562673,0.21923850239630369,0.16364063652558744,0.4063122202600172,0.350393446660218,0.3903777328159203,0.3075872106487104,0.9888872056826268,0.2740321337542864,0.04577649921433673,0.6407121091851723,0.20764979768414196,0.07148958802016864,0.3037089870666561,0.2490211577974277,0.5131263947958156,0.4741533091717723,0.4827653154626759,0.36074422924325183,0.619784957203042,0.6042252982177206,0.12600442428260636,0.5913581432202825,0.8311943408321525,0.7277860124314137,0.7814883309185574,0.5960937679626671,0.7440135776043785,0.5445452485514223,0.6135843342486544,0.6071027824227703,0.5405260364202229,0.3415765545066454,0.6429700472353449,0.64368657728791,0.7830092424643306,0.8553678236615838,0.25113677328485384,0.7960648062538939,0.5330922556285786,0.6939407146426734,0.3444095363178406,0.9290895699608464,0.4607895117624634,0.26861260738078235,0.5120281017369224,0.7020368335072507,0.6063606983163545,0.8699552685877078,0.9183253697439455,0.9490460362669344,0.45275946590639093,0.1294053887171353,0.9970147796135068,0.9684725013989096,0.5448267777867007,0.6716547740836954,0.6114903085841662,0.4996525622943954,0.7180332343069006,0.8680687266250738,0.7584219959639509,0.1001582316235249,0.46027975555970246,0.6494540213470146,0.2108182398081245,0.6135938090391437,0.5361004863353623,0.4995672036807089,0.48694155571896064,0.3540452538101291,0.5010744955076168,0.4513874981570429,0.7676448985859464,0.7693130593435142,0.12977996270876405,0.2357240501204559,0.6228840428231952,0.2421011156570294,0.6622481960778136,0.30826186225041247,0.5008167476821579,0.2494244433671751,0.7430451798188834,0.5100515743471361,0.47410667394258343,0.576745120465772,0.39528239337030474,0.9101067187481013,0.9986275157318404,0.7637725158905248,0.9753261125033197,0.2356412553939859,0.1738555839945624,0.24715112833150962,0.14866038457025244,0.2547383508900962,0.5069568131288059,0.36312990026793746,0.47308492516348155,0.6714454689009299,0.13952113470241959,0.8477300313707387,0.33604542585185926,0.24884177202011215,0.30147038300777024,0.4167065758135055,0.4381638886921246,0.6346306095375713,0.4011605400306512,0.2618372069057119,0.697539592472557,0.4772080603081421,0.49810801311650316,0.5595538257563936,0.46803651655277195,0.5663358298829301,0.665270217795522,0.3084502328581626,0.5007985991219901,0.06461521522491921,0.5016481420741934,0.08135222841091236,0.403926281192207,0.4532947006235622,0.3718795155430741,0.5340521497517566,0.702432600437267,0.1753694406604986,0.16086039674734856,0.5946027138453712,0.08814545210325966,0.5494527473286235,0.922766599448867,0.7190048349535691,0.36085469104854223,1.0,0.9670796343203182,0.7637693192969476,0.655269649822279,0.13303876136860815,0.16549032559451862,0.21552989231861816,0.5254656722578723,0.5120981697995597,0.44952965041092996,0.471041789778882,0.5942167094668838,0.4249401779178666,0.5172926716357458,0.18854664285210576,0.47711837843543037,0.5118100928898622,0.4847313356235726,0.9416234681216251,0.8331329808602365,0.07357381941085646,0.287771811134625,0.26683782559971403,0.26634214198871914,0.22882208214870442,0.3471801570633187,0.39130489013720204,0.5350085531370927,0.23950289953636508,0.283873449730699,0.5553818487870686,0.4394782030634936,0.7062249568593191,0.6205747990948671,0.6022057629435184,0.5818926367673601,0.559264845048858,0.48228250679111745,0.2944582056834131,0.32743257989526303,0.5824707095729635,1.0,0.28830774447866603,0.6613076759808187,0.540499094400678,0.1278962356555469,0.16806410133595584,0.4075505951357311,0.33908989500952624,0.38832645350665307,0.39841416039353444,0.10195020059712663,0.17091133244795143,0.7662792724930589,0.22723863982035278,0.1988920562886086,0.45418440729867865,0.5934746825626417,0.30431196026482626,0.27172299308639436,0.5128389173730747,0.38485467317678207,0.16289473417344402,0.3099264467365957,0.533391763367675,0.7942309110479914,0.5899359838787296,0.9299893733088895,0.9968864426547789,0.392474948652402,0.30085057725070447,0.2480054884634589,0.12736918242833528,0.09476972371362621,0.5498955763919378,0.5725457372416611,0.9534449347111051,0.7630185426507202,1.0,0.3125202012308197,0.5895277249951085,0.1073683578709467,0.2947157654590365,0.8668692323384103,0.29725592397871164,0.9960677988462009,0.5863229427589334,0.024452569533594717,0.6235998339860324,0.6316954597375328,0.65698638063887,0.47513524360374515,0.5160740796736597,0.9960182970252589,0.44577449332234975,0.7012758536720791,0.5487481791394472,0.6894001580246268,0.705356395736498,0.1816443236990749,0.19523875756147752,0.29995143372711985,0.402914056820124,0.11860578151091479,0.5394674960955422,1.0,0.5141982179407734,0.8236594757995787,0.8393898495755677,0.7852235660137501,0.7602457907768019,0.4006250757399159,0.346190636640465,0.39910821104086275,0.42183399200755317,0.6278578632412621,0.4766894934975416,0.6849647125811216,0.6046848780533467,0.7028757059226831,0.34278290155490365,0.30226164175991893,0.9644060023401302,0.6545594568815797,0.9139589754692763,0.3916635665522569,0.516009632409247,1.0,0.8750671525100479,0.8615332615870309,0.14634965043470638,0.8524723558293512,0.16361437496096054,0.9038376587402832,0.15662145128623547,0.1568651684527098,0.1496082993125034,0.1951089142321224,0.24785787553675828,0.8220381507473634,0.15350990282178398,0.20975806748802153,0.2024691689109949,0.2126779739360448,0.2301040893357585,0.37697979819306626,0.15312848361389433,0.9844919044742676,0.3361101166815182,0.38235932636162057,0.4558513546394588,0.9832281324113263,0.9869152747562222,0.5997682667015669,0.5006945330504128,0.9945596864309262,0.5085399614976901,0.7399202139306699,0.510801924520405,0.35395200048432174,0.9917081740888698,0.5201012270136891,1.0,0.7322201037669656,0.28550051409028343,0.477666070334042,0.42236459445820157,0.3163119938786206,0.5453573544910901,0.43390848165786644,0.3087171250105501,0.3648881930351269,0.9778274864315604,0.6864787283331414,0.43819547351365534,0.9924452899052966,0.5390191649432926,1.0,1.0
79,0.48006047881730135,0.3732993513533261,0.8577522956350515,0.8354874402898337,0.2664270154418903,0.7588445142680793,0.8853283069342666,0.3306651415613254,0.47589146531371795,0.2664190136667223,0.654577252424029,0.7002408466714525,0.5469179550205152,0.715935960855762,0.11727239906215361,0.9104406018955721,0.5621795968697946,0.8854513427763493,0.18541151090701274,0.36661469046478923,0.731845079431911,0.4349097564007995,0.29130108338556543,0.4280928990998498,0.7037809932782535,0.09259673551636428,0.14400094406041683,0.7644122618823214,0.7493330783709599,0.8657028082819107,0.21877608618800284,0.45942998723633993,0.8048153444347307,0.2502840314129167,0.2977636869774636,0.42808867768060016,0.4252903689529623,0.28789887017256205,0.6521394622598076,0.1502469517653838,0.3171152884177306,0.2752400161733893,0.2647764538345783,0.22302850767360902,0.8787443626335337,0.8873813602315522,0.8130311158156586,0.36208081740764414,0.8856537034145923,0.39985589199776883,0.8028973316350211,0.3053251155490947,0.4066170835010173,0.4531303559865424,0.31091148938843427,0.4272874135836071,0.491139197414572,0.529025591498101,0.36903869822176955,0.44870938178884,0.7536547292739981,0.2683829353517598,0.7816445878480062,0.353128928327588,0.3504961733471614,0.08821362790802599,0.29239515049661413,0.6160017354952906,0.19156229498690666,0.8917761708817871,0.5174018734908747,0.054705232835530346,0.21279063894489822,0.21029051568404272,0.17265755040356529,0.7528356956080666,0.19275459710700754,0.5326858238772414,0.6615871016940938,0.2189301144601532,0.5567413971766707,0.2990997620521246,0.5965314046794061,0.22954330174242835,0.3331675758556498,0.9207261822281084,0.8802431184957832,0.5647127068766605,0.9089758173850431,0.7347528879628686,0.8902170133815509,0.18237802186358745,0.5636472212124811,0.7550856378691738,0.43100638431011673,0.6333886156840691,0.6282431670067596,0.8799887082345451,0.33209899002275717,0.8556322783805552,0.1442667870614441,0.4718627573016307,0.9533037728143009,0.784775377453587,0.5276973533666621,0.546953892513545,0.8189264157396376,0.4657707701374098,0.5002630243222675,0.740943802035036,0.6849042473692567,0.35025570639086373,0.2932679114571309,0.2271711454728208,0.5234183608407853,0.6969942067117799,0.5369521138425984,0.1913774070844349,0.7155806799462372,0.31727816647365525,0.17201728488195706,0.4515924195556827,0.7399248410855533,0.4545350107120692,0.45412994713134974,0.3953476895510651,0.8069442823291479,0.33410027993649655,0.615695583617401,0.05718784909369989,0.44332783468604664,0.6303953094231596,0.7016004914977729,0.23938770172323673,0.4841946863504791,0.8485729505341021,0.34748959683025277,0.7380190223056363,0.42989565067876995,0.42968896767110215,0.6496193130009266,0.8891566004532929,0.8333505283661348,0.5667159355712124,0.37996965117420034,0.5930124947600468,0.5974649063351769,0.5700797921375896,0.4778592871446715,0.4801094408337854,0.40567307455505175,0.5572369225689597,0.5129010497865785,0.5178483649608405,0.7538181752135096,0.4911792879860349,0.3918339616663349,0.17457890242261662,0.5716063739502829,0.723351630287999,0.4785530477415592,0.5126553326489438,0.5391157464591552,0.4791131420059352,0.37013384507807784,0.29640791293039287,0.6506439719986084,0.9399992880424521,0.5849027304779908,0.5601694849319364,0.30079755626034516,0.4421306602165984,0.5313761689146425,0.6274135695748859,0.40633698868784696,0.15664275620994833,0.5032876839082828,0.5734764455450746,0.49469046667842215,0.6031604340777118,0.4254497837022984,0.9043586805746269,0.898112877095228,0.8963817482374794,0.3740949284587407,0.3751304019804469,0.4811688576164348,0.454772845115893,0.49920358954473787,0.09538267094293434,0.4865356242020469,0.23705010990772982,0.6520509155505144,0.4665612482935835,0.3128413778524296,0.8468019154223464,0.48404555376167474,0.8175633006829156,0.6023981701474146,0.4153072368983934,0.5949292073452795,0.23426018592887787,0.5773650727998326,0.33352217873567236,0.500692808129083,0.521674310525027,0.19071987078780928,0.4644179221973018,0.7720340632832011,0.36565534164260677,0.7992773311988272,0.38961847375108843,0.5141232814582244,0.7592502933820019,0.10423866355950683,0.3530551092370989,0.34427481458548853,0.4066244446064258,0.4258490655038765,0.5575258497191188,0.4492196574532375,0.3132520501967341,0.4299466533664003,0.3572469193172768,0.16644258999750844,0.45030060183154724,0.5482831872753832,0.4538168865075043,0.8460833182189086,0.4414350420339319,0.24915024344269582,0.8171441100902871,0.03158263710309386,0.7998343848747282,0.3250395391609892,0.8779954754257309,0.2780519452480249,0.08305115670534857,0.6655257622939976,0.4903433228765012,0.889629445505636,0.48298315424619415,0.881499381351332,0.44624759927094093,0.2602439026245511,0.3230234219826531,0.23718842921073574,0.2776566754430656,0.1592825283333669,0.7524493783225615,0.36878771139183764,0.12823383619285209,0.5831558516390655,0.8076263442312973,0.33924549957298306,0.3674297489827664,0.3429252472481542,0.4754340274657081,0.271774369009642,0.4482623261596341,0.3311062145280402,0.5764231910279285,0.5556466681883768,0.1372181404318004,0.542386074881193,0.6279077801691432,0.7626336768534395,0.31052538546210057,0.39553177421640096,0.4584812035672054,0.6891295813574373,0.5518505219948278,0.5199642102705024,0.3522427532800598,0.36429155876029257,0.6292036612013822,0.5834719619581301,0.7451845421329778,0.7212341296358591,0.39518892630847063,0.6437096352869441,0.5644641044729521,0.3616576410396337,0.3953855037534378,0.9617517575585154,0.29754728440127454,0.36448916817177857,0.3660466988008885,0.8284177944469903,0.41490309765616096,0.7514459908501805,0.8261501383968888,0.8943521990826073,0.5185008996469697,0.2899597184637383,0.8851390725056205,0.8932870914146239,0.4036698919781365,0.5612894972897142,0.6178480920809953,0.7657255915351701,0.3082527438711005,0.6249832706613061,0.06671085641678444,0.0,0.16434735743710732,0.4085437384644372,0.14659875769407843,0.6138810864707804,0.2140754645504362,0.14635331468305027,0.45463854154426325,0.5350282393530709,0.25416254833484025,0.5887214553565912,0.4654540637749349,0.5034062234480736,0.26075341967790266,0.4843780126389596,0.6075253942959826,0.4823460984869051,0.47155215293919817,0.5072339805908768,0.6058776195712627,0.36376232028352984,0.8887964043539957,0.48221867238788424,0.4475025963981065,0.6840207046399354,0.5715378584392905,0.8114860701684743,0.8828776512929399,0.7859004087937197,0.901381307555151,0.4820503342043371,0.17137553163275945,0.4927162028642155,0.15214735951796757,0.5193965139549481,0.7110507385843179,0.381302122092181,0.47130847250672797,0.6173268793104303,0.16124379392608137,0.583232503118943,0.7548832232849777,0.284240946283682,0.2420290347324561,0.4889164484368509,0.508238695479397,0.5732391827025134,0.4714554563703884,0.3083095562953844,0.4602788215425496,0.7774547420378001,0.7706998799312477,0.310276114496395,0.7751596729758317,0.20359041425210495,0.16938618975142108,0.27797978387333183,0.40704619775193346,0.01711568583497961,0.4190584655071373,0.08069128186447092,0.3432983429393745,0.5141539311591251,0.4637315979681144,0.534095021843442,0.8766320779049506,0.23086885713875915,0.20605367604120242,0.31267843014922453,0.4254420015118329,0.41940178235802716,0.7195477012754228,0.5574050672798229,0.21108763956884224,0.8925569622681635,0.7751452323460066,0.5360080606561648,0.48425512485528505,0.5084273919760032,0.06404320009562577,0.04407140575659543,0.6625943809770507,0.649089566113429,0.741257980871621,0.7377419594043663,0.5761351275527691,0.7278030048859206,0.7176433782827938,0.11659001870704237,0.5703572252390003,0.6855643634258768,0.13020232398515807,0.7548336517690606,0.5862645066804333,0.032185123166140306,0.6863403132920749,0.700340098844666,0.6219057015046132,0.5801416324260273,0.5638907883537718,0.6619038160186057,0.6206189853565738,0.10835800231686483,0.2509889683951787,0.3744046449042459,0.1970336981131791,0.353191307109563,0.7740049690502284,0.7790960365847545,0.8250890746858779,0.7998090720526732,0.7634206735616867,0.5991155370630249,0.7575841708388412,0.7551030018497283,0.8932860009433797,0.77615397439536,0.7834032775221366,0.8279356292445547,0.07916734691789007,0.04762013611647862,0.42977455070506915,0.762914756020989,0.7689354431666555,0.7224744679137518,0.08694390388176372,0.4150450468520349,0.7055289559499196,0.7120837483235435,0.4054976235093442,0.4412722613062515,0.7044260768367541,0.14284746113041677,0.10791350954305717,0.5005857137702989,0.6486988583737092,0.11330291995013815,0.20936920268422204,0.3217124356260062,0.7794989911916163,0.8777413862969362,0.86967682165945,0.8900990444171925,0.6349771807325617,0.5825789173132183,0.2215419647324025,0.15069692127058812,0.27170882508140554,0.353904280454575,0.5896808465910237,0.7289772251248646,0.43586458312071513,0.8911910739963684,0.3139682762790372,0.7036529485952548,0.04890863591926138,0.799872689423708,0.6974928652939334,0.2558165876334389,0.8635307129090635,0.6353512245000367,0.18660974731533897,0.7003591733381458,0.712280865995592,0.7711517044839604,0.6429484468580264,0.8524695135387638,0.8933138657755298,0.6860707044200307,0.3540474179414045,0.3254767852832135,0.4945664930562777,0.47584784137175656,0.4992794997323375,0.4885740691862516,0.43074536821262566,0.4812430485171553,0.13973683202085718,0.3848610318635642,0.8808802933928171,0.3811653432147149,0.5742211110458747,0.6109078814931519,0.5532274746050176,0.5196221905925198,0.47424335843681803,0.4495888795572978,0.3992721932819671,0.35935548108986487,0.5163260648454668,0.32503645777435075,0.5669551127396016,0.4398980187860778,0.352030743993563,0.7183211025039601,0.6461442363886736,0.6953759659014365,0.36638446991037465,0.4268109604091075,0.5923853805965266,0.5674730761090617,0.899172273206617,0.6152011788618722,0.6434181019304374,0.40225912770632927,0.6340014153432713,0.41032178286137067,0.6309162604676051,0.41701119021053346,0.3892546699549549,0.3682086039367716,0.5174411262283943,0.5905089635249712,0.39235059495687896,0.5121927679536991,0.5903846248256202,0.5856583967203433,0.5895028739412015,0.5889266835903832,0.6473238951728911,0.3299415764895141,0.8591648377391841,0.6413915203039912,0.658269239599041,0.6913271752884516,0.8777280741747475,0.8798486141783101,0.30163109683467754,0.397306947720063,0.9059153598465008,0.5160298377214959,0.43708526579863033,0.25932889362810857,0.3447633713161973,0.8922063150676036,0.4014665987057619,0.8925593542853065,0.5883971309772482,0.5035238247699263,0.7163137484627353,0.455992151054554,0.7004491700837572,0.8002503727217526,0.5899947757498601,0.5584722711695891,0.6548565668109173,0.8590764156737665,0.4641266698205516,0.1420760692429594,0.9078220562885803,0.299577018262124,0.8817627624894114,0.87159021231418
80,0.5727027908875811,0.2692453696975903,0.7336175739805354,0.7268463275640361,0.516744537489393,0.8031042743011177,0.8267936850732469,0.5120820511175477,0.2949842026180391,0.3761979765941311,0.612860424628028,0.43437051760389506,0.4788559758556536,0.7685071896973981,0.10108811657164353,0.8201070632753522,0.557081891505414,0.82794517744868,0.4305682079408181,0.40720710286153816,0.6214100794903545,0.47734169963724665,0.2806783512675624,0.5334669850396598,0.7642794085401771,0.47343039912007695,0.42009259083950634,0.8160894377329252,0.8099203743506233,0.7989959665180253,0.35125848627786105,0.5010612783484364,0.6904371288750755,0.3641496769690516,0.5210501697748319,0.4511119364653925,0.46406849829362806,0.18676389525964576,0.6299821363435429,0.15434275932285121,0.44928683633084576,0.38757424027238957,0.717984859843666,0.6731804368119868,0.763315302207242,0.6600503671908365,0.7200766436184209,0.45921885796318523,0.6492243600509638,0.4378757681307002,0.6925679988558237,0.16822105473985002,0.6457110161469064,0.5044417298625452,0.4491150835458599,0.4837353192396458,0.41005400607546993,0.5048757780484817,0.15444311632802804,0.38591970091410915,0.2753759545761296,0.01648666914240263,0.0,0.24946599723590132,0.2620585574013887,0.05928379836796805,0.17301337076490617,0.34747071651634914,0.9293333915710233,0.5350231083602366,0.5205106147949744,0.8442116195394045,0.7915084312282985,0.19433556852392356,0.8243060713776413,0.7299188569109102,0.3970250935815005,0.4173894817931043,0.6037907210275153,0.32458961946260845,0.6411051193908187,0.42834010916381765,0.6293372347362102,0.19734222365948972,0.5460081370729352,0.8785856780857225,0.844341178072197,0.4958748685264161,0.8212123606071069,0.5935112666643221,0.7900160232306921,0.5576252221517791,0.3280617091044469,0.7769400291871842,0.8048741112788333,0.4533010722156477,0.6769187420576313,0.6165314415117239,0.20983890137343292,0.5675364114415582,0.46893148328153617,0.7113849658793582,0.27898991428749403,0.3221518258968005,0.4459578113486037,0.43679227077040617,0.7032717426979528,0.4682931247399676,0.42234696393276566,0.7549507692369196,0.08653933383567505,0.5099091626190816,0.3584413103758525,0.22398759722848285,0.5633006842897125,0.28836844379749416,0.5996581807844907,0.7928841793123586,0.6302836099375408,0.32205723126016783,0.20406152468245037,0.25093301425315173,0.7277352703476129,0.43648064513838164,0.4300004855806096,0.3579168634800624,0.7188972178223801,0.12139913084481306,0.5234734021842112,0.8803563429245752,0.4068116298663045,0.49437836701324506,0.5607303554634556,0.7953260682373814,0.3634253801369353,0.7033739900389493,0.32645774803373184,0.3053123197259083,0.5305180616785498,0.5014450537664218,0.1298778507975919,0.9068769909937701,0.8026261317027908,0.6075626299072009,0.4498498299148106,0.6925842269345374,0.6817744523316263,0.7112024100276686,0.7746880407299932,0.5307997634884918,0.4556378483940176,0.6855032652798462,0.41063271558826847,0.41472086537759784,0.6581160332275867,0.39562888204035457,0.45577916062715235,0.1368749677827896,0.7046609450457112,0.4397284266569095,0.6149571677001787,0.4296552818659698,0.5558077754606651,0.5188495079188269,0.5546503687696714,0.06049526108024762,0.8040261029451499,0.9116171029548985,0.651155664432099,0.5223675213700458,0.4334929216514099,0.5377096622099878,0.5017177635433344,0.6415256758325654,0.3196706658689247,0.4508489817151385,0.6849761829239441,0.6279057996058506,0.5761735062045198,0.2908511363321962,0.3226334568847392,0.8136615480580052,0.789789216111417,0.8006737405366702,0.24003742144319287,0.38568731694131875,0.37630030745950804,0.11233259617173084,0.3963612583733403,0.15348039207763206,0.5438367970142199,0.40362172532189977,0.2559022741439111,0.28283291697216323,0.3094492977098264,0.6745421050900201,0.6352560155690767,0.6042826543168925,0.6883386559343669,0.3112057265560066,0.48027037864039207,0.46346233836871586,0.49443955485674196,0.2510216542835384,0.26062183827693447,0.4501035642678712,0.31708994468252993,0.36295420043009385,0.8348668113977341,0.575018026508255,0.71587387522907,0.6319832429024012,0.46746696209170996,0.6924895533378549,0.3119124266194926,0.36791264687974123,0.2196086983614466,0.4323289962174081,0.2944043824520355,0.5325692496400477,0.46775262317895305,0.3200486768712453,0.6712503456233269,0.443095193442972,0.29832299990370753,0.5197361756108737,0.47871014705178017,0.5346245924470316,0.7720967562731668,0.40176654071347884,0.11072501449476094,0.6028433772227161,0.25128339682809936,0.600391188476963,0.22874894361005363,0.8332094274578491,0.24440324613363176,0.1789984810236761,0.6990373907566095,0.4783265391549027,0.7883937410629515,0.5845282294820592,0.8072329839573699,0.6071182567571836,0.1201697892801104,0.4452886692218955,0.31567268119740205,0.416372212745322,0.3106104900735007,0.6638791175420515,0.44961977873706643,0.07671895407633982,0.6216731686403365,0.7234852263086402,0.1731449408105938,0.11106375334351856,0.4253320040391023,0.6149245419252662,0.31549912125646107,0.5860966015507806,0.44204894255945026,0.6116820439412616,0.5867645504557522,0.13502381403424055,0.6161454673234288,0.670321900256477,0.722180733641407,0.2694003315508622,0.45272986798442477,0.29761729101357914,0.5107303447503563,0.5714910039893236,0.5113583128528861,0.2631531852423471,0.1865487981312185,0.5254427230796573,0.6205045256677881,0.7284896365743108,0.7358692896123232,0.2840421082579563,0.7244419801278908,0.49846803019683034,0.6266636233110688,0.24546630075641884,0.9398338013855321,0.3867773929865036,0.3503680794426526,0.37647732577911325,0.7205008077498327,0.32902711299957976,0.6806862370066539,0.663233062318017,0.8554424434646665,0.5521702628098235,0.1513891552538218,0.7939413292541007,0.7940499143367115,0.46265321761337325,0.6315015924849704,0.43523385280004745,0.3781907383064544,0.7208159982115573,0.6727188442225587,0.448073005885528,0.4973493216992379,0.3647958329051107,0.06924708559629626,0.2651929059823431,0.5970460092838211,0.5203660109066338,0.1622174226943427,0.42617440365948484,0.6000341950686657,0.22992772487326107,0.6617051661793744,0.48195551428400524,0.5077911416539687,0.2063751763011568,0.5447726008466294,0.5513607003173522,0.549372632048191,0.5578699472606188,0.5647005522131656,0.5857819868637609,0.49883582485952616,0.7674280312136691,0.4442610161765915,0.40495137596258535,0.644006325508784,0.498841156825928,0.7269798005594427,0.7841887524864748,0.7670640124410224,0.7808506184839246,0.5329028350621418,0.08755731231411953,0.545404401351994,0.089380390980979,0.5704528224267328,0.7371889980335437,0.3864447242481291,0.6200917881308585,0.5600933542909452,0.4660495474074408,0.6643020540336493,0.49215182201508173,0.3632973944238316,0.1413272329485968,0.4550022203665941,0.49375031279051645,0.5427319258169194,0.4509717722931728,0.2634667820888452,0.479983438077031,0.7749544461806237,0.7769127457090618,0.37253770689510995,0.7500311413247498,0.33621442254361056,0.36905239895905173,0.19134989874118963,0.7622237488698822,0.0466677466427091,0.7568423568499766,0.12863861311075878,0.7340291155144982,0.529988424107778,0.4990237383877774,0.24242570827944074,0.677767022991834,0.10715631766890314,0.26634080143150973,0.3367756797414966,0.44902299913691174,0.7632446231814031,0.7802866318568573,0.19996571306855615,0.31890201311781324,0.7873361323767681,0.7274145053680228,0.5610078431782612,0.4667276465925837,0.6858706037931941,0.14182181581681114,0.11422075140172756,0.6132525357260465,0.5900093318968899,0.5985426625869905,0.5983494695074522,0.5626396300180748,0.584134803775161,0.5960484990712577,0.1505949133512938,0.5818401135367705,0.9616922168751767,0.2507293883591338,0.7762995920183785,0.6606525967143787,0.10010878834529403,0.6205082068736051,0.6257171002390852,0.6012550444626599,0.5612257455181229,0.4508122152550071,0.4885025834799064,0.5543381893756163,0.12133640811509959,0.08362056219053848,0.4388785516012242,0.3443221149833252,0.329150390367614,0.7276148446400691,0.7098804949048313,0.7126089024685051,0.7063225935949816,0.5801768223141275,0.38308374971726383,0.6926528740953389,0.685790919442426,0.7952245792646997,0.6952532827889194,0.7454911468499329,0.7062033234007166,0.18117158169820347,0.1306046855203184,0.7217473471100014,0.6867738070926823,0.697086232179884,0.7203844182034304,0.09682198946130195,0.5464661002473157,0.7156190635525446,0.6025174505364203,0.3174705204198673,0.38464028339995016,0.6618948615449983,0.20445790484480397,0.10991174758144998,0.4781355273025741,0.5586572967140926,0.12701378218917259,0.21824111562722465,0.4648785292534069,0.754295279113755,0.5896469163530544,0.8469214175886631,0.7960877172763512,0.5177099516278245,0.5166322041245659,0.28757406250196654,0.12095450940963183,0.27708514636128684,0.4010945939117075,0.5855788896974635,0.7766655031473167,0.7047074179258044,0.8058468625829143,0.2596227682614034,0.8413266597125235,0.18492111215932908,0.6096666048624687,0.6422661570240648,0.28034234645083,0.7775793425593145,0.7594622549632181,0.3884756359865086,0.6336252520878929,0.6689357173222731,0.5546550611817419,0.31124274853154343,0.3562108681479766,0.8186986736143449,0.28828352295506715,0.9314946672544907,0.8987806139458698,0.7759831590149464,0.7911904515352022,0.48337347521796115,0.46812759929648046,0.4121692650651749,0.46948062376416916,0.10271064992350984,0.8714887172679742,0.7588465084787809,0.8319296569437256,0.8366627357350549,0.8427936802695908,0.7754911659893271,0.7518813697202694,0.4233273252941411,0.37400308194213455,0.3438770375841407,0.31955485805585737,0.5160193950574518,0.2599840243891139,0.5439031144778105,0.7603831358286203,0.4241785085470653,0.5440289010124486,0.4600543321948473,0.5976887540918908,0.5359506887566337,0.6806704770840218,0.5090532897431675,0.385476913375815,0.824872596278295,0.8525427375579451,0.9027714035055171,0.4583102521040517,0.8837458194505395,0.4543608098904932,0.7900904463302867,0.48597187057179303,0.4611895238635907,0.4662482332346599,0.6134515677510676,0.71082660011347,0.6706506734290468,0.5391166472740881,0.6740049161691622,0.6749650882583036,0.6744745333849369,0.6678414353629599,0.6692951115555311,0.4749783063107244,0.793556985548036,0.691355813235347,0.7110548393257597,0.7267975073322869,0.7424976512276097,0.7809214639256136,0.4359031079478853,0.5483598921115701,0.814186565050193,0.6550143255876046,0.6646868546677971,0.45867941174501575,0.33567697054301787,0.8060977377442947,0.5524594720909624,0.8101896219474303,0.7154650084931482,0.42129986423588084,0.718004784533661,0.5280640957576925,0.5460840312567876,0.700726558827067,0.6901390426214138,0.6034606492495517,0.5756484575885862,0.8036952428791597,0.5304588719387738,0.37389734214586906,0.8055485211553076,0.5457080964508159,0.6844471565714945,0.7730223476205085
81,0.5514456057386747,0.31764060356197443,0.7308517272544822,0.7256876201248716,0.6653320238109166,0.7380100757360368,0.733394298315268,0.6379038062815807,0.6260817862506873,0.4787122528910091,0.5097739084949686,0.45121373635664713,0.44287882476151574,0.7958744223658595,0.1781958682261812,0.8245492351558553,0.7884459986184602,0.8010506721047972,0.37220929389194296,0.364069341398495,0.6260495812455878,0.4816616039712987,0.3297083148937598,0.6588524692359569,0.7815550634015132,0.6391983341641941,0.5060927319386415,0.7393405826792214,0.7346003880773331,0.7177234314968136,0.3326311342471332,0.6739433321103333,0.6243453523457605,0.36234409453260463,0.4418725898240694,0.615856697022396,0.4226124548264478,0.33965904758504806,0.25693586971714444,0.10630035582939523,0.2809180472880577,0.45057560863893564,0.2884478761172206,0.22543995186175894,0.770376058126223,0.5674559726372704,0.6724365863125245,0.7486726370309216,0.5701141485100915,0.3458328744420497,0.6454136995783664,0.15611148757351218,0.3520915880393847,0.6638011015541068,0.09127135901990298,0.6307958581707872,0.269682547651797,0.5089271969644649,0.2882967495033566,0.1342922451079742,0.4157993607934454,0.16097243518617527,0.21588557707717518,0.2665642143718432,0.23880456546358206,0.12475059425008972,0.158498308229078,0.6093847278978208,0.6414295446506698,0.4391234457884953,0.5012587309753699,0.5407805916328944,0.36624705528076845,0.13281128371023393,0.46754919966587927,0.8027642970078581,0.34992665745044194,0.43624460407986837,0.7047288913011678,0.28859453506352034,0.8957545670709971,0.5695696012054489,0.6405783336931965,0.18149682129741637,0.6853863944342801,0.7589169867271425,0.6857846624877875,0.7613243735929779,0.8195503554662645,0.5595308561856276,0.8140682087793105,0.4049551584557831,0.46406106894532745,0.19937862323056216,0.15024497964316233,0.6844981058317542,0.5780416401962134,0.6935838129937606,0.18240226576185442,0.641688808954506,0.3496465440770946,0.2413272422750709,0.2679325949359343,0.13697271418522505,0.28318298727808244,0.28228271429606877,0.4652441647789033,0.4406203230835443,0.25946997832004187,0.21249664030164403,0.5419534851960407,0.4464252485973217,0.5521186997977429,0.42713941238197417,0.5683121202091843,0.6236445763352579,0.5707610666947517,0.453285389902783,0.681693721925345,0.3062492952343419,0.18222171223836509,0.4134779071776383,0.715012123279211,0.512533197324915,0.3854889939623501,0.45238051224138764,0.6914157332762826,0.38186774298990134,0.6698325951593019,0.555739003333669,0.15617276561574653,0.5486854548184322,0.551765489489066,0.18494005590908066,0.4528383396854677,0.6733369071937552,0.26501131483534585,0.5515494729571527,0.5237942321229611,0.45951512158118796,0.4083775611049269,0.8971084628290729,0.7763906539546345,0.6081864786443275,0.44100231158608333,0.6534540325622068,0.502556117839066,0.6573899618932768,0.19353314344196243,0.5639580785980032,0.5391166976340492,0.6860043505974631,0.657333535552864,0.6531458866878339,0.5896829431732784,0.6415961464838051,0.670373088899744,0.17150432603692048,0.4539099978192968,0.636821893695336,0.6139889983270761,0.40258376704898213,0.5653497076489875,0.5225265277353878,0.627401108612906,0.3106127086812911,0.8685668123397775,0.37160379073140615,0.6252801246176708,0.4417384440361972,0.46510970571681864,0.567570900545276,0.4010941396427613,0.6302961590200841,0.31561572140127386,0.23044117510782058,0.46405298473167833,0.6536451173583456,0.5926203353128979,0.5389461872680213,0.5899728737968616,0.8125775260489478,0.7907317111606214,0.7759695920901003,0.3340202833798157,0.4698994262583898,0.5228847226027943,0.39806957141936755,0.5303243455522684,0.14236529988849317,0.576512475151272,0.3116401198279697,0.4573761027256979,0.17942848693200505,0.3982615996347332,0.7781870522247024,0.5699425016407684,0.703268027016233,0.7097590636559139,0.2638251552266878,0.5074855123822825,0.604270452349709,0.5128570504698835,0.41940808971599125,0.5901521338314183,0.33946009170769476,0.17071212461243424,0.2254420786028318,0.8719074055307582,0.4739985352969166,0.7456247746500245,0.5258625454172132,0.7036301614723374,0.66522166069537,0.42339904145837104,0.34780346292122366,0.5383653968079133,0.4381440611978482,0.36191914378771417,0.5492382637531391,0.45737731141432253,0.3188300297844207,0.9911827139104886,0.38594139383853554,0.3465470713682528,0.6662848847819283,0.6632966105505895,0.6627187331381676,0.7676060366707037,0.4021809927134235,0.3088588187439639,0.6071670679985851,0.3906240144303536,0.5984654116890872,0.268419443726311,0.8347872508095782,0.27682604207582934,0.1235489850248744,0.6986457888685714,0.4832417426838643,0.7888930045601011,0.6668463718776061,0.7732798182781397,0.641996079275557,0.11782843789792093,0.6518085847706673,0.24822004275465162,0.6431048961476475,0.5121864812335659,0.6916334570071483,0.45630395920829847,0.20023235619290516,0.47586768157359594,0.7133588880488145,0.36390517865404265,0.07814298736972103,0.4279840743987727,0.5888097856343631,0.36618369562104824,0.552704152021251,0.31448922275280333,0.6173419276009097,0.5824516722240944,0.12417936883549999,0.5901247833575652,0.6659134455969066,0.6130359366190242,0.2975983311370684,0.3078261476267766,0.3704653237025269,0.3748372214640559,0.7228554337111046,0.7096786599424408,0.5247757029814386,0.21123145021803766,0.5283021796237211,0.6371075969752111,0.5996969333203399,0.5914416721265677,0.41630752948635397,0.6924345656488153,0.21519850079776076,0.46236509594205316,0.410689099109758,0.8678569471640513,0.47589429354986323,0.3669434282634655,0.6168907490260892,0.7368701512354746,0.5299493780737513,0.7164451671784683,0.6874346160092828,0.8736235393952956,0.5288236655114789,0.26775745791876504,0.7931056583278139,0.7751890619481363,0.34766556471756077,0.5695519447870718,0.6088532562472689,0.3921526340466593,0.20503897801254348,0.5353960998623295,0.28390784709116257,0.5304091172504953,0.49279692907425315,0.5521729832286489,0.18971056519866664,0.6243223432606304,0.4497394053361905,0.36109057300265307,0.5815939532279965,0.7094011479849626,0.29989673449929355,0.7026585118638045,0.7859568306793294,0.7767975136828738,0.21211416863035748,0.7024897214861089,0.5803449560712232,0.7027100495015429,0.45372622574681376,0.7031174463122498,0.75299293469516,0.33848645579810055,0.7921441031578315,0.5983844268281557,0.553132650840665,0.5858672759674011,0.3552985405641102,0.722349140543046,0.7786693535334327,0.7330083921877226,0.8011684106082199,0.7038865842178995,0.17632928897808547,0.7153412010089722,0.13523548362721025,0.7221543343949647,0.8024060109744084,0.46318530340756026,0.49575914268025967,0.4859050975144303,0.11061024344636924,0.5406642657381983,0.44138753484700327,0.397805202905872,0.23613358458980802,0.5823678373797363,0.5824187691314009,0.5838985711970909,0.5325057827859091,0.22103095774904952,0.6577460228027452,0.8881315436522997,0.8984299837140506,0.34596111584641687,0.8840670692944345,0.2657062588128932,0.3923555243083775,0.27215917171254367,0.6338819224710663,0.1745173027368467,0.6170076786742859,0.18669504070707926,0.5691124265338299,0.5971905121782117,0.5418600496859273,0.5323813446395473,0.5806956314048096,0.15542535098364837,0.13359004772477379,0.33530322111748195,0.6114882480797768,0.6209639110045245,0.6934317305424634,0.5053534752171334,0.17808313515465884,0.7957833320935026,0.7262601085388852,0.397943768668728,0.44882288611581844,0.36945898180099523,0.23317253914508349,0.23451081171346755,0.12795956507072828,0.13970086890066877,0.3114063173407554,0.34389191666124325,0.6336870422311882,0.3056886236482366,0.35119389127232464,0.2846486641935113,0.4024584706838629,0.68036301751086,0.3249975800987825,0.755748812028369,0.35725813740099893,0.15019438456328996,0.3003848811416264,0.28711229618832423,0.27950030566891293,0.26058698367491423,0.08708707369518183,0.0487712319956027,0.2184222752582948,0.3059416471225683,0.3956656518762121,0.31606605135261817,0.2589763413511597,0.3568507779683167,0.2590755449916167,0.2621109919709887,0.4631284102210931,0.43302544390451925,0.2808540901561016,0.28026425132333616,0.4269948070391725,0.1689031372148722,0.7995469963881987,0.44359877822005717,0.2723273914396525,0.3915474595866977,0.27692855240936737,0.21817249556919524,0.4168278622845611,0.42690986630914735,0.37332389201973104,0.4996815699349464,0.17048967341067797,0.29014778067374175,0.6335423296358031,0.2649915581933569,0.26599435490496,0.5090350669390723,0.219576498498933,0.31967894377427986,0.2634799394137426,0.4530726273659757,0.33740604131782986,0.22981151949959602,0.2093197522078289,0.3805641883558925,0.6518906379504086,0.1813691876140005,0.8075564434659528,0.7984713000237085,0.26175069045534355,0.5271707405405033,0.3620409635554008,0.17783607978574154,0.2859929485478447,0.38041585332806915,0.586547206154462,0.4976043016286645,0.29535267736194243,0.8023447623586657,0.11258770778334665,0.7672106789345605,0.21369310026783972,0.7360496596336965,0.3090410312695721,0.305532258026787,0.7879840565362362,0.6489218739551943,0.5385962879223751,0.32045323909928836,0.3184214281600897,0.42902700027099555,0.12431942529279397,0.3607294755465664,0.8070739243313422,0.09279013288786096,0.8892866668108975,0.8515305407295916,0.7631181187944917,0.7715533550407735,0.4333444944166573,0.4105096485922227,0.2568139884062391,0.31717518896445335,0.09864040905312937,0.7239851644366938,0.7377865533545539,0.6960064558423119,0.9343949325572664,0.9447420999812548,0.7736211322043378,0.7308160070057738,0.5054371622375482,0.45891309111366024,0.5009290099159095,0.4734647881130332,0.571225183899522,0.5866807121878713,0.5483896858965636,0.7219228748994638,0.38767530119069704,0.4635325538716582,0.24447237808797403,0.7009213885356337,0.35892477393095423,0.663544170323685,0.33746529128968894,0.23659285165581254,0.8192960945945793,0.9450441008157808,0.9518794327273533,0.6443499082915927,0.7976611819755351,0.642151197944833,0.7600651735526449,0.675954152237982,0.6366911804574438,0.6203888803954971,0.8051475643572102,0.827970604000107,0.5887734692723647,0.7260612136316317,0.8574733865906448,0.8796650663040991,0.8752943540416014,0.8860955080028213,0.8929609430516335,0.712782640311383,0.7880450468975186,0.8484329460630651,0.8435457256806719,0.8184987564242078,0.7793923857614853,0.7500592832647364,0.23806950091639326,0.4581105535927324,0.8267534178999719,0.6909749838908278,0.5050301556403847,0.06450451489494576,0.42038124193155413,0.8167539978159307,0.5800761336663246,0.8107649730428154,0.714180282357847,0.2759580533056758,0.7336883832873506,0.5534842209903237,0.24555680846043537,0.39463895714585495,0.6190808629016566,0.5683070843746946,0.237372655843279,0.7950259429134957,0.5286008341141866,0.4654738660553293,0.844696403570809,0.5850140929653281,0.8069963647288356,0.8056682225520451
82,0.45576339998987325,0.3359763838572994,0.7195945079423473,0.6727729346051936,0.5122614665928444,0.744413338835753,0.8314263082792998,0.30371347453793557,0.2787106993120177,0.40578189917176216,0.6321712865008422,0.425052884700461,0.5119127828372273,0.7822364340814703,0.09974339004920979,0.81957945784848,0.9688047846186737,0.8204346689113974,0.3405082905384836,0.35874854834151026,0.6223000638452384,0.47209963826400825,0.1844102959863513,0.8895152072018975,0.5690373707306716,0.6915857705006994,0.30581260964137885,0.7293926634501646,0.7168640786036351,0.8082981521520894,0.18129092759529794,0.8750120712706256,0.7420296431796438,0.13040113902692782,0.5705754888577328,0.8065423185204337,0.3037881301702541,0.39049148075258205,0.8368029942456399,0.1430045060265986,0.33008104211042427,0.3451643465013967,0.44424303292607425,0.3521137956833501,0.7767497651725651,0.758105305765243,0.733619892182133,0.8871333137620183,0.7481592048254924,0.5484806288475484,0.7109768187565676,0.14797288241525342,0.7659607816800994,0.8640378282523137,0.3655959867820274,0.8120248257387702,0.7671906247904259,0.6371862561795499,0.20837733921034265,0.741497560885637,0.5345129553028056,0.09817639834681144,0.40929177279978657,0.4487320861990094,0.23730369303910176,0.313073834920605,0.2499528941899316,0.41682943857976823,0.6160185632039507,0.5548496458743118,0.6007199640933215,0.5164834549723164,0.5047226598324956,0.10645646736286493,0.4408172495790207,0.7133396348931963,0.43057458266291726,0.592191573277449,0.6137163164964996,0.2700452606829484,0.8098891004860662,0.47606079687806585,0.6628606315323995,0.11966973766706139,0.31368976154775025,0.7089997479507395,0.5917028521091005,0.5542774122650992,0.8164221132887144,0.5798466817897828,0.8277731978688082,0.6781965320914844,0.23312255478561109,0.48032859047883597,0.3606976042207087,0.6044018806761646,0.5823936229054211,0.5305923648206884,0.2609452760948724,0.4634350054033065,0.525681041663964,0.19728186357883165,0.5733300385419834,0.5010853810470107,0.8077402960251916,0.80753500528756,0.5484680513643004,0.2453054814800011,0.8015336444615143,0.4661467241962729,0.510938297174092,0.5118770325519161,0.2705429785336712,0.3991227325467302,0.5307873156782316,0.6190751324155324,0.5535076151320892,0.4338992126663454,0.6052846403209965,0.17256184124231747,0.2584801476271211,0.5504217480466478,0.5960126844282254,0.387726899475557,0.15474483225095295,0.3007696458534877,0.734559109990472,0.36262276811917005,0.7022394038805069,0.5303728823513918,0.4140981613896112,0.3308564240839574,0.49451866359991287,0.08071463318656216,0.38618434183583006,0.7847964355444302,0.3234049555934774,0.8520972000213323,0.20962552076963076,0.5942976675461508,0.7941301436450319,0.920504605669415,0.6884459309552176,0.5747887133068403,0.41208051130536494,0.543503134984414,0.4980166504936251,0.5758454373054916,0.14827191986503596,0.5255082600628675,0.23206596992468798,0.5983378128868273,0.35638811571868795,0.3632689278793184,0.6484438086126341,0.339187300968231,0.32320027389196765,0.10069870507732243,0.5545992453928819,0.5099378650875108,0.5204905771379171,0.38202395150151364,0.41592587410052156,0.606712988175023,0.414747520012429,0.4319638643012896,0.8029012958726449,0.7286375985700653,0.6556627688274711,0.7664086156601585,0.20230998319793253,0.4920118472197686,0.7563388676811289,0.7446149202283289,0.7013106686569498,0.28318956974038184,0.7242400418103656,0.6002028272286118,0.5629817232837878,0.5579461522376794,0.24008439485946037,0.8101053857187337,0.7997073488187791,0.7762432437618686,0.3075629482569316,0.4223466003850137,0.5539112194119453,0.4459518017709349,0.5613120492248076,0.3102804810424259,0.5581791748878525,0.2661765943823178,0.4856405189819264,0.17406163469614816,0.3728915780984626,0.6512862745659064,0.854467205224369,0.5897107126469048,0.6451649184434677,0.35893981399676234,0.6814596512718778,0.6035525878544145,0.6714319291958255,0.41806449268538576,0.2630115497692404,0.7706564260538304,0.16861212927755,0.7543752166837792,0.8537441067977358,0.29053755577940366,0.7011414491464716,0.3725369042256014,0.9169180394596586,0.7111373190076783,0.5270702069131172,0.43846930421562336,0.35688983283921,0.5906763566821878,0.358835580312677,0.9876758327702998,0.5121236078393604,0.36239953304002126,0.8810789112381028,0.5293940478430851,0.706287985264406,0.8908360426226567,0.4444710211047667,0.908960573585671,0.8319395032705729,0.8953373502802586,0.29393430224836653,0.806835166118485,0.41686773403451566,0.7893800874802726,0.524404711694391,0.8397131868530269,0.4628698798698376,0.2453663580355295,0.7562075208896272,0.6407256113139472,0.7885049715821317,0.9195584221226419,0.8069387316528949,0.7653736345996057,0.2783742103751293,0.24227096251582853,0.3096490596206292,0.15814505609775545,0.31091724421967704,0.6446431230862488,0.6082925732421243,0.18904874160015936,0.7666326731780776,0.4878762151079743,0.6831449701441719,0.31331585166488535,0.5886163478396623,0.4223328949689215,0.33637169172002307,0.39102724201840894,0.26892161564837214,0.35452417490143695,0.34010471460873526,0.10028853960528489,0.3550565651376604,0.7211516594012369,0.647470162969676,0.27331930007148464,0.33165342134741976,0.4478838446202227,0.7890757752395726,0.6442391843298496,0.5870017769284167,0.11320796120129407,0.2394913068355591,0.6257744477322882,0.6246967241993527,0.7935304786420568,0.6497782160959609,0.3602141909524445,0.7103587745236157,0.2897094900046628,0.3652485131144627,0.5329393817443044,0.8872788370769845,0.19478951468134628,0.4476651423882327,0.20597548059874726,0.7500917696001781,0.5430260076534184,0.6339761651820941,0.6976817729383576,0.8323643507748891,0.532406622383435,0.1883827398809771,0.7886723230872233,0.7956240022646126,0.6377956496003446,0.7134251512311744,0.511661276871753,0.5924428662082943,0.2835031782638469,0.528842816086044,0.20816882516697816,0.14463416725828124,0.21619287003966844,0.27247633898842377,0.22605255570766492,0.6105843979919545,0.5003248326698181,0.33954428449677043,0.3234684106645484,0.9473086380207068,0.23786876684846728,0.9663316008262794,0.2514311773051845,0.24157221763214867,0.2731830141324783,0.9106144682619888,0.676750147747264,0.9190437941136018,0.5067240933259559,0.914100822656715,0.948426249761404,0.6619217918672049,0.7558471981336062,0.3363292090479079,0.3077344840392775,0.48601664292247393,0.3440543230546585,0.7042875146124907,0.7850099745869153,0.7426660255396592,0.7308426894043443,0.9210406203513433,0.19924915188368852,0.9340788748356342,0.20924046798713747,0.9241886749127761,0.9879399362799054,0.269083020340875,0.4698673845898236,0.396601298757509,0.3553295118917689,0.46076429753008175,0.7476106426263078,0.2515902509186104,0.0914790934312542,0.3340690136013774,0.3350059544823965,0.2921924154621969,0.2924852018647818,0.24198191162134478,0.6495491936232347,0.9362218528251349,0.919342341643585,0.40295288146498154,0.9018598419425533,0.34631098701688867,0.36710050523963556,0.16497436628107107,0.5410403768195852,0.1902448273431544,0.5414192782626265,0.2025930470718754,0.4795699102621472,0.6330791386328893,0.5271027648294684,0.43586886548361325,0.394489614476725,0.17357078312760635,0.2726646948290753,0.3126283283136193,0.7911821181889626,0.5451364896569323,0.6742216294877817,0.34233407298327095,0.22933627215092947,0.7876343437990795,0.6759047835698956,0.4373967144187614,0.3281133489124421,0.20551007606567367,0.22292505421372347,0.22653250443620318,0.4842927711841689,0.48292683064173203,0.6689437072666529,0.6767614945252699,0.5775793095295253,0.6608891816046395,0.6802587037087366,0.15722461126449339,0.8918894657229254,0.6218284017733586,0.32487271789989025,0.7096428226206027,0.3970616526609427,0.11846265505718737,0.6922383592996684,0.7080111101851521,0.6042155003390048,0.5537719744677394,0.38593173686189375,0.40766288758728825,0.31084315918593586,0.2848067867935008,0.20758463746632075,0.27585108356039956,0.0,0.23773066984210095,0.6201500737401477,0.6111219257438183,0.7598836090997281,0.771691945701409,0.694630116762611,0.6103191170401383,0.7776416733379093,0.5800684324037623,0.79868643026834,0.7646753207815145,0.6491045238089284,0.7644372559825529,0.10567000499195134,0.15930391299501037,0.49533261597999795,0.7778856545035365,0.7739015771836064,0.707869196245964,0.10971181329887669,0.4838205650406799,0.6618474059032212,0.7273244933634242,0.44171744886474124,0.4119439739121816,0.5381907455730781,0.2802897607969107,0.1985312395002745,0.44812883731446246,0.5723403268890467,0.11329845247089723,0.21115927999355455,0.36391590686194547,0.8097643055965078,0.6519231491635901,0.8050773208340435,0.7920006627319468,0.4727834141089157,0.5031624994809997,0.25552302886463657,0.12367988725663659,0.3426787890176301,0.6516969326970291,0.5785356359339189,0.5806619657116181,0.19073046351468978,0.7978878958637243,0.025355542255762562,0.8746016681026271,0.16423715024569355,0.5142071092870159,0.6487292566717098,0.22634035861594057,0.7850622088081207,0.6436486004418261,0.6299467492929498,0.2720315321333239,0.29787337354751997,0.3962317132402016,0.30547787649634855,0.3951389117081849,0.8067698431183794,0.11219840515756238,0.6686825316961431,0.5146833350265121,0.5530079789360448,0.5342572047758133,0.510414850361978,0.48768225070157256,0.3617641692391998,0.4128657773792973,0.08153515388885446,0.5398310689400787,0.7842482653077568,0.5726693513306319,0.6947285593431274,0.6937365886306944,0.7409825867340926,0.743699120169045,0.6416121341608219,0.6285329224270397,0.5431448938826199,0.5006525071834272,0.5717859233860353,0.27559142358492367,0.7360977482253447,0.518763960243079,0.3384984519475956,0.6164276467600642,0.5709173933978687,0.6152092728517138,0.4284654196868053,0.6339265500662847,0.6148243462282362,0.44077023700128376,0.8213026014122571,0.6649652537001282,0.652922677183224,0.8712603693308353,0.7854742252005765,0.8727819730215322,0.786881997014,0.8986343306474751,0.8725674650494435,0.8584181480725441,0.9832162146722607,0.9732035655741522,0.583231563970111,1.0,1.0,1.0,1.0,1.0,1.0,0.9363740273655304,0.7872057534049813,0.9916582123948277,0.9752505329742209,0.8855628592699997,0.7688570787046842,0.7710927166344566,0.4026860349642895,0.5205904989302613,0.8158784935390181,0.7686869151000952,0.740580990804572,0.2943324803639219,0.4127969264683273,0.822366914812997,0.2879988312275815,0.8292400235120351,0.6185676622494708,0.2992947180489578,0.6284441479062417,0.5040522595243406,0.5270996444195131,0.7502032558030725,0.6403485166880883,0.5209204440489055,0.5668648649151939,0.8139321963803477,0.6722069481055559,0.37183577341823926,0.8240906368095149,0.8326142015150163,0.7615099424657794,0.8052060507923767
83,0.42626675470096154,0.6388437952306661,0.8116847425013067,0.6535732117313717,0.5748091942932989,0.6871424196042106,0.7290732222193395,0.2534320968756035,0.4409920824826454,0.1847404217581274,0.5721045905491771,0.20075257799546445,0.610203239884987,0.6777014433782794,0.055122332210271886,0.7665384888579151,0.6697013474312925,0.7731691919777495,0.3002247805475896,0.42420273952319665,0.600437360150194,0.4271483559137883,0.3286634629186704,0.6015883102856368,0.7728814855896251,0.36559455957933695,0.18529129469383462,0.7106924487464437,0.7028828471136755,0.6731906131509073,0.286104434199971,0.5385671630146779,0.6484673391027954,0.3037211378085301,0.44728410716111683,0.4556843501533673,0.43470750372351163,0.3759600966825624,0.6993125429670235,0.1185761882928004,0.28762084295614737,0.259705849586196,0.6194634258437731,0.5615284309394646,0.7173532185996584,0.6931599323083198,0.6644464974481055,0.4578491074915938,0.6962711632571581,0.5546397424724787,0.6351691015445091,0.2801329519824925,0.618165513483964,0.4999397066203118,0.1729521991582381,0.428510550189845,0.7943954808289848,0.8142396112646977,0.10820642858940449,0.7762972484400344,0.15923185102915033,0.22503963858793083,0.443964804582223,0.7380421544051449,0.20505774330420748,0.15856922476559465,0.27323318190647866,0.3949970424349964,0.7353708827963106,0.28972506203537307,0.32749295361808856,0.6359979528652322,0.26234427337809535,0.23416912790322383,0.5706072197843172,0.7759869566398504,0.3055991772070936,0.30129991284228375,0.653417444212562,0.36584816623206495,0.7231239647650004,0.21004251366708132,0.49692709342073826,0.1971847641982284,0.24845501608761209,0.8661857855374071,0.8294834503719639,0.5658524203196499,0.7609146985790844,0.6544342816892577,0.7716787315686455,0.74241741527198,0.23458407663931644,0.6091094120188608,0.49497212561794196,0.2821164167133655,0.5052643484285189,0.8359880063830454,0.29072984947669056,0.7985501506610497,0.3581633745577305,0.37847020944419574,0.46991161778813345,0.3782347966704965,0.8487726730650859,0.8518975179339947,0.7211328221037199,0.33437784072678267,0.8510595674357405,0.5754421110709534,0.808544998282236,0.49637631539824506,0.3337755907950163,0.3844044669856517,0.5449705272824925,0.4638442471520638,0.5682599764852682,0.5748082251269103,0.6470506810702521,0.25501983329244793,0.1541861619673192,0.5443139528801535,0.7072870914561568,0.4337129932982722,0.3673539839187842,0.3718190929184164,0.7727196673630158,0.32835957056794296,0.8499965836467255,0.6624744458085011,0.4600093000535896,0.40885088489514826,0.5867859840875707,0.4042150418938213,0.4326298301237441,0.5904368606362689,0.3677161271502772,0.2761695715187018,0.3041063372532375,0.6136070778258566,0.6819955950288414,0.9308478728247356,0.3169535521786123,0.5845442289666719,0.4300361685775007,0.5126253272484823,0.5407179896997549,0.5799260138640389,0.3706964513920783,0.4815952964036148,0.6676022350415111,0.5474246343797591,0.459190194567026,0.46328443181783846,0.7012009723892484,0.43663044393707867,0.41443315350503745,0.27005277199872174,0.3302211976214115,0.4310330362355151,0.4609026945344605,0.48990848847201734,0.3604991843912182,0.5899806411382595,0.3196151475846229,0.5022684310988718,0.8187316079047456,0.3442822449785561,0.7063305073287163,0.5038198739408395,0.31411295903660547,0.4909197949182248,0.4881616419616886,0.6412135476846207,0.31014083584508245,0.22655138804892958,0.471703790160012,0.6200883494509963,0.5447538725562974,0.8149205851064231,0.3392637828842369,0.7539453889283749,0.7354247194412586,0.7144965002226742,0.4539128420781077,0.31092697204020386,0.3005527172939422,0.6695718404829056,0.33132293916810607,0.380190725315045,0.6287980124236329,0.38898830867825046,0.5085405080523833,0.22649084173011794,0.3356139546831752,0.688157963734141,0.544845231771422,0.5687591817153469,0.6892539137396659,0.21367315196568942,0.4586620470556901,0.34012530814873454,0.4585774451795915,0.12163913307644446,0.4890891814020438,0.794569937321419,0.35929184191968033,0.7704952964971021,0.8207567806202404,0.7341721504862991,0.7234829117048455,0.7728707238038875,0.5181945355838765,0.7888770398954944,0.09616660988818125,0.30913779889472187,0.1353730851304707,0.7851859937927996,0.44198352559902,0.555276701892163,0.5943322646540523,0.19930270201613196,0.6348812675450344,0.34769970859013266,0.2706220914687286,0.5146225899476619,0.46548072908640326,0.5371198895709041,0.6059120489904145,0.3989134277594479,0.2582928106882199,0.5276840978064088,0.23598127833474405,0.5237383793145376,0.22822859345177918,0.796567606357502,0.2171901665214551,0.36531847807652845,0.7034311433406064,0.8409384371641632,0.7305878193498158,0.5413203388498425,0.7187562319357718,0.5023269276658433,0.3192417388795598,0.5666314825347206,0.2986160759651347,0.5410386143298789,0.3340532442681888,0.6485550476332026,0.8118327710857475,0.07945866028157283,0.47412786584853145,0.5341804703606611,0.6740499992306446,0.19901916569841624,0.8032696188083859,0.6065338675633333,0.3554166950578508,0.575464552409592,0.18760111995513107,0.7538310566917303,0.7502118516272805,0.2638524912581254,0.7437009577264182,0.6533147686616436,0.690583201085362,0.3111401053811386,0.41730225315139513,0.45709853827458147,0.5630210268546082,0.7125735488974544,0.700184286794568,0.6204118522030625,0.10766275332469924,0.7698546446523091,0.7166745568928008,0.6201202807140197,0.8140564461004722,0.39232301731712677,0.6929998096519927,0.645721880718633,0.4686108800080024,0.4157983159998068,0.9297017952341149,0.425306986356837,0.2226748437983115,0.4554154293799683,0.7052126334938057,0.3812280323670904,0.40822713647071923,0.652162523658233,0.7217153430019722,0.5237977339339042,0.210710339672823,0.7289567733791895,0.6620581250273433,0.4525921678379162,0.6562945153428503,0.9758175089288467,0.5626173836146723,0.28469526919620675,0.6554857012843182,0.3365156752319325,0.4746325368843098,0.3844655171379351,0.5689412967676901,0.09801336909114039,0.6002855076764999,0.675624788508982,0.28077455856773154,0.4439503595188703,0.6211390361352304,0.1644222354056915,0.6375597893676261,0.6350601635237537,0.6327733986196905,0.3048437071152899,0.5599590770730585,0.4917126281718707,0.5564570837119794,0.6564047850184139,0.5527532164510798,0.6441125492755455,0.5542425232577467,0.7761477323838204,0.580406231149432,0.5377903080742756,0.7916569717054903,0.7114569677217568,0.6620381957396014,0.7262015075207091,0.7591965333641206,0.7389817168697411,0.5643313611132562,0.06092476600638709,0.5773207542857932,0.09960231135834395,0.6091434446214521,0.7359181727462785,0.3019874721413988,0.37169602961538584,0.44001249905088435,0.6263137367402204,0.695207471029413,0.8064814477283809,0.39495428369322255,0.23003025463587357,0.45963872064340916,0.49191310414116646,0.5084253472945766,0.4418073746710746,0.2576375167678094,0.291537519438052,0.8420506131171769,0.835312843312535,0.4340238611422652,0.7824005286763405,0.39821515040697536,0.35458361140548167,0.26428930073785956,0.6545976297755463,0.2837849867300064,0.6493178993806779,0.25915560243748903,0.6059042782168154,0.5758731390017987,0.6156192591739734,0.635761433911702,0.6899582182066673,0.09126662952975406,0.21250385131763516,0.4498129635868102,0.5431658290409614,0.8253982845124722,0.719797832187997,0.37186494759191185,0.31218397296634603,0.7350028757280626,0.6710067431576583,0.5585071088728589,0.5574634810860223,0.4103619892524603,0.30985832053484264,0.3330853672368218,0.632433093698718,0.6256919753582304,0.5928849595337704,0.5987720763115012,0.45978301473238103,0.5704390824876,0.5720960530466381,0.14838515407303654,0.7982617364880231,0.7359703524190017,0.26296207189892434,0.7731016583548534,0.648300820742172,0.1587399382891419,0.5286837229695331,0.5244254946108508,0.6749206665779603,0.6493847126477473,0.5427897411975058,0.5567149549724522,0.38180810913444047,0.33124166307591857,0.3597102077200697,0.4381302417796997,0.26932724313954126,0.39865964900872697,0.7524113657459043,0.7528635619027259,0.6868244381622693,0.6656709991706338,0.6581919004231053,0.5869989633828384,0.5966334345412594,0.7225700005946646,0.7364042275619511,0.5885205666953603,0.7525900423853608,0.7075960208897512,0.10349141179526447,0.09799697126653276,0.13897419192966545,0.5947777661236551,0.5943538529050166,0.7870925077217775,0.16269720425644518,0.6379031395640031,0.7518860024740572,0.5488823068799765,0.5466665329474949,0.1529829170552845,0.6822227381226857,0.35903163069243177,0.3373899826746291,0.4563409707400785,0.514007685186736,0.035323893229559145,0.004932295447501578,0.3402475137592944,0.7005355288288911,0.885364761702752,0.8008783636348864,0.7424811954815246,0.5166132284304387,0.459871593969362,0.1477137247269127,0.12044521528490001,0.2899314601016351,0.5536128838200413,0.7258626672167998,0.5113185823819525,0.5424567969782553,0.7597103263648788,0.17590737933502715,0.8228420050632516,0.18967371651054157,0.5307681557374657,0.5805448958639128,0.31333349977021413,0.6965567481539386,0.6115125473802956,0.47007915695668323,0.6314547370075194,0.5746844564020525,0.6361629234909343,0.37838895188331156,0.6455315171400583,0.7578199116930866,0.5089238118696694,0.44851192286965963,0.32085128429796506,0.3911587930279786,0.36801141707676305,0.5479385634123549,0.5368057065201524,0.816455364774377,0.8423619765516254,0.03252124652927077,0.4272820278750307,0.7054363847386773,0.45282503923840095,0.5272462259572472,0.5724340876552092,0.5837929758677975,0.6008665523971077,0.5820676184753328,0.5663701660925841,0.7227948633167409,0.7209900883994186,0.8055403372473697,0.4108921874097735,0.4614056554606702,0.3339314525123319,0.24759812376910026,0.5879974025746332,0.7192671675990252,0.7583377999007328,0.6670704433117175,0.6842170766779305,0.5240979397062752,0.6244952275845842,0.7665870387488855,0.4747821738597096,0.5077756779532336,0.48214827804554555,0.5460153586064092,0.48032479652565274,0.5956839473673505,0.5064347246633157,0.4759829859386621,0.4413044407734184,0.615096306717164,0.6452818322245767,0.3231422170891648,0.5973096511532755,0.7345831891908664,0.7502339084399684,0.7446449287520787,0.7479275576845771,0.7617579259069913,0.6151291916508923,0.7392576839006246,0.7520696263539597,0.7334774621191184,0.7330750763964285,0.6862133521113203,0.6952975033212867,0.44736974887135855,0.48125676528840833,0.7740337492611915,0.6226505641461326,0.5942963606126093,0.4739809813226032,0.2932852142470475,0.770789415769008,0.50056207753825,0.7456718262041756,0.6589331496502994,0.48405161429840504,0.7061351897636325,0.5551071901704252,0.5846359253301517,0.6906662027908188,0.5052055397356026,0.5456113739723227,0.5272241566490368,0.7254452493712091,0.49633932815653614,0.44121718438057717,0.7889014704705969,0.3921353565078396,0.6838579312042183,0.7250969899486993
84,0.32416727261890266,0.0,0.05621511165013843,0.046673868781728134,0.4962082067394567,0.04663756072089721,0.012891066865858692,0.042494198953189635,0.18820666205335376,0.1815837634971461,0.15642739535324057,0.09675494459807257,0.6970351507402679,0.038426331656722074,0.15798077756697287,0.04250573307377886,0.6167225696467137,0.05587297722300469,0.09290093854829859,0.11937883541862622,0.10996252343938659,0.37449363210414693,0.3009248433487737,0.4633100006894743,0.6062750386577215,0.3484195309482551,0.2698965732040285,0.06354745794892289,0.048239533777076384,0.0,0.07951797814690449,0.5547774351466087,0.11188399496542867,0.026101412765193118,0.440054536812926,0.4975593534213862,0.49300377102254345,0.24333578161145486,0.2770874446109334,0.2782684202739172,0.28389463143202603,0.16823365535923235,0.2509613399249801,0.21061404710644613,0.08501025804998713,0.07628465942543089,0.10718861273440715,0.47701835682684623,0.07792709317707651,0.6131326493718566,0.0,0.09223718911308734,0.0,0.5259040322789531,0.1275990795006833,0.5720258363720935,0.21310355003130974,0.22499702571436303,0.08549008296374529,0.1834492467990551,0.35242773171743735,0.14468676365012895,0.08616593179075822,0.43659115639442503,0.4445825901449679,0.15534824508653536,0.2931012351534876,0.5969798076594337,0.42720436034924514,0.623377253444167,0.6116575475957586,0.33277526653245826,0.4583046018867134,0.16588869817503474,0.23704152836620995,0.0,0.2970917709196034,0.23577238083423918,0.46725120988166813,0.35428101661795974,0.845735726425707,0.24193224578511693,0.0,0.3198518479237677,0.3048770119480828,0.8668161999296626,0.8011235486528084,0.35826571759292275,0.05922169931042746,0.02338632668640631,0.06514151093876427,0.4748419299052898,0.49682931646704626,0.32140424635758347,0.29458377486060233,0.26768375864818295,0.11169934753116625,0.1859742902317844,0.22754658316078308,0.06691639714230405,0.36778968096870557,0.4380548330292248,0.2152885353824289,0.12753516882745086,0.28988864776038087,0.29622628872740747,0.0793512770137894,0.06512531497283601,0.28525347000347534,0.3117927528441697,0.8281664799739463,0.5621557535976945,0.39711538933592727,0.3056648590491721,0.5587253466822482,0.654784053955974,0.5587581812316299,0.13394687454104443,0.09516842232036474,0.04316403919062781,0.20828891223246224,0.462475014041607,0.6204018223611044,0.0,0.18958404576922291,0.20101448250648354,0.0,0.3610087273862446,0.5329104394139383,0.3311392182610304,0.5190402262594626,0.08489166771747,0.03061941567422592,0.21595492034099228,0.32527230918549754,0.0,0.21568236858569625,0.7818268216978845,0.06140995589325624,0.6730175331044297,0.7009027376917268,0.9423674980044984,0.8478373477658512,0.5937892003712211,0.43991259547761047,0.4271760055563284,0.0756461489675652,0.43536202867876106,0.508417628191735,0.5877024375184359,0.024592040202066692,0.4248411017035633,0.24797510282484742,0.2543353856394374,0.07192102574777348,0.23696395069765722,0.24424044018956426,0.08993296489230067,0.5668658547482853,0.09319834541011535,0.419105997254379,0.1668594148307217,0.35727183408021385,0.6631124505893368,0.1378057583644603,0.5104850059459755,0.537853562161735,0.038321296981006975,0.7058246274758115,0.0,0.2018065282311726,0.5568915029785738,0.0,0.38366886853808446,0.1298476223161328,0.0,0.6668994973360793,0.6405896444891594,0.6013336465222752,0.4981454292137425,0.24347701628550633,0.06206319888738037,0.05021717619532202,0.08023843046472834,0.0,0.49467186916481487,0.08369477576905127,0.22938960327770935,0.15889521636132098,0.5420095268461005,0.6649870995077288,0.3678560050476744,0.12863345543825364,0.41043540497298603,0.34596100924516027,0.252719596749315,0.8087701694446943,0.47763851438800636,0.3446286465185812,0.17130593278538564,0.2212716456103063,0.46000783235566467,0.12889304018733025,0.4155552347762106,0.17013097921953024,0.22875431583586295,0.12533668756935712,0.15531766525902985,0.6245812522254489,0.3587223760562139,0.13746094923467883,0.3714637336488885,0.52149472417415,0.0,0.12329391130089487,0.20032310924056992,0.12824325096661124,0.2155477766726106,0.3369618661020167,0.54959019474114,0.3050271585469824,0.32275271364779423,0.6061233040470982,0.36337877690630443,0.3468725511384536,0.5695544998842986,0.30242949142632886,0.6036609501694563,0.0019507381645017243,0.3282068650947835,0.23255132300329426,0.6898161473800243,0.18289632064925526,0.680796123116301,0.18067761356688647,0.48643844333978814,0.19302042252186052,0.0794147797925957,0.5764846392114901,0.4892731473567639,0.019372130499813758,0.5336998948037422,0.04472120870688031,0.5700237197395941,0.2562493788794475,0.3274394164270183,0.09775670727438364,0.2808422550544949,0.2575988248259081,0.07466935616722105,0.1994387671349451,0.06438865187979169,0.5747834031283017,0.7591975845824206,0.3686073923450211,0.3065120595430971,0.17742781915204167,0.3447997579077536,0.4079752972496178,0.33625408667985,0.14526189442268472,0.38199488162512624,0.37944568048448263,0.09710828445266634,0.3644473324321767,0.6198510526216696,0.6417647432617176,0.6178901631936087,0.4870175441388726,0.42048931939260165,0.6188271463802938,0.47889142346319885,0.390768559611547,0.281845014291238,0.13958517596977268,0.5444133716834967,0.7329251184857273,0.13831203895279,0.8278885284327929,0.32260627169880296,0.0897612072261948,0.38630762690539006,0.2302993830332492,0.35769603382972553,0.9377874343867217,0.25813531919766236,0.560488905026075,0.35195667279966014,0.08172993900590339,0.3603154432627913,0.36154554146010837,0.1485185845394482,0.6477830572220874,0.50810250179023,0.22085764782559533,0.05231243735665385,0.03445462367088645,0.05752080488160614,0.7444711857373081,0.47924131005297554,0.5009642808985711,0.4451066229925017,0.6557048340690652,0.30235642557758513,0.33020493567412246,0.27254510039260954,0.208639353036868,0.12200881838945907,0.5581506514873869,0.44991936533327387,0.31718181175491444,0.3507161349756001,0.575981967044391,0.4488821810070641,0.5730921909197744,0.5021053869700728,0.4651443976005676,0.20046638292534688,0.5887958567923276,0.0373428929572415,0.596276868481397,0.6455752931242206,0.5725336944485258,0.6223341566084223,0.5262580738262514,0.13044767588391545,0.16779537673841247,0.15776050420796997,0.1796769023732718,0.38450245755032936,0.0874394409178308,0.051006398263623874,0.7626677865861572,0.08858169091353832,0.6016527812064464,0.14306729108294297,0.6070407924389187,0.15599892118397068,0.6284828482526321,0.7802247015520605,0.24896118225454314,0.4252246536951686,0.02184841726792799,0.05607801940291365,0.7572986654278059,0.5498753570503649,0.0991731444135713,0.05253735526029256,0.43038758119161497,0.4915069840713404,0.18388188529791663,0.4246863915181731,0.18846000420367548,0.44192649864594,0.8832165126348617,0.8809995352430516,0.4883096242656501,0.893404344103173,0.4897649218425244,0.5540109939358685,0.29642989552468996,0.5377168321711684,0.23695603065766746,0.5403879216562023,0.2377802960172202,0.45575648824274273,0.5922300509376475,0.49464201917154027,0.5351807291458744,0.6546509725111394,0.1824044831898216,0.11484259686346475,0.3735799495651583,0.8537373129484982,0.5499546572722894,0.7327541464347613,0.5188727092829962,0.28956794741684927,0.091646529988446,0.08893846710667294,0.5662067031204419,0.4438227618274051,0.1295102172620364,0.2705579550874943,0.2568450351416238,0.20939499889556362,0.2230573425593508,0.28362348661798764,0.31235077021993696,0.4138632919688141,0.2770887287127809,0.323662782888535,0.21376907108684842,0.8797148847101443,0.515011187453097,0.7779769606777439,0.6017561726209386,0.40980908457132315,0.12859494059943138,0.3691022349505408,0.36644217001110524,0.35415087351989233,0.309077953904263,0.10174080030392003,0.09605330399348598,0.2686650969088994,0.3269685061602772,0.19064892616420687,0.42016401452017715,0.11845376874667427,0.13792318396939415,0.3201755789647374,0.3384395584216977,0.4441526502463183,0.3838983781511259,0.21212679472653467,0.25181012096065003,0.4651025571263684,0.2182737791733626,0.04511802767109532,0.43079202346871226,0.30618212904061115,0.3979854802848269,0.17514711749927922,0.0545550136214814,0.3478055061435523,0.4603051838519126,0.49779865367006376,0.553886109143414,0.12787033817660418,0.2818039278655171,0.47755418363307467,0.34999762762254494,0.25354447011654596,0.1152359727846254,0.28548023739404543,0.354791651483496,0.25284985724494347,0.279576899896596,0.12664981016913393,0.05639912847061447,0.20745498790945455,0.5160032676450955,0.46552634357204337,0.4896294056480381,0.8595713988597904,0.04894857773536834,0.1397596450253332,0.481727325910356,0.18019141866452537,0.15119000028319873,0.2304577018722592,0.44255913456917884,0.6140034772403794,0.7134386193387384,0.578225449211232,0.0947297101106022,0.3368485661072103,0.8953097829269864,0.7480061904732223,0.34190556211313966,0.7159165029579538,0.272111507473,0.07800824216171656,0.38478925172113454,0.6049443401472745,0.0415582975457217,0.02005263353228618,0.0,0.35602262536187895,0.0,0.03572122545219178,0.08779736855547011,0.6313871053886251,0.5180135679813153,0.6521644688224622,0.6495581739388281,0.2946723569053103,0.2742120937252555,0.06281009597490295,0.11438540057763898,0.11552860530403092,0.5985534182941508,0.0800222451632021,0.5353732986053438,0.4713241828625391,0.5086291036749275,0.44458909091794985,0.4135692263092874,0.13820874570072442,0.11150324183168973,0.027697120456721534,0.0867967943092654,0.1332565287011787,0.5232641496729334,0.4791651506280337,0.8651344307176079,0.4895450060165382,0.8731546068199799,0.7397286831119213,0.6313551333191555,0.5969869056412136,0.0,0.7973592199596808,0.7048918277141217,0.08694838187437551,0.7383758598949903,0.789404745887949,0.5046832717298394,0.8151580379963878,0.5110852672540117,0.9214913846133312,0.5391403511934841,0.5077803192086073,0.5023140509947143,0.5804991003478476,0.6519119411778158,0.710742769729553,0.6412839342092508,0.7662290169805968,0.7779907972060206,0.7739802495936741,0.7819644141245916,0.824241702653914,0.48097340866993143,0.06218562337767052,0.7828666533808993,0.8052509117948153,0.7147897892845775,0.12309063687314888,0.05171093748212919,0.4915501588307461,0.23339964003714248,0.05849066923420376,0.6738551229397169,0.5398719575010821,0.2640335153181715,0.6444103738774808,0.0512840388785204,0.6060447084438149,0.04984498140911716,0.5572638357048678,0.18155610486382606,0.5262975547037023,0.53484867143676,0.24339341934286526,0.38469354619596074,0.42371383524382916,0.7442536952309426,0.22063140869713788,0.045035068594352794,0.26090986173874703,0.35324449927323653,0.06335266150762033,0.41929993052102804,0.08373502518064488,0.09642845620228335
85,0.4389272908388385,0.19539185836181364,0.9513116238718847,0.8910486811161087,0.4755758215116552,0.6238286514083551,0.6295386616841098,0.2867142522958761,0.21985240490172867,0.26093423985078706,0.4162791798425463,0.32209203509074746,0.593964938685984,0.5715490575280706,0.17520781874979105,0.9699058464879025,0.5911824495501897,0.9679785241755577,0.2573912779007796,0.2414188575927896,0.8557026907443905,0.4120777091154361,0.2864553599531999,0.5086163212823227,0.6552146002855358,0.5570968349965671,0.27280407918717997,0.6173250307036168,0.5984554231792385,0.5362660657089283,0.12415616607623875,0.5442627238786818,0.4382139007360977,0.11674051637172153,0.18451231249335787,0.5520947285668925,0.32011750640869174,0.1557160800042046,0.39282509061141035,0.28479317783174657,0.13006147103295979,0.23841749699433998,0.328609649130012,0.2854047098283173,0.9572274385400252,0.609664958931635,0.5793381510575675,0.5409941438103036,0.6266494756167044,0.639729429590205,0.5421996669602591,0.14399949351737268,0.48213850619161547,0.48912629862400275,0.41261834994512264,0.4588263109007014,0.5359639357056079,0.5740088807417358,0.23859349026845678,0.5012772812870454,0.8654826633665476,0.12511321560954985,0.9821176908544288,0.15689528617858592,0.34746966564330695,0.5902203699646176,0.3347592620917427,0.7160750362510763,0.36881616907860715,0.9158101493950466,0.4027540302473016,0.2610640518857157,0.24983021596685293,0.18139734067814361,0.12858271809340346,0.642173350840471,0.3876906628029044,0.22021913602215074,0.4848651493796573,0.3475891889359624,0.3172328104863109,0.2802920194805079,0.4856132601630533,0.23802893588823185,0.25751943413095085,0.8452410387044926,0.8063617406130339,0.4438566936350954,0.9712602300628158,0.42706612912861175,0.9428107096895205,0.26698667073754945,0.7822983451988276,0.8054095146101957,0.10849806808258185,0.6137094342211152,0.40141521390695234,0.4220368748470673,0.39999828254932324,0.3256044779315258,0.08796119392295097,0.4656243214875387,0.8444598543005397,0.19320280521166666,0.5851177672637918,0.6024668046101036,0.36734006241884726,0.2906289079277521,0.5970152956270074,0.7949278017117875,0.9131141179678558,0.5683208927380082,0.16213572672844012,0.3539709147149295,0.5298412404472981,0.7264738709404184,0.565764304212269,0.26847358012064004,0.4732827393398368,0.20358393169017355,0.11938879730013827,0.33665622889370084,0.6918054720834125,0.3808045807896763,0.3463350372925345,0.3033123724728822,0.6241855557707874,0.33876700606459703,0.5835715654709035,0.25743367556362345,0.5239513060117538,0.487585056906218,0.1959112671583586,0.14214821964935478,0.30401770940997674,0.586763175053608,0.2733754414356365,0.6988681072101955,0.1738690387499801,0.7088235913104526,0.5995236621348357,0.9477830154980681,0.8940123513901341,0.5755886254004531,0.417496802483564,0.4957041186804807,0.2311011514450573,0.5488371053698406,0.4859903337781504,0.5360455205797452,0.29770283739766906,0.5293772591847554,0.2705230157203915,0.27157520261944235,0.47356815794422685,0.2651473038701529,0.2519465349322029,0.06409923480870709,0.5250377555719884,0.5126289837512998,0.47046700376413275,0.23369501443030044,0.43034489401494624,0.7003357146401215,0.3367427487050082,0.5133397624171017,0.9127141654389769,0.4915430859405388,0.7017351346199094,0.33527485222833214,0.3946435391072466,0.5061848631857834,0.3439667234136871,0.788438633643011,0.053859980015507083,0.25492942194864754,0.49375015473979,0.5844794235867417,0.5187838821493456,0.5581143618641482,0.1564421517428528,0.970106484126464,0.9663293548135038,0.9570825049941679,0.31949168273611905,0.38884396018728173,0.3695024311714919,0.48477178740058074,0.4002861485110791,0.5949186364708979,0.7489132812556348,0.27505062136275055,0.6305146374539737,0.22641712668222289,0.3306102276239698,0.34897731134939847,0.49883040297292414,0.4997079279309405,0.8047897839575396,0.14745216449803475,0.3808610385838718,0.2650851479873049,0.3619291511813243,0.43154120313512273,0.21266889267695055,0.5633840673521053,0.1540582434151247,0.4936020163011745,0.9206377808355429,0.17546759263809786,0.843704242596038,0.2487109187064924,0.5131728011891886,0.6020208042666908,0.4140470671313279,0.31634710189669335,0.3524570756825834,0.45955112778227836,0.4226940177420407,0.5496628509933329,0.46386863934673367,0.3106645349410837,0.4179825806974297,0.455638010073364,0.3500140634273465,0.5379550647919992,0.3233011572775134,0.5155582255007937,0.8905474517473799,0.38355875960871244,0.24013054005883233,0.600241688601524,0.3332369401260659,0.586868539609343,0.20204725677135538,0.803193071495801,0.1810721859805363,0.15008892428011558,0.7354423412523116,0.5420888370721568,0.9646180422440344,0.5628315102464881,0.9584902127565066,0.5170379085683153,0.25158408128042514,0.12490964058078843,0.14423480664915722,0.02083692642917754,0.31178169267757166,0.8884665818187877,0.4851171258445947,0.047660582279328435,0.4303914630779503,0.6787765228004948,0.461693790972517,0.3434248373444374,0.47088600096207767,0.26409433305960245,0.24635357056906665,0.23440200193978353,0.1927914532360673,0.17011310685186537,0.1744543312578616,0.10773042908947635,0.17633685328087878,0.6521113547575086,0.6485685306655862,0.2693496962333774,0.41075106061605854,0.3111045987976355,0.3742755612553524,0.30479441487598424,0.26083032204361245,0.2708158906814021,0.17209860882185038,0.5987432933316112,0.5274469514655657,0.9020821488690074,0.7959449277051196,0.34648932268337956,0.7065549586333479,0.5273145008004074,0.3060356918085631,0.305075974520505,0.914914961985482,0.16673324865719077,0.4025185568916113,0.12761883791228265,0.9701598168175329,0.43263601005388985,0.5898087727281186,0.85288865943698,0.8294896500274995,0.4912483574066109,0.1607879165025972,0.9729195356015291,0.9649142783911211,0.5574385204944308,0.7916221182053571,0.6220259564174615,0.4728074745727259,0.5639410119386564,0.6661650585596193,0.3381300987831179,0.3268750445634683,0.12631143696919636,0.0450355595817181,0.19527731492673842,0.5843960886601696,0.6162082680531479,0.3177042519900741,0.1305410930913521,0.58492301169762,0.2563419074705363,0.6747075878160682,0.08201675864363127,0.09539705441085784,0.3165722828105692,0.5534340255082932,0.562242949304559,0.5569115932232905,0.6797825887276888,0.580001955241979,0.6016190066538984,0.49909575907088416,0.9483164299354205,0.0,0.0,0.38669823234736844,0.14965671316812543,0.8318950340406206,0.9651287353252997,0.7553117073407732,0.9428782786447707,0.5647843659205687,0.04235174129774793,0.5785182773217159,0.059648580799039785,0.6108898736823024,0.7123855647430973,0.307806946290021,0.5128737274868526,0.3116911466706585,0.08737890151511034,0.7824430569724347,0.17972638349685682,0.21421794447551695,0.0,0.39259132132578034,0.4081651337720008,0.2269949520681661,0.3471399232255303,0.24573521926267525,0.35078491112004867,0.7967961626216656,0.7936436014245424,0.5108065237912509,0.7748298023452204,0.4411075391846055,0.43568543458831527,0.24179027941634781,0.37169151292479763,0.16446300287468474,0.37238379047011855,0.17587428920391468,0.32181949509096863,0.5589609980560026,0.6120385589493303,0.5327863987666486,0.7984043016889719,0.08468402915655732,0.21365263022480574,0.4224294440867659,0.5798059406697289,0.393022118767539,0.7929336386631752,0.4876315565518004,0.28508598299392524,0.9564688681911041,0.9443229673949527,0.5957414889391763,0.4977902813905013,0.43657280950398536,0.2049880297075529,0.20985248828422426,0.41712148039496744,0.39414640192815975,0.46797384506443834,0.5016852833750484,0.4130991035933959,0.46166512372959967,0.5061178454286683,0.13278673923182205,0.7710295883672454,0.7545319212522399,0.5736422254885392,0.8950864569735973,0.7508003399749232,0.1306431344950514,0.5570926600362223,0.5699185821925814,0.4687226414738162,0.423224636485821,0.22397835583460454,0.24275989342046483,0.3902054958930836,0.20712115919746307,0.22081793671125993,0.4283175873186783,0.3851615560531176,0.40304612785366095,0.5354382277741463,0.539170494758054,0.590547126428387,0.6015059562353914,0.48064489380138087,0.3691662394336175,0.6469858490830385,0.5084743604363994,0.9701007246455362,0.6513579293704425,0.5928158419041087,0.5776930089138066,0.05903397355462857,0.07811022461696428,0.29209074945679997,0.6661935524376501,0.661174876588136,0.6147069272201908,0.12663203054503241,0.3214820228010142,0.7144081011969875,0.5449911907386831,0.2818519544857427,0.4584131725022379,0.4739031575602659,0.28111700004172924,0.2695741962614641,0.46135542059109286,0.4111690692317019,0.05758225094440553,0.21077140268370573,0.43927185795010554,0.7839630971350854,0.6340892829052371,0.8346054069602887,0.956265881677025,0.3800077281197645,0.24946634218610647,0.18465191054063637,0.16247260781733866,0.35855783352811654,0.4516824664647617,0.41427731390952416,0.5257063483168974,0.6703421007319197,0.9590342585835621,0.27372221166060723,0.8400199754758633,0.1589864038697548,0.7423064133701214,0.537564839288149,0.23885117658556582,0.9679932101609449,0.699843327375404,0.49652202243907423,0.7632028244554914,0.7739758229606873,0.6176087610024878,0.39393210062313827,0.579934271178405,0.9620061886254236,0.36096481131315367,0.42054126242407897,0.4188927153415511,0.5002742273612895,0.4868170535918253,0.6127999972315941,0.6032588115519859,0.4037752665820855,0.44559865480041355,0.10986558405895938,0.4579104100925316,0.9657061375044437,0.44842597653229865,0.6870011430206123,0.7094711290108984,0.6021653425357636,0.5761100878816016,0.4746704675371739,0.44534553158377704,0.3050788775946221,0.2786252220015898,0.34735414687592264,0.3917131370846448,0.8083652649292719,0.43484104490923925,0.18732447156209597,0.7610058815854618,0.5976414533274749,0.8908187163082046,0.6585848176723843,0.6554223735831423,0.698011518575708,0.6122588220822813,0.9668920101029111,0.6992679462658555,0.7712501624605675,0.5069900269745531,0.5969813726576186,0.5056268418901025,0.5996891917013977,0.5332724423491773,0.498063034911923,0.5057592849084646,0.5974838751526136,0.6824120231587698,0.4637584499116667,0.6196389341589473,0.6848388071048266,0.6936077222470342,0.7016794830392694,0.6989019872109593,0.6897723057816438,0.48908119660363814,0.9493167581703108,0.7685469224536744,0.7561455174399508,0.7407440118051862,0.9569511755593698,0.9606376655610303,0.6651777317324529,0.29236223612715134,0.9661624064623324,0.5978933007162194,0.5841451287886719,0.39642342606495795,0.3677957026365507,0.9581273509420739,0.22796829281940173,0.9523321407164478,0.375204959591396,0.13966519975055192,0.5636183022519413,0.5331315439621999,0.4476552697545245,0.5804929075883688,0.17204522441695513,0.4501715352003108,0.4373220024301062,0.9836457812342164,0.3222598638940915,0.0,0.966504111077313,0.42962298950795647,0.9481786343719938,0.9506660583614014
86,0.44470952918519113,0.3605221475547063,0.8005029516218034,0.7798012497044545,0.3940334262071707,0.6678418899735331,0.7852764873235548,0.7897313763709876,0.35237753738312794,0.23219851678742576,0.6414470806252073,0.37378272042774197,0.621246664362595,0.6207285512646432,0.06511329652091241,0.8613035330991728,0.7316241182998132,0.8619674838815643,0.31127808841535065,0.5154123627021798,0.7167832423101004,0.45092993301863793,0.06512246987436957,0.6270223122108624,0.8664553553257656,0.39367518797716,0.5019446337869579,0.6809531511280251,0.6753051049298521,0.7647560772428804,0.2357368661360547,0.628689633697465,0.6892659725941196,0.21481467085124267,0.6548552529492758,0.5764741885558309,0.3645995331927735,0.266345638983856,0.44226584509703826,0.20020104514720966,0.28657987441019384,0.2243771126326329,0.7364659116210382,0.682041228703557,0.8392962111324465,0.6658196929201823,0.7424794348635421,0.5663411522864656,0.6539786947379245,0.6679052857002639,0.7076249810316437,0.19107955588129288,0.4175469127833206,0.6031335756395901,0.06767561723201955,0.6296167570869345,0.3661010857333752,0.4502831644262018,0.16588493089825812,0.3181692246858971,0.7901246644122635,0.0023360579505928526,0.8505461426934289,0.06260926329719245,0.3011083651364011,0.048236894209129466,0.349495630267518,0.6150892861705397,0.8955698133671068,0.8417088042919749,0.40179057183194483,0.7989579100041984,0.4595562127317939,0.0806200709374837,0.7667972974769071,0.7645069937110803,0.32930939076752447,0.2684360643966252,0.6397141055690221,0.3081358837871927,0.5145559315474163,0.3068695480416951,0.6593988935651229,0.29251472151822605,0.8381113540980105,0.7955706170344402,0.7210458695971506,0.5745470446858336,0.8584139353411635,0.7407537172310774,0.8549991251316389,0.43108451720243784,0.6471162073504105,0.4820234574186066,0.7270130640688646,0.9033041813819955,0.311458992402053,0.6141903416815365,0.23670265841055269,0.5654707962724994,0.6131638279363484,0.6309938835306269,0.5811829648249534,0.3288074876759684,0.38730611389832004,0.4337616517188923,0.7279754972890325,0.42002719859195925,0.3660753181335441,0.4653995882301663,0.22363090887019146,0.6206936663039856,0.2653034906535606,0.4179326006084246,0.5980459960318455,0.6737971787323784,0.6073068941903341,0.7391866269092503,0.7562618140553288,0.09661910008461463,0.1732750437038903,0.4873134924416036,0.6102715293632672,0.5221136796637159,0.15525761314113132,0.42267511721375656,0.8082278219127189,0.2992953047090383,0.519317788325959,0.8456251427602166,0.2867620070827734,0.6300574438773409,0.6790282584857087,0.6864114773933849,0.2690208321571221,0.7335489713948812,0.08563176399842896,0.7137977131230191,0.22098939536663342,0.7142409621145827,0.6159751160378553,0.9480739147720391,0.9030475039606405,0.6370785420524443,0.4761775078986098,0.5744342672629821,0.3313502575698347,0.5474407649571719,0.6876529409175705,0.5940055224920199,0.5856559473646497,0.5292135335793824,0.4482991919783333,0.45257142377324555,0.7527428567781878,0.4409662983201736,0.43101515187518236,0.3613075164025649,0.639644851351908,0.7197134535612385,0.49762322117723173,0.20311063839369617,0.4481153372084695,0.7444381018629247,0.333025228211232,0.3787308474976351,0.8203913965374815,0.6236768157900443,0.6469850802701412,0.6518983513985288,0.2758242785405147,0.5806468094523173,0.6173338538060565,0.7625094172834327,0.5616627258080498,0.05247345458066231,0.2724608121378327,0.6633561177152616,0.6140655378024,0.24740130873649518,0.293354892239694,0.8525790386877374,0.8532512879963264,0.8291655788589845,0.38768319723073696,0.45631103254281485,0.2972225873887561,0.36125495852547485,0.3427712257358334,0.44648913117241146,0.7649501166013843,0.5392199097630321,0.30877629407128176,0.1934526006674586,0.3698521886368825,0.7469732643743335,0.5033413452602042,0.7115114208093496,0.7296900134292953,0.1131423545989081,0.4682923224689413,0.5626594494224382,0.4623000271805548,0.3633334262016896,0.28143578948897047,0.41955420567702023,0.238083169604721,0.349760324795907,0.849196736755696,0.40601384406993246,0.749126730855382,0.4767752232401758,0.6501357202152183,0.7896463510488783,0.5222965001746811,0.4494182409651224,0.7277534574269292,0.37949737594097455,0.23477543528561626,0.5446851018781574,0.46726883991247214,0.3306462853211626,0.593668212904224,0.4880524536441772,0.6116897584976791,0.6458927593310789,0.5196653114118549,0.6351654763019937,0.7897432659419162,0.48399730921421086,0.2448321473089924,0.7285287593377507,0.45002051046072,0.6589433145249507,0.2733891223758803,0.844985787825686,0.21460508407754417,0.14900295427025603,0.7172854364392621,0.42853177417037214,0.8330156955670606,0.684535783967101,0.8252887772469414,0.5849686866800436,0.21268533131636919,0.8688377725313553,0.2492653401335931,0.8596754899463577,0.17417366573661666,0.7588297750485022,0.39168151693913605,0.1481797919599269,0.310569422526983,0.7994805893442997,0.41873385864061446,0.1896520734934786,0.36881961481552455,0.5734893261713333,0.27930926710938003,0.5423839877580376,0.37141197357867134,0.5357351294525162,0.5145588422017402,0.11806990446713833,0.5200462736525271,0.7034701130117768,0.6282395048599986,0.24842373575666063,0.3703556081257121,0.44792060116373394,0.4638530474373811,0.7615740368203444,0.7484962991222104,0.5243611338741692,0.2050496202199337,0.5595884597756462,0.6067071017947044,0.8598877552914603,0.6285617325030952,0.40867664096855283,0.7375077592382805,0.4061416151399222,1.0,0.4263858490535423,0.9003733704236687,0.167075245819033,0.3882570986890632,0.5472785974947852,0.7438571592812396,0.3289828848866149,0.6778234626521396,0.7420098707042708,0.8603066267459154,0.4863520246936508,0.18328805808310278,0.8288387815150481,0.8127787176889029,0.5370007995215963,0.858821921660659,0.8292694000821886,0.22107962292055236,0.3748358981352537,0.5947666420664562,0.28538159865260665,0.44721030152338836,0.5308393411163563,0.24988185414896527,0.3704612982475094,0.580084920745293,0.7321168487451504,0.3342923623173191,0.520333074944047,0.7126158337922012,0.1983198196699064,0.6914578549220715,0.5549773708621919,0.5845160550148549,0.3520441234836557,0.6770063150795619,0.5868670866380465,0.6768179709284949,0.7889416550195452,0.6772823627904897,0.7687922004134057,0.6194605007994631,0.831784076371239,0.36808330528855965,0.32582118672003685,0.5597385085155001,0.42604050462906523,0.7099249078212642,0.8292003810824864,0.7441329181667903,0.8572837522384745,0.688789309136665,0.23065670441816638,0.6998213482741072,0.1999618206138623,0.706602481782133,0.8074672344036842,0.3266345999244801,0.7323475782006509,0.5885029988973819,0.3808420419707208,0.6686401437024243,0.4512441403874432,0.2540487239443832,0.1581330268831144,0.44291449041344216,0.5072983809536853,0.6655722695916089,0.3788667399811557,0.25191563629599023,0.622642288660473,0.8101223229142478,0.8049464501180832,0.5008231134859735,0.8218013432274965,0.4021628609131879,0.4218544494594339,0.25938337842292364,0.6229656275983213,0.12265198890737108,0.6176423023851404,0.1305927317559957,0.5923205790664695,0.6030732240952079,0.5662692423767204,0.49762565501223033,0.8047629797482293,0.16583472478030284,0.16572954268020879,0.43619937044461415,0.3849412383311047,0.6012384122434605,0.7028319031626641,0.47265813007294266,0.31951990441798156,0.8214676246592313,0.7881139671891282,0.5861001434748475,0.6227027176237219,0.38183762312981556,0.18490518241458634,0.1999453734807776,0.42429327478675616,0.388867297775527,0.4972712871959731,0.5276440508702048,0.5217004835894797,0.49038251850595416,0.5318002435806726,0.21962203892700782,0.6958473396320237,0.6844918485280835,0.43737432839725204,0.7801253389859366,0.6042664913986802,0.14766381327374725,0.5038968806416173,0.521108271299275,0.5347176280362248,0.44794314932886087,0.3693465954826163,0.38230544877838973,0.4319937265660208,0.25660607961103477,0.16786573830898227,0.3736447996020921,0.2897748995823208,0.37390368667434054,0.5436786861671932,0.5297427609405626,0.617109196656647,0.6322837590045847,0.5095788738046372,0.40883295939909386,0.6057141590311989,0.48590780666645916,0.830838142103926,0.6354830574650493,0.5652062179553534,0.5934498658456467,0.22086187388413442,0.2088974715398252,0.40160357303641253,0.6069370980796295,0.6286035349192449,0.6377121507023393,0.1483610100375775,0.370154510848417,0.6944211403128789,0.5146022358420748,0.16342824863332645,0.49667965340065184,0.43954823572826673,0.27581972837917534,0.14411944800007806,0.4607846825017737,0.46495138391574403,0.19225625132419602,0.18519080844552005,0.44272044662652904,0.6612194728686743,0.7709521917979075,0.8611462858660937,0.8294778363834173,0.2870268290225351,0.339044508278142,0.2890167424162761,0.16976803963608492,0.16742173570195582,0.6622092812094242,0.5728119284634864,0.6718523177015682,0.38895402448553323,0.8356124368229861,0.141552903423109,0.8343136035202257,0.07310059401818769,0.4470684138863591,0.71173203854478,0.340584645216953,0.7980193711076207,0.5414769934564794,0.49886270026658275,0.8125439222738523,0.7777123157226681,0.6663443853445142,0.4811193168142167,0.9709550860136745,0.8477675924729742,0.7137401282201105,0.6715849618557016,0.598762782708453,0.5294793166187113,0.518105889430105,0.6611228241515176,0.657600606825283,0.7528499129141837,0.7677668565853735,0.14043183230551015,0.5469042355927969,0.7975862831495044,0.5243206278589243,0.5650822034204642,0.6096342861838407,0.73271219599381,0.7641820709146074,0.7698923688711719,0.7766303859824737,0.8149459012548362,0.749007075746775,0.8132845204758138,0.6394167581327379,0.7925316075058746,0.47094391729884316,0.6512051651604062,0.500324505379286,0.561222828277163,0.9125619921832467,0.6675876034319853,0.8151479836380185,0.4140436425352038,0.3524692048450365,0.8566288258339121,0.23816242357108347,0.1955354042167011,0.6338397137558341,0.4408277833440875,0.6306700094537819,0.51872056983037,0.6675981630632032,0.6295911744457839,0.630410581748825,0.7833631437323099,0.7869750864976628,0.5475556655940553,0.7627183248119486,0.8270235668473559,0.8375823230483299,0.823961924848353,0.8615374623618892,0.8555056347563196,0.7077778169271784,0.8449335519597949,0.842940255406601,0.8457967362299514,0.8547134612950277,0.8077660978845043,0.8362494833307715,0.31814303999260884,0.6124058025110929,0.8367984813629844,0.758872605242702,0.6296109238798954,0.40398502456623897,0.4206614496723504,0.8606440972878907,0.39983724373463875,0.8587770535783876,0.6897591254792418,0.3757528767041451,0.4873112570821661,0.5191911815325707,0.3794362173251956,0.596685171030798,0.3830018293843076,0.45916595581571534,0.39426993856333925,0.8273969082113681,0.10499234179472909,0.24164330583308696,0.8532318869166645,0.43899711412627485,0.7862732959768839,0.833247824017473
87,0.583644530284239,0.19581934437623547,0.773951854191767,0.7415603306707922,0.321957550723426,0.6994574030021484,0.7975458947341167,0.3321342998923717,0.37855706547654044,0.3609009726933275,0.552535620791684,0.3620344633048501,0.6173869127888889,0.5931631565509614,0.25346879919220916,0.8573752136600239,0.5251170438250796,0.846063226634555,0.3660310725919031,0.2698763517711799,0.6929430619018365,0.412880112965728,0.23803347944399378,0.4399273818951866,0.6441044000235842,0.31118092189353597,0.34241649371347516,0.6997566993323732,0.6842613201843845,0.7423781616069441,0.1578381566327945,0.4988381014065841,0.6949524620982249,0.1523254550771904,0.4831141842254736,0.49350261489931946,0.25587519283453486,0.22994101967051406,0.3011842142635399,0.3058603426305844,0.40674046595901603,0.26977336338663127,0.1920054423669858,0.24894602990480344,0.8102363804691401,0.7271325204304989,0.7138177814257126,0.41994038358360364,0.7182353088164891,0.7246987398397104,0.6890367010004304,0.16491619629984466,0.5442585556931802,0.48022477439767236,0.44303402067596465,0.48412117723158216,0.3087814543567298,0.5650581269287887,0.2332802424677759,0.266054122233099,0.3513232564537783,0.10454873572653178,0.5050852816646526,0.20550903951779576,0.30058656607387646,0.20889787700736961,0.39612624889397946,0.502562706551512,0.34728404121772843,0.24335980858420214,0.42680076801900313,0.2347999637390609,0.45253951756541594,0.17618653142423685,0.14209859980040515,0.6855726988137554,0.08182437475812705,0.26267295874703067,0.5866108341385637,0.46812669688087954,0.732409111428323,0.4249099496986725,0.6087759525367961,0.23194370843275328,0.32917696999963403,0.8478948479508056,0.7755555958044832,0.7101793169961654,0.8565557435658852,0.6410637118867551,0.850320571203014,0.2578921900349149,0.23994416072517,0.4941894689181404,0.4248166590244617,0.4405724679328388,0.5291729174248241,0.6251080875664674,0.40012691536960315,0.5719199272698132,0.4267841077487063,0.47383763695002096,0.45301125958224764,0.45142562431112593,0.3590046058189245,0.3669333132549977,0.6278317996966859,0.3606919524890123,0.371389703607536,0.49273774660146274,0.49492554529424143,0.5981868662267399,0.512016215884634,0.3533941521730213,0.531798096944007,0.1711045630963873,0.5419579406623549,0.18700719059067586,0.5765093816144192,0.12211630574596755,0.30701927775184784,0.43348377623067946,0.6327440469362238,0.5208615964385515,0.22789951964492083,0.45009079605453345,0.7401273398373073,0.6159819005828417,0.5961346858162011,0.21920883630614812,0.45579412268034025,0.40300775635589037,0.5229120991679015,0.25777640349748465,0.49485443826402925,0.7198076325247725,0.0955884549154607,0.5161611665651666,0.7769466773155466,0.7179435229442087,0.5279677175367755,0.9460030525974235,0.88399771562597,0.5805861914693784,0.3988454722970737,0.6379589832084702,0.4552549004023707,0.6724523637428571,0.5029728951636585,0.4807427498705132,0.20815608167927163,0.7174428812990444,0.5019079416149728,0.5100463124326979,0.6733997561316879,0.48460139159793597,0.4778584588278418,0.2784790689130362,0.6922791553591282,0.491586222850117,0.6616179572423753,0.22599204186907154,0.6425277268104146,0.7852725714728837,0.5814376632763506,0.427226518325135,0.8358521300406405,0.41123430453615584,0.7451142584960678,0.521910055210134,0.47410853639855444,0.5186214393238747,0.47944015345521585,0.7193073202287246,0.40723822324065934,0.48246034706574903,0.410431900545917,0.6133663200303542,0.5459826262101792,0.36737494497626694,0.43346243995299083,0.8536051347657946,0.8404789064775736,0.834915008482838,0.48998922526456773,0.4424142280032911,0.34169586103424127,0.32194252674794294,0.3467007392821951,0.4631234516786715,0.7509678802589909,0.2367053900611062,0.44744523799086783,0.19686619836351668,0.3347101472254887,0.4450790891165202,0.5124964433595056,0.2603537078648233,0.768443180837666,0.15183962907557172,0.46679046626130294,0.7689369150354688,0.45222457418045153,0.6610957695733547,0.22044372522284725,0.36467119037970247,0.28053684935649104,0.23204512056405385,0.882462002287399,0.3652648688765718,0.7666073266218046,0.4303414707467668,0.5707856835015229,0.7417225468737705,0.27661156588366476,0.12476358468206633,0.15596888056490016,0.49995679015456107,0.08345917327186282,0.549906568929311,0.4251913583906776,0.33464230457401356,0.7874190515917918,0.457496934789392,0.2674815618024574,0.5257665234681141,0.5186970379460805,0.5470273772745176,0.8388052800686514,0.4281448274868564,0.5882500360063665,0.3534813219172501,0.1926829377193702,0.3675576478652339,0.14696074186280794,0.8366713035075738,0.07097072353241891,0.10808161477616607,0.7451786799703193,0.555646467787704,0.8259602681433829,0.5511453876005135,0.7850549184387731,0.5904488162164122,0.10190393991204474,0.277534604766949,0.2710838144901196,0.22745552001895614,0.30120317574985367,0.6154388894695983,0.5289763097348409,0.2429741955423713,0.5378952889671109,0.7298644167433442,0.07692145657164533,0.23670245474833662,0.5101625771790148,0.48563575900289224,0.3562237607958365,0.462451969847417,0.3327279960566713,0.5510953385095164,0.5287799865472566,0.1028776820499821,0.5139283998706566,0.6155980816681481,0.6521384829896282,0.21424194134146848,0.4608583129738993,0.21422967094924236,0.438749237299006,0.5529197847929442,0.5087134623094026,0.3405372707599317,0.1716216808722956,0.614842418422961,0.6173978455091924,0.5496220471933886,0.7261645508304789,0.13126340238469614,0.7011333333861623,0.5319858307966134,0.34155490186713916,0.44574343298467695,0.9163970835145855,0.3836380366474687,0.29384557913481313,0.37504188675886585,0.8008499901905627,0.35621925449876407,0.4822989077360331,0.7526118174053045,0.7641741388421185,0.5020766290992823,0.2528196391400942,0.8336426405904395,0.8412048256242651,0.4704721787103315,0.714524204973298,0.5523273946489818,0.5622314758664358,0.5541134735671046,0.6767298525066129,0.1346239590932179,0.20472316710714447,0.19191980387128074,0.3195816102996854,0.17248327038057587,0.5570951992532484,0.586773771709155,0.31561967366816057,0.34496138293267214,0.5391827474397496,0.2288434783881172,0.5924154291673699,0.3792638710768937,0.3990243585443661,0.13443596649268902,0.564216802916991,0.3388533758167796,0.5611928145411119,0.6124222159257635,0.5636220810492799,0.6045275974019008,0.5469549185488178,0.8355319613578063,0.2807346310991393,0.24976817254783787,0.5513383238616714,0.41759554123289233,0.7689964665344429,0.8286069426522173,0.7497554688045996,0.8013813059609848,0.5878145261147036,0.17599526385538955,0.5935789131996609,0.1890257046095847,0.6306291932986311,0.73450005397726,0.27543977417932536,0.1475394230327306,0.5601144349915644,0.27966328562409576,0.7120346683257757,0.5856753297576582,0.2566681486865322,0.1390197971303412,0.4992639032184833,0.5240269292667592,0.14014644048745376,0.47316382033304033,0.2778587439984198,0.5712767715650418,0.8381694941628489,0.8477401000131538,0.45347058090434295,0.8121992825781553,0.409047983304521,0.5543617225301865,0.22914270846107276,0.7168606849830936,0.052446765120864096,0.7102692477098232,0.07979127834349864,0.6567513124868162,0.5841996453935093,0.5746882782918582,0.6054420317644287,0.6411566993913284,0.1639609860419925,0.1466993842472202,0.3331446349172495,0.6334243785842676,0.6654873834503238,0.7616054187570409,0.4527688267750657,0.28501259957554403,0.8300564532209528,0.8198878043341741,0.5541001268859292,0.34110190601363405,0.5961596847966476,0.10328607455535278,0.04735653531285246,0.45755067759292,0.44174554822265655,0.6445400743281632,0.6478516181540408,0.51791001226935,0.6404961584947015,0.6758035768008136,0.13916959974409407,0.7760614605818963,0.5531839598213864,0.3759985424756279,0.8065136369475763,0.535151484322401,0.08402810230858129,0.7189969947534182,0.7510487366277461,0.7725873176528247,0.7575120317111076,0.6303381733062607,0.5983922853578056,0.2272052622102713,0.13328503863297936,0.1755023625527039,0.40878108714175215,0.0530786197259796,0.3257596477555806,0.5954995643247397,0.5939054498676947,0.762130130133902,0.7376913627942769,0.7074315178152821,0.5386812178717991,0.8070611261378464,0.5713254923251819,0.8294571769692286,0.7997606240549145,0.6455077779460215,0.7565119404044637,0.16676346931162586,0.22470695824110212,0.2504674526986292,0.8125225213152715,0.8237479218256986,0.8803307736653269,0.06173470158236194,0.8007832357404422,0.564029776868242,0.7923905210110533,0.7418363152967421,0.4987621026169582,0.5289198215456163,0.13255623475291503,0.07979852609705487,0.43483857056483366,0.561822674992312,0.19186257197237735,0.16143554971429944,0.4232761673802008,0.9189359923853891,0.3379341760555162,0.7989397770919952,0.829937424815638,0.43314398377995716,0.523358826156225,0.3227621614616219,0.12138579412167558,0.4453253438898586,0.640166919411322,0.5948021910871072,0.5833440333056321,0.5712807478191184,0.8409670999066866,0.13700639463346162,0.6279031408586784,0.042068421847291426,0.4809714406971184,0.6100713463060696,0.3085708763310382,0.7966225469029021,0.3552539042971537,0.5466759350152303,0.3227457380543606,0.2233443918086224,0.4794100366261278,0.2670346469123626,0.660920691459699,0.8496095031907607,0.34431650034410827,0.44327194444161483,0.2570776679991237,0.367335676883613,0.3525922171566031,0.6241699410118605,0.6166018695530389,0.5398345518223063,0.5772467992880541,0.11733136384656544,0.30419496022563813,0.8533890078764323,0.29578655393165915,0.336278846894126,0.3803826491278597,0.5866297955557656,0.6221920676111212,0.648704587535224,0.644499970581377,0.6975510394944402,0.6535652819219031,0.7284650164554175,0.5177177635501129,0.5525197049687908,0.3016942994297502,0.4057064608099795,0.8177501370436276,0.7478299643553022,0.7707100716350831,0.48717816555795723,0.6754643999845864,0.777523537426645,0.785981700640266,0.861903985436527,0.23021183075338794,0.27964556448357747,0.5052644904720438,0.6228710614901994,0.4837424490682516,0.7573438547370291,0.5250271768840804,0.4968063341106814,0.4922420271010983,0.6251588327177731,0.6988200438182361,0.6095828338408151,0.6704842390672986,0.7584279349870375,0.7571185783995231,0.7688343395816291,0.7946325466890501,0.8304020048059196,0.5440455829373393,0.8377432150559685,0.7580886049478147,0.7499375570127611,0.7355910158161235,0.7930748990692605,0.8395843834076888,0.330001690120002,0.22142500260913603,0.8578518623541809,0.4766115332240024,0.05489295848303786,0.3995585621023926,0.38971017092890886,0.8700789054857849,0.49719960739417096,0.8586299549608285,0.24724607706422258,0.2942517583962744,0.450546844614399,0.4803232147954933,0.5016739537023345,0.7283541818312854,0.22319674249272442,0.46656481290127083,0.6107015054006294,0.8404670541068363,0.415140089878694,0.4597907907269838,0.8626737424262144,0.47318248195602935,0.7969801954884939,0.8074763831576737
88,0.5183845831593473,0.3565551281158912,0.866799537872315,0.8099246423697142,0.5537249291278858,0.6732552858777852,0.7696274000613433,0.37574066908850723,0.2299629962210163,0.43065495360869077,0.5350820613285362,0.4467210783326747,0.7147313565907102,0.742997508472934,0.6398822537851578,0.9065593888773728,0.4383970295734343,0.87204293995973,0.43784178909627497,0.2814363008866213,0.7640276546217429,0.4060727591626236,0.1699981113694832,0.4336669995548812,0.625879458596304,0.4789502738104845,0.3779856406968,0.6907646100748184,0.6802152744136727,0.7210375939026374,0.7167938611978356,0.5128897025022326,0.595167943041341,0.7062591372905412,0.3444665118698285,0.4818048110891863,0.24374802860864794,0.260291062527512,0.4413826099581558,0.15543524340426776,0.3029788536969918,0.19241902563836227,0.4459413294103745,0.3465439148418142,0.8691513685248861,0.7821372976399792,0.7271744603258257,0.4386273710794043,0.7815562155540149,0.6585648939185501,0.6989384901303217,0.5101951393856115,0.3142108875863119,0.48581047171257047,0.48296234906101215,0.46076797381702816,0.580458699479902,0.5945153685925589,0.3152006290634535,0.5352624211818756,0.5654177608551115,0.1951563343873266,0.466278497830775,0.25655347529315764,0.3422945588276731,0.24797367719622473,0.5886820818230856,0.2773211957299464,0.5331386578007483,0.5920739954007491,0.5099841259646903,0.4338273038681479,0.43966853912379983,0.17762374488450788,0.33173843351247034,0.5347459428141771,0.2921019828218469,0.29681388725095836,0.3652446527392363,0.4932567762465131,0.6341808816600701,0.5171493065134585,0.3910270244448927,1.0,0.36033870474325874,0.8101036236314827,0.751022996795094,0.8245040836043753,0.9057120436122342,0.6149627279824124,0.8985923613461579,0.30270104376364687,0.2745323988827554,0.714532620332553,0.045939439486109124,0.5170354793698002,0.4407095563671621,0.5908546753958677,0.11976426865357453,0.5152303467887105,0.2954820258847642,0.4685249041495386,0.5099568120486077,0.5645636454697713,0.6197308824588371,0.6560573631339734,0.5581133028258467,0.2617864699127869,0.6079555547208652,0.6915251583711229,0.538026164840124,0.5849785584160976,0.44003248813927776,0.22937881204983013,0.5635348874784467,0.6391582176511014,0.5695507872371164,0.35874731496451157,0.6014235207157619,0.3768086943066097,0.13447258731622447,0.4833930175209785,0.7428759235197261,0.3728822372619392,0.4560910933450524,0.280619321833785,0.6919221061961766,0.4281671349482825,0.6151503913099687,0.4495496308228902,0.01692613068878017,0.49610513906671017,0.40370225675430554,0.1471401821608238,0.3804064915718341,0.6924088930241049,0.16010906952474951,0.6566401501322847,0.7826032241754233,0.7364820737708674,0.5406307468506776,0.952217711841912,0.8199420218859986,0.6063776215994602,0.43665779335056704,0.6176443892909287,0.46385954652243594,0.6108733307558314,0.5119455556644902,0.544714603177713,0.2940632038211667,0.5945213256453711,0.25373163429908396,0.2570962692973288,0.6024300837758285,0.251942122848792,0.2212454048442145,0.5224420735394149,0.46303334722681483,0.6736323264762726,0.5815827115115121,0.11583415220051747,0.5699651720117797,0.7706576846229363,0.5250097813073488,0.6526890036970011,0.5975540208704035,0.6141332803255627,0.7165713073640825,0.6168864746840731,0.2941154809177195,0.5490342985658402,0.5909423050381158,0.7162606826149024,0.4267340564261969,0.394809129334477,0.47865625976710197,0.647725783902068,0.5837516624930181,0.5529473502706979,0.17741802619511557,0.900691115646366,0.8924196175345791,0.8844833537140585,0.566871334590717,0.4356050309368411,0.44160514987354155,0.48445791537286986,0.44199668633065625,0.43989121930223446,0.7468491499648015,0.47401843114090375,0.4704214329523763,0.2753846828268273,0.3450094430539965,0.4533123922946789,0.5202421422006974,0.0,0.718174432113578,0.4457607793447449,0.4550613037950814,0.6547415584487656,0.46531363354764294,0.4854283985865912,0.15177263496328347,0.6153102167289837,0.23610868085642575,0.545101379441803,0.8755774475126151,0.16650189542270274,0.7817814455377197,0.09237840580050846,0.5278645362515307,0.6683937493963501,0.2419059803893763,0.3776840665366325,0.4065466457151161,0.5032707103925178,0.4179742884486348,0.5685912780408899,0.4664835128215654,0.32762072974224365,0.6448904454612038,0.37525108573603444,0.10822476163261659,0.5206526928788779,0.32056276050399335,0.504410659171673,0.8478358915278837,0.22971324441833246,0.36799351542275377,0.6056123977518404,0.21067927872669653,0.5963632812876247,0.18489392183980763,0.9129976679427371,0.16973806970486044,0.15155176260389974,0.6984140142001664,0.5285733344593919,0.8785934709625446,0.5118299557020973,0.8850137551695357,0.5444168799917952,0.12266125520720503,0.23259140117402077,0.27093072506942495,0.14998083743626092,0.3316781368041347,0.8877475957924006,0.5049171882969865,0.1672041307612998,0.5421341684681974,0.524631191078222,0.47714115130894796,0.3278231988741613,0.48953237545684686,0.3443156754347634,0.3290624127824248,0.3160399915749657,0.16104530790632995,0.15869928794868401,0.15367892399542368,0.0818793369160116,0.1523621837341791,0.6400733914289758,0.5778694728000461,0.4741046117667526,0.41891606868376585,0.4860641379548319,0.5487416653505839,0.3857464625264096,0.37918415301616243,0.29951900398817105,0.497384410809731,0.5310154563051775,0.6472826356018468,0.7659916596326447,0.7495498420466632,0.3841996987801091,0.7801224103304422,0.49697186076847516,0.25493471215035407,0.43483951709283775,0.8965331639776736,0.28022391465385754,0.27888733369639646,0.289429133082438,0.828709997687053,0.5410230617106783,0.6473364220067359,0.7522214754390668,0.8397550570313363,0.49151630621419373,0.33517226377267584,0.8844814165937857,0.8832714302693233,0.4578459614259478,0.7918231357360298,0.7003411058304073,0.5807306181985507,0.40137871161903,0.7230797497087553,0.27514512826807996,0.29079113027487014,0.19197788778619643,0.16213785125283317,0.266408035498473,0.5915378638875416,0.6195301460164641,0.1151780865381473,0.08384854372100611,0.512680665527077,0.33950382560237247,0.6484045909800511,0.17472789435698663,0.1677486684278929,0.3679134539236142,0.5499680141786369,0.6083722613289105,0.5487356291331303,0.664068575263431,0.5557292128645138,0.6448911689397989,0.42834653113685583,0.8783513554083751,0.006340766995709717,0.008590877752627544,0.29819205611941846,0.044459094738838134,0.7659058884110551,0.8786550037035699,0.7390532919107485,0.8564955355176603,0.5635385332797971,0.09745252662106355,0.5704214572414076,0.11142513700521765,0.581695062317154,0.7119324115379568,0.4925054407611057,0.5145061859258188,0.563350746595064,0.4117825492303182,0.7040561514351314,0.46394581630676446,0.0,0.0546236227495703,0.5737290797098963,0.5995077232927234,0.27426463365133824,0.548039245769188,0.24052347133516117,0.53818919615646,0.8566390609457275,0.8621046347475787,0.44480106883646686,0.8223229575994946,0.4323265444147208,0.5453551369585994,0.251691583105826,0.7546699222506067,0.01816181187506239,0.7368756404136163,0.038547610728469094,0.7030051836390532,0.602013615158113,0.4825728252688343,0.532984936532255,0.616190773512638,0.12552809508139,0.29012550361800804,0.4393389451825143,0.5280444052987538,0.7820318969453733,0.7895485876907415,0.5384439262698889,0.34468018705425574,0.8739300710731823,0.8345600152825896,0.6113907560093103,0.5363998667663763,0.5783013329000743,0.08838749167716818,0.07183130715572694,0.3217577522347863,0.3236227037567155,0.614076626069239,0.6218399427826269,0.5317357693227273,0.645224751208227,0.6411474328499988,0.1278598002090694,0.8788468324566046,0.9541439837352887,0.39415194659243,0.8364189218239949,0.6933228359397859,0.08337990977496747,0.4760097049049311,0.49579635121669957,0.4996027863501663,0.4979932295875596,0.3252972191647843,0.3518310997012119,0.30456170741485156,0.17672439957294184,0.31394683650856436,0.4178964330006911,0.30146853974279897,0.4487254267699815,0.45194002175789183,0.4827534961626885,0.730948374086314,0.7184034466016823,0.638314609722785,0.45093916273228396,0.5915175035072923,0.4260203036089775,0.8950556173397578,0.5978760739403675,0.44690347935328834,0.6914059305388602,0.11576800104708834,0.14083265903773762,0.3158956924734093,0.5932439176635599,0.6059533218186083,0.6108274034540878,0.07007108254278122,0.28849064309077765,0.7414374765985882,0.5637529082615703,0.2804765490082428,0.6248120457034633,0.3609848232982648,0.20044410283069242,0.08734831357106158,0.429593572615026,0.535451812662886,0.11727453256199322,0.05088651791645529,0.47522015002039564,0.7633445088477018,0.5896701338578664,0.794166752607209,0.883895028980585,0.5089965661583382,0.2936206619375419,0.2429258675293637,0.13373886249060174,0.011364036885117682,0.6416767407927697,0.572735059961901,0.6024111480022732,0.6637385767397168,0.8833948278881217,0.2691080434199997,0.7075022268051095,0.045152079416366564,0.6945520745583428,0.7858374720487264,0.3494754276526838,0.9093671390208578,0.0,0.45643886603605166,0.44326596129667156,0.5024846606693774,0.48351205714255696,0.1928328145303423,0.43413544449165725,0.8903233725103188,0.2775487531140528,0.7171350451426852,0.6586461144492884,0.5813761496067495,0.5695903730407843,0.5694034930659707,0.5584653426797751,0.4311920872694609,0.4669434168791377,0.15910991072207323,0.5657930650079922,0.8857314564208637,0.565323249940613,0.7148915073936745,0.7200974304325225,0.619847579813487,0.5989476376377918,0.5811074433696669,0.5719335837029683,0.5793032293314664,0.5304859414675155,0.620729678473412,0.4035529446419292,0.5564346806908753,0.5440061387104355,0.4109014943936738,0.7214304827942811,0.6056536361889695,0.7661983277308494,0.6276522073841414,0.673529086932447,0.6015687843636371,0.49267484015707674,0.9084407293177776,0.7424580080013864,0.7638622965939946,0.5064725175847355,0.6302743575810732,0.4930137285279779,0.6907652122528541,0.5304000411788685,0.5023597784682559,0.5605118950271921,0.6366552752754111,0.7029639191362188,0.30810098009719455,0.6644514008480582,0.7261742901650684,0.7240452641001129,0.735686770410601,0.7371621697176085,0.7585763702821824,0.5954821476969128,0.9018487266543646,0.7407310741656655,0.7738616622260501,0.6846862660362071,0.8568026522363907,0.8850124793001233,0.24746549556892866,0.49776499354124387,0.9130379240696859,0.29190132605585417,0.20597597517331856,0.3444209906905819,0.37832068768700644,0.8929461155944572,0.4917815962692229,0.890425095762053,0.22683460337775865,0.31364387877840455,0.272561561227704,0.44953841780343956,0.3883709086509313,0.6856555234550473,0.5642066930053998,0.3582164705590361,0.38642855411172133,0.9020224352825872,0.7277070371156497,0.45319880012035063,0.8960350915118028,0.4997077750230936,0.8769383124356072,0.8681608371521625
89,0.5267695977592098,0.434242417516549,0.8920447021139555,0.8612197836880383,0.47563839881292413,0.7626976283505709,0.9125316851428354,0.41583588673311045,0.48136054410669427,0.4968853849215425,0.5891786610430965,0.42265367050680097,0.6074598661999461,0.8647705918335331,0.6584233646541722,0.923722051793571,0.4990066056094773,0.8942189537189191,0.4147218262133353,0.21160372210500078,0.7690126089520034,0.24855507850384023,0.13132364808507138,0.26480584444986166,0.7616445251548797,0.3991694292612921,0.4889340019726978,0.7648091038352625,0.7557714648699029,0.847605605334256,0.5409222717979439,0.33531846193787485,0.7952691695090376,0.5313516207405845,0.3241306836829851,0.30190762789605124,0.449917967522386,0.26810987204296877,0.27271064686439284,0.048439445508170205,0.5074199478972864,0.3661334463236213,0.370453055250339,0.3381685504401426,0.9053656919863011,0.941125867774492,0.7518792247075983,0.25100210627412556,0.9395423599720467,0.5421818134903094,0.7351656926588812,0.662104751086633,0.41769421924503447,0.309350398284343,0.6340218118686234,0.31741917173801365,0.571856600580514,0.35575139261444716,0.45313382853070416,0.5398017297049376,0.7552286542064055,0.3613941563947844,0.7888248403167568,0.16996900946911295,0.28396725924490673,0.148933108804321,0.5072559638847959,0.4834087532189394,0.7069291976480832,0.771194878865226,0.6482049995161431,0.6054809946144306,0.18899525510022117,0.13684998466654702,0.5416447348926443,0.5139254628936194,0.25159042823092254,0.4782650908615289,0.29825357299016025,0.2389749803985763,0.41019097649781977,0.5449551632828714,0.5306611981513313,0.24078285917562567,0.4211476649944969,0.8765209977764514,0.8232340684602634,0.8004203980956559,0.9218976308315964,0.715182705574381,0.9171614206349279,0.31656927765927,0.5889691135078918,0.755268281183253,0.2447655873851982,0.5504337792467604,0.5387944194262799,0.7553391544446438,0.3120316656578495,0.711284937100743,0.20398486089395354,0.3752812615170968,0.6968522799612445,0.9040233971571366,0.6032786152174873,0.6125201294791068,0.7550598015013886,0.3101472979608198,0.5804252206926346,0.7444492238972669,0.5543699165873412,0.5809921560208886,0.36486099486486484,0.5043556248889263,0.5795235702916175,0.7723791039463566,0.6124871293045195,0.5503937701521227,0.7849796898410731,0.1047121642731291,0.409111835448563,0.27039761845950516,0.5380746704121653,0.4538403422463938,0.05194313853344841,0.34402465127284326,0.8340849601242225,0.3375223395862508,0.5565237795465847,0.6337112000524215,0.7628801915305206,0.4439547940991544,0.760360604175932,0.30476408972032615,0.2603920318144638,0.8215000114549826,0.5449730555660145,0.873323524055573,0.4177594703558321,0.6663356886965199,0.8270279199961305,0.9403899165878137,0.8768433812819864,0.6183691477048306,0.4713007830819024,0.6225729961647356,0.5468633996804174,0.6244991543918889,0.3742780136434367,0.6157351306190182,0.1569746143817073,0.6152656189686136,0.4845896116193196,0.4886704316068682,0.7982054507669152,0.4642960986777151,0.3748238653948552,0.2659967223322855,0.3877992469792198,0.7283457114627808,0.508101581309415,0.5979505532619636,0.5001924093866456,0.6149528535596979,0.4401029601619778,0.4851566760974781,0.6040981660034269,0.44799856405336963,0.6713977290951916,0.7429653827637327,0.16808148094961345,0.571152041990511,0.7042965815724898,0.7125376890960697,0.6879944493367062,0.31005353834827054,0.5571831520525075,0.6341802379041939,0.6122307205808513,0.5422050473648538,0.445079145138351,0.9144567123666171,0.8996563719376772,0.8829078913987473,0.33255618825283195,0.5730076268268437,0.7211760802727372,0.4513676746360107,0.719465801157018,0.5535342268050369,0.7044041901808641,0.34230063464277544,0.5958495020907524,0.2640596718272091,0.41509283612127607,0.5958875054488807,0.6188077630171024,0.45880148909776863,0.6263797144812725,0.7533080023598782,0.5693852222962078,0.31149921690082766,0.5762477993264112,0.31368462559349747,0.3711440021591557,0.5981288776408679,0.22044145697598952,0.5474587586200469,0.8575017609202596,0.4809161959974273,0.8345663398623037,0.5163409865829356,0.3787412206556729,0.815745756377211,0.3846954624580055,0.2284319199299093,0.5388330362723058,0.2762083941967528,0.35293259198073423,0.5481270886364866,0.4658550500007721,0.30592279923895466,0.5834159039482283,0.5084216289315124,0.3745662545828627,0.31841780283717835,0.5138617801030521,0.3297795982009833,0.8925068142336393,0.31621986197973145,0.2360190723170084,0.6072289281913579,0.2940265274022728,0.5786240061621373,0.33892138617942386,0.9044168702542736,0.36886069237021396,0.18162699112205544,0.7107109789347207,0.3014495608319692,0.905167828575176,0.3331591316037094,0.904361616369563,0.46326089635512563,0.26223768481955334,0.31958888115627254,0.38489193277003436,0.2967116213857679,0.24416408242055143,0.7678008331461548,0.28831908329697736,0.40569745966263265,0.41261316931795944,0.6411306927124099,0.48637843409092935,0.2683131690961123,0.2439358620394253,0.41725775293272543,0.3596985926685274,0.38291719582489586,0.4075423279222908,0.5713537223255547,0.538768893932392,0.11619510446470603,0.5354498586654631,0.9207541304200528,0.6756004159926181,0.17599925456290666,0.6153701954475947,0.4666364141634322,0.6743399591253416,0.618666128090439,0.5992739636201494,0.24693010538791782,0.42018806654614255,0.612296703184704,0.6015205319542739,0.8125807513033643,0.9007114193639209,0.2758153860611708,0.7779290524522343,0.7850830620856694,0.4327648389394316,0.20175417557771788,0.9018052272262875,0.4424266975781711,0.31706632438735277,0.3927135162004913,0.847489606845853,0.8483653325384389,0.8822243486878455,0.7563348568860766,0.9453555511608464,0.4826144421189179,0.07871463606368043,0.9023748556618456,0.905350304325225,0.7080594413906691,0.7557370171109048,0.7368743780069497,0.5789030288018292,0.8272557695788574,0.8785306041324651,0.8433142892123214,0.48720331224211894,0.2944897870635564,0.11129535816300273,0.1522771622179733,0.5562450142433358,0.7901042999101314,0.5328657243712764,0.1873944367295966,0.36869711278681894,0.276318814994765,0.3882902226474576,0.461393498788674,0.47222994237164195,0.28195391926213337,0.35319249780517353,0.8608860002035121,0.3556655959479032,0.750190042462387,0.3740117358814682,0.489073485350827,0.40595047797149164,0.8819283031754379,0.06080973450498545,0.06343619480523904,0.3021613682476899,0.50958457916477,0.7705833517515126,0.8982675780110857,0.7531132266757085,0.8984499678841458,0.3554628311716181,0.10924889741311017,0.35856216636863125,0.12098513816400318,0.3777954692013889,0.5759942359575271,0.342756319139007,0.6292213333152309,0.5429435590408282,0.439849835680402,0.9060238937013382,0.48874479259974857,0.20771921266889964,0.0790023991119488,0.43428416036194184,0.46649340816372215,0.08912772165526375,0.3919364944533595,0.3258879577965944,0.7062850588532422,0.5830344253194157,0.6171027667600015,0.5057833180439762,0.6115961192060428,0.43919887534790375,0.5067705683212388,0.2686243992362828,0.9017159012099017,0.06846174693626261,0.8851570502578258,0.10973399331514745,0.8727138891570563,0.48607821043325034,0.5022713883949921,0.533098348570254,0.7030594570963961,0.14098763267998696,0.11158541556419943,0.4476520417553531,0.4281419940992583,0.9217346592676922,0.9518094750686912,0.8964668049017681,0.3421700021115209,0.8988022524055445,0.8612440178427276,0.8795723265173114,0.7682369926457308,0.8641605307499493,0.1638682825945103,0.11402001573325438,0.44666387656771983,0.42877488602245045,0.3111054486288385,0.3271008805090519,0.7692113158193846,0.27876637297665124,0.34695448663330536,0.12831893966139424,0.3281749627246894,0.6028152784121799,0.5881406258823577,0.920629232077539,0.8193851869282359,0.07988093939398537,0.4457904713249339,0.43418396268650017,0.5390462137725475,0.5011161648966378,0.39523991867494435,0.3802459287461096,0.2922210163211876,0.19276563645126737,0.41028893461204485,0.621549899590275,0.6243607767782481,0.6675903832636472,0.5803374953127699,0.5750739258452006,0.46006136262193925,0.44563373280834195,0.2680546262115513,0.18638927110618528,0.5412601255503738,0.4932273733974734,0.902681487244854,0.5300694313732269,0.5689334260060985,0.43223146842828963,0.14430880354573583,0.17009178903457076,0.3242400274958968,0.5419517742916996,0.5470068945696313,0.6851008717946268,0.10735375392958015,0.40384009315042124,0.882401429378247,0.40964872183771794,0.356468100908161,0.38498517838396223,0.4938375076047066,0.235089118942111,0.1417171376972459,0.4737480934452713,0.25490772751312857,0.15090720699037055,0.29571253048484997,0.42722414421891775,0.7588929662631984,0.8359207584025057,0.9024221364030206,0.8988592891249932,0.2974087737203459,0.7856279157561922,0.2946905487279545,0.1453058944508601,0.18644101392603096,0.616802060734968,0.527396225904796,0.9819257264626463,0.9174101649734101,0.9072825925376476,0.31455125356033325,0.7032969732784593,0.0902021973407392,0.802364717809257,0.8669914742606064,0.3586366016145425,0.8852633697389812,0.577835461643259,0.4805495802672742,0.5695633229470334,0.6381202773593149,0.5562873097784536,0.32161704463745555,0.5255485874949916,0.9095400580552265,0.3316410576258947,0.9056286836562727,0.8665075205563422,0.6631793111936752,0.6587734993787616,0.724296041160793,0.7134746803256431,0.8556272419806177,0.853444533575168,0.1672176081145386,0.7194984754205068,0.9031680162302022,0.7000087729565936,1.0,1.0,0.7894076949781809,0.7270943553304657,0.4558544645100887,0.4154783802017493,0.4754031128186066,0.48536837346097667,0.5752290171082716,0.6467681776842235,0.9433359903888093,0.4484690113316366,0.4527870814739309,0.4164700674999653,0.4685114028411671,0.8795730905645375,0.7068066229012864,0.9371255158987415,0.34112697582822255,0.2756130003974809,0.921680062917412,0.5895472479131887,0.8366513194273152,0.26635568593018877,0.7468092848627483,0.27467635967024845,0.5069468634161722,0.2930461260351581,0.2805073457338866,0.296932178072477,0.3669120704595474,0.3666227422337095,0.3106569544216376,0.3426268447368633,0.36025060907285705,0.3501101642476561,0.3576129623057413,0.4175342071753835,0.3215803152288612,0.2897742141558156,0.9211187010014205,0.484391545696118,0.48574244821953044,0.4410253369261684,0.8854177562244071,0.9174439936951909,0.5826903147651726,0.6476248576291195,0.9183476730728649,0.8484673867039996,0.9286293835060396,0.8673142279600853,0.40216715844452555,0.8856971249995577,0.473756334683994,0.907651550335371,0.8704687093180694,0.24786605185076832,0.9421678042878955,0.7788674352806905,0.3071240715821881,0.43514260331861265,0.6620598338166365,0.3984437572762328,0.2749557719504821,0.8998969848412653,0.6954305099411846,0.5073102115899157,0.9142811856224454,0.7933982417941892,0.9073491110912085,0.9044368140096142
90,0.5979819696118792,0.5825030699418072,0.8124221967454897,0.7908198303593896,0.4695099975766386,0.7871468109132691,0.8371859451415714,0.2310866946088408,0.4383687579784711,0.36937531752103825,0.5804914965668497,0.4099239789225627,0.5666492767768745,0.7470153836056371,0.17213485158153635,0.8883279291430851,0.4497067828026766,0.8789178034491639,0.3486913340288041,0.5092224361279696,0.6657248234918614,0.4646105229448215,0.2598889072988957,0.5579741482285615,0.745210963178748,0.3183688788306845,0.3783512675032842,0.7900270263379299,0.7717450604142975,0.81182957147006,0.3172346226053967,0.5711281669505074,0.7151483097041614,0.33695769234882916,0.4846869017592392,0.4979721590976348,0.36069381193452105,0.3447988942013677,0.6862349593979069,0.06975511031352968,0.422900604043543,0.16754592270091961,0.5247193305498068,0.4660083245296743,0.8557942298731825,0.6578397603025264,0.7648746931838615,0.42180168869345636,0.6615878044157598,0.5095657847235816,0.7523672883873994,0.34978987752589247,0.6170230462989715,0.5183703556121227,0.30522759573615643,0.4750278331591442,0.671827038204701,0.28006215397823925,0.4128142668876215,0.640560274939655,0.42343955123509014,0.3199084228396053,0.18651666407777265,0.40990919094078365,0.27824229832770836,0.33420786874489855,0.2588682000432,0.20938972737904343,0.6212605591775889,0.5101674975148327,0.5484701754792761,0.5197625423615101,0.13249929273253203,0.17833890190205515,0.4542291067094746,0.8005404120006705,0.4339205504264791,0.4208878451735689,0.7070453941186401,0.2882291076273473,0.5508716964536976,0.40269435732192294,0.48869254833496845,0.14378121092266866,0.2240272601165403,0.7611349341006819,0.7103245772895322,0.9626343832658865,0.8856397774887332,0.6284950369703529,0.8824523056191123,0.3583376438849883,0.09577654081432992,0.5140441177713224,0.28782369748898246,0.24380727499255384,0.6331815444417431,0.5003801063532627,0.24808144775936072,0.39962696122569075,0.4062593430160141,0.15900836643393146,0.2898076068251677,0.3213714033724293,0.6660995863274792,0.6747641279387997,0.7547591987036554,0.2510983361445569,0.6537617346260602,0.489786856899171,0.12394055551962553,0.4840352908584958,0.3377558875538886,0.40881818218756877,0.5859871585726332,0.4117474301102442,0.5839116710623072,0.43382262175600944,0.7023601816174595,0.2744845652544326,0.21633621739739656,0.48582207460114224,0.6802212402291796,0.5655787696813974,0.34384534474261885,0.48977261790315724,0.7922911302825955,0.34565333493929906,0.6812105804619167,0.5377209183838072,0.18065351357180406,0.5969558755959692,0.6127920569465566,0.1749681603168385,0.5237281474812376,0.8152466841549223,0.34252313274129326,0.37472144626229326,0.6054447996318519,0.5804230824851947,0.1773377814614654,0.9206977173648246,0.808894437828322,0.6215289878705805,0.446347494504852,0.6951562193788611,0.6501777620813564,0.6951561504041182,0.13822194272477475,0.5631913726475426,0.4618839588141092,0.7208423611333408,0.5352288365886311,0.5429658611692757,0.7026012213764384,0.5044018080612158,0.5324809092767955,0.2327394799703245,0.3196547047750534,0.7177708614571865,0.6386615962254604,0.4106773129195961,0.5865613701623031,0.5641513354351476,0.4629363568541122,0.22402818557578996,0.5824763713154903,0.9294334086023196,0.6519228828153082,0.4666742601367506,0.4619285529904532,0.5919309909786894,0.4350348041386786,0.6999808468472678,0.2714368557884921,0.42198784112391496,0.7791331810945986,0.6520606710516157,0.5840657954673769,0.5631370154223989,0.4377511441840917,0.8811189160221568,0.8741656456216367,0.8331826368745046,0.47775733860443115,0.49966153747987574,0.39636357275685163,0.4007169480522995,0.41626546201474024,0.3582516600850407,0.660569181247165,0.5026824325790282,0.37623076172362097,0.20989666565696333,0.3974492605260478,0.5861356540430477,0.8735222033906773,0.4364997163861065,0.7029991703527317,0.4042617561294122,0.3442484906876133,0.10744999561075219,0.3504779829293429,0.3887288755295589,0.3069255852950535,0.6837061859212639,0.2525963452002416,0.679885640349465,0.8878774798597268,0.69071192763866,0.8261731361448118,0.7150997091052296,0.5075451961172656,0.7399796795583634,0.18956183038330998,0.33906234973033256,0.09804393601333707,0.18543992997479355,0.8263661327092655,0.5132645683177276,0.5382051745020997,0.4497837035118755,0.6083857976581686,0.5439799299569649,0.21358941134871207,0.5346644910017166,0.5747380913368638,0.518386357213108,0.8130715635566456,0.605269602139442,0.36137115293724115,0.24071515401316454,0.11729088353929716,0.5215764331996776,0.3007064388715584,0.8996936091028248,0.234259556123925,0.37225136273708154,0.7186523282847542,0.21816514122612052,0.863332718235512,0.5821602917259182,0.8554455360072281,0.5183237128811355,0.15297418983561895,0.29445209125108557,0.3762852240833561,0.29512912562642574,0.360826750173966,0.680224408098763,0.19316556368600243,0.16148589868499577,1.0,0.8590640721321238,0.6376145871756491,0.5209468477672755,0.1737935144481273,0.7580866308244874,0.258182478719973,0.7343533334912263,0.6223190166564513,0.8209635913614702,0.8141949989410788,0.23535043691440174,0.823373832961551,0.7294021269214396,0.542314148557015,0.1033586527677376,0.4995347229080947,0.29087281565792295,0.8123771365408883,0.3615366394748238,0.30350459482637765,0.3342693393924816,0.2706720507519315,0.6693632196877453,0.6851959512352054,0.6952454286519131,0.7949081085069348,0.3184402243549155,0.7378057699209618,0.38520167252764,0.7068956265922587,0.877277475078565,0.855680515790735,0.3118616623047066,0.40387950743458545,0.3590314669220836,0.7962080321624,0.4001243444935235,0.7694108570275825,0.8089242792445782,0.9077437990013728,0.46480714402261575,0.273395040705391,0.854916685360088,0.8630866584283424,0.42870175983878334,0.6607567698209921,0.568156317448121,0.5891559776438866,0.3723928011140229,0.7347095862220068,0.3809765006873232,0.477892784572443,0.07855713129329518,0.38744651712104317,0.4345060019987274,0.5411911165803468,0.5434566038249226,0.3677914793216693,0.5555270393200605,0.5230054845274631,0.10820957788115784,0.6836318858527399,0.45984461269946625,0.4872890162898726,0.39370424482110045,0.5460964803811704,0.6434726682843184,0.5534592516694758,0.5782058381703145,0.5363656281750061,0.5413064251760801,0.38327817842912904,0.8549017312974784,0.6384665951999169,0.5925720534901313,0.6773740857153523,0.5815978704647056,0.7794804757664016,0.8513202196880268,0.7159958624364207,0.8579809079902775,0.5347362540409983,0.41928002624237043,0.5473786379271592,0.3928614048001775,0.5602480753184116,0.6665651212530643,0.362117252392262,0.3980560416059474,0.438947898411692,0.3166540802665367,0.7606744776313159,0.5110562794828105,0.47149853863700036,0.3631901741586885,0.5114515868465427,0.5221311713066639,0.41108616854705987,0.4361687421809293,0.35386069089091116,0.31435595525814286,0.7813796738795437,0.7881207474835864,0.42301488336693116,0.7759050649621098,0.3827315053572368,0.395681353108731,0.22529285934696217,0.8223534812706718,0.04789620239609712,0.8155666502570128,0.07782564649988809,0.7951633557973209,0.5852766859616225,0.4293502846225537,0.3813854124817284,0.540566070299241,0.3866834803911794,0.354819821791561,0.29132877817593916,0.6022079234613708,0.8437050751872008,0.8098790435500592,0.6503605191065326,0.37471808622072084,0.8533984379956061,0.7941223253611981,0.650629258029879,0.6022463788865238,0.774725165893556,0.1039810022422788,0.15629226741833852,0.931668218764041,0.9280923706863197,0.9383352672720511,0.9392627842088017,0.19545073417547085,0.9223244449872169,0.9198282706969507,0.28384959827271117,0.41369727144667306,0.5449056999932966,0.6050100295846037,0.8225131302394592,0.5936199547882692,0.0741195683857486,1.0,1.0,1.0,1.0,1.0,1.0,0.6768073701875637,0.1568334701382464,0.06678121288312631,0.4841136346669176,0.17557869467852935,0.4156011509029283,0.9442569127270805,0.9449412604729546,0.9097935580368308,0.8998863982378118,0.8650241755464936,0.8128996489027713,1.0,0.9603843262627659,0.8619348954656813,1.0,0.9531570459541322,0.9451379894825391,0.27158237423268256,0.33706104903485695,0.34639362395161066,1.0,1.0,1.0,0.0859191543641953,0.9337821052991493,0.7863249704954242,1.0,0.8679582560167581,0.4093823514955403,0.8545811649527615,0.16584550594841221,0.10062684068247792,0.4862914479460853,0.6182450180981637,0.3302936720982896,0.17786721652835089,0.38329914976595475,0.7990189544449708,0.5898543648000686,0.823233450378946,0.8461014734522223,0.9029727888506308,0.5321219398413001,0.5263104291448695,0.10758539531091459,0.18811078197548703,0.665749048181334,0.9921170532195787,0.6611672945434204,0.458929199087761,0.8548632802559494,0.5879225087758131,0.7418036906660174,0.15003421994834382,0.8214184522677074,0.8112700217359617,0.30773612088190655,0.8561764556142993,0.8465785206440143,0.4204517406198389,0.6184347842015954,0.6248413888517167,0.5187744623806002,0.17731352292437777,0.6680169342227067,0.8701082905696427,0.2560199620433501,0.46172482925075686,0.3039291464592052,0.2971426434980621,0.27260502374071804,0.6448421307273094,0.6504021680851897,0.7052669861209769,0.7434979683130307,0.07045388807561485,0.509640049162091,0.8761906535110987,0.4620001511101361,0.6175478119578603,0.641384734005794,0.6350443356810852,0.6333399091196972,0.6138946143492198,0.589686995276808,0.6869535911476522,0.6610497181366011,0.7057586776281249,0.3035672292735462,0.4294193959656527,0.24784703702786628,0.27422943095628455,0.7807319872536693,0.8316564276916066,0.9426524628183053,0.6659138694378686,0.6934383326018069,0.7105131598053351,0.7209802779611846,0.8755117619877731,0.6057119776861275,0.6008674449177768,0.4854198617156062,0.6756115628821538,0.46889011464655034,0.5377491727399956,0.5071282441176127,0.46386316897338536,0.4412235922286628,0.5567987836259298,0.5831404675950823,0.40680834881952155,0.6333851988705123,0.6409786790986888,0.6412927208870827,0.6494744152172616,0.6757913263083198,0.5057614930750696,0.5456714867159224,0.8465667704317774,0.6733309865609203,0.6895676018220047,0.535337475297994,0.814988476286987,0.85752072877241,0.3145521171447724,0.4688889871421776,0.8746629807673268,0.7203814074939446,0.7255323696737351,0.4593841071683241,0.45946926877262656,0.8920293986363849,0.4569129677060496,0.8583006651904367,0.7540943398194476,0.9294042609014295,0.5740148304308598,0.7098534826587372,1.0,0.9840978795900661,0.5827705807675769,0.8593877375020733,1.0,0.8484340531747502,0.4189418415343405,0.6172538964394608,0.8854282702561319,0.582835857242754,0.8321994494868551,0.8494570289528794
91,0.5334203606694518,0.5547114446348205,0.949367644795479,0.8882336171767271,0.539754446704567,0.6399288789210161,0.7667576661322498,0.3806295686503348,0.7261281321181796,0.38244335826488585,0.6306185658609996,0.44269795319984534,0.538750993760853,0.6454941674336087,0.12363437681459415,0.9854799497391155,0.6737171856853661,0.999193769182269,0.4031339458440424,0.4291963925511812,0.8118484329724323,0.31961759786598265,0.09782578108798505,0.5940142134728984,0.6883825217558528,0.45642219223080804,0.4106048921675551,0.639880374833097,0.6310153431015967,0.6936287919870088,0.18709109520197822,0.6382801177735462,0.5782237145421936,0.15563377068748335,0.4249889103104696,0.6348027641725885,0.3142651717227969,0.30333513645547017,0.34373653216797456,0.25249118645724555,0.20018904218307387,0.30669735846014184,0.7612384902872128,0.7254545435039756,0.9461076035453001,0.4484788426851311,0.7576363420063082,0.67736296074328,0.44510427477318637,0.5002101424573732,0.738147386865662,0.17291708347819928,0.6631734611147216,0.6022181118444669,0.5656589810144986,0.6176710881922115,0.7116886286546485,0.6534863788332685,0.4309337855512216,0.6890365926909424,0.5324211262276555,0.33511976301338703,0.39475003802868164,0.29543717418711246,0.37514182084973213,0.10861222792530088,0.017589181867644646,0.8573704893080932,0.9780192336489447,0.7268640484390958,0.49435184097387386,0.9146503363774718,0.0,0.13673636837743877,0.9005121022260963,0.6566957023140912,0.2977502308030681,0.36185018990851653,0.500126862579978,0.21480465661407683,0.6652663060526461,0.42629288882236444,0.5990699456352453,0.21789781925843385,0.3691538283163099,0.707833545531872,0.612747946491179,0.5584825203564617,0.9882028353468327,0.7620555440552393,0.9799954217689588,0.460874267991943,0.24885236776093594,0.35388050093075024,0.7096396762995207,0.6373662563111989,0.2706499579039356,0.3806031310186832,0.20999385621544941,0.2643834861892368,0.29999804135345415,0.8531296911857679,0.361884177939618,0.2589883354362475,0.6741333617359989,0.6729527348841943,0.6002495079034585,0.23600938331121812,0.6573384191762488,0.33209023435735585,0.9148304520218073,0.5177683980795791,0.860619612936396,0.2864612498449516,0.56878947484049,0.8459616014381132,0.5603291108449635,0.8897058317921516,0.8685032668280828,0.2917347077101864,0.11802750545058031,0.5259030560838718,0.6443794798411647,0.5243816313833504,0.29473657326113034,0.45706742962902874,0.8342792978526447,0.4425021307621823,0.6508735663505182,0.937916115978243,0.4200349964380813,0.6575380772374877,0.6406301585868011,0.892068526473632,0.34428448615780366,0.7609925711492672,0.33644034359837466,0.749399494322463,0.5839454874855906,0.552453173007193,0.6551315545052901,0.9103906609667438,0.7968169123679119,0.6061543263748238,0.4407140640218151,0.6158730990193059,0.2432150656923566,0.6156025483971339,0.9342969804534454,0.5855179902323935,0.45363568026036116,0.5973983246210274,0.7429403476019096,0.7309413464962407,0.7804498708268627,0.7188775060428431,0.7318403634988205,0.23405599143822553,0.6285961336022289,0.7891916029989885,0.5884691240049205,0.3012336442669905,0.42125512856896985,0.572460534096858,0.5327558291291835,0.38412590222325416,0.6882715581596069,0.6767915518559399,0.6709469552572018,0.5159964170250392,0.30074889490408513,0.5358805501907704,0.48672336597076854,0.7048494558390851,0.2979795395261111,0.34428126617459304,0.6461178199498991,0.6407988360784851,0.5870556760921548,0.5176620167770318,0.6660801160171947,0.9912619719859219,0.9747771230064982,0.9777973447906366,0.34139859092451064,0.5024439402294971,0.40543562522475257,0.36059514975072804,0.4245353621265435,0.47906947117638654,0.6299956672910404,0.46439239271532895,0.4520922386111861,0.1681598641510425,0.3790405606411209,0.41712534161153453,0.6497306589097139,0.2861347757833928,0.7754509581545364,0.2720856998337589,0.32897724711166343,0.6601238201453106,0.2521031903598719,0.5002151616475633,0.4946724537509626,0.7400221365915449,0.13711244177900603,0.7274498218721525,0.890431773055685,0.7047437068706267,1.0,0.7384828815777589,0.713406569789797,0.8167013263492517,0.441733427091555,0.35252772744198024,0.7146016033559528,0.5988753320633683,0.6208540904858224,0.5535235674703122,0.43557574814183725,0.32223221977135685,0.7545747665910365,0.6366645605382967,0.2168253707985515,0.6196435128751626,0.7362919197082987,0.5990838892692099,0.9734684698754019,0.49457215148864364,0.3767586494590516,0.3306779197051178,0.03812665456045429,0.4244376791703756,0.3392204972403014,0.7589896276780363,0.23782508731779722,0.28555773097274806,0.7403434482878648,0.6487133979987988,0.9849605691424038,0.6110008772654443,0.9529398638487153,0.6332950651039905,0.15384905569253843,0.4707127916562965,0.37840794333646954,0.48046323463926505,0.1756091236090392,0.9170637703886494,0.6146876877814129,0.22774198975447688,0.45132449258194013,0.7594863472573931,0.5764904173123929,0.3308983088227426,0.5878583992331068,0.7534226077406041,0.34302505006047657,0.7255471179705032,0.7303362814096952,0.8801335104457323,0.877484592918636,0.1947257821093672,0.8706109705375628,0.779494778508347,0.535343252265224,0.29612260489124514,0.5082261705806113,0.4318250121717786,0.6685679950530422,0.7150440400453736,0.650104360743651,0.567152715356688,0.27543608065185937,0.5598377664420459,0.5816999826062701,0.8066368165264237,0.7257083879029611,0.280546991202555,0.7458875118377298,0.496614705666588,0.6004444547483164,0.3552333766195797,0.7960605276252933,0.08572768188288586,0.350872001795942,0.769355360975671,0.569296137437922,0.5788822798091078,0.7950857954685677,0.8625994002199949,0.914146435540439,0.4559400628979235,0.18740168304307936,0.9859178644705716,0.9883104879817421,0.28254539848529964,0.7110509417947346,0.7708629521837955,0.4072354424143534,0.46636576375625094,0.7072927825774232,0.37794138386855725,0.5209387125188201,0.3621770702533407,0.9368824026677923,0.23650445289728955,0.546635098558567,0.6055200825471476,0.5794005277868558,0.6860221694372938,0.6312503054450407,0.2433389846925878,0.6386075670488617,0.9372875343382195,0.9367819568895893,0.17628383280061108,0.6395653339804575,0.796936292931416,0.642674641030541,0.6277846704290257,0.6158394279068924,0.6421916638567874,0.3971326021171598,0.7707739564499607,0.6963136238271548,0.655894781571055,0.5201021674660455,0.32389249500765727,0.8843292514525902,0.9833981140596213,0.69001684915728,0.9603112868614397,0.6309696904975769,0.18757967054928346,0.6436836788231803,0.16391043186288842,0.6433691207943565,0.6839015006644645,0.33920494510042065,0.25676558470000793,0.2533907586853478,0.15141877210139806,0.6998493570546036,0.5267802796209562,0.3906943447872267,0.2509139534639516,0.4696102355347217,0.4735170416499176,0.4550546484213805,0.38651340899629444,0.1982052955577632,0.5483958314846366,0.8658635882787452,0.837896205629874,0.449472794202924,0.8300371928647716,0.44057664686992276,0.4885419682632308,0.11618884000058177,0.4365761584821693,0.0928525682800054,0.45214033394543823,0.10754761357134196,0.4065050962872101,0.5936970726424904,0.6410334334994102,0.5313777753709659,0.6117388815611281,0.16466645290673448,0.28284815046070527,0.3984030871051104,0.6041405246348891,0.45924426984000755,0.7674587775400484,0.49887016717500754,0.36068036416795607,0.9798369036787121,0.9122524008450675,0.5511717729656352,0.5035948425488234,0.22520764335565485,0.16961472916242165,0.1575138154543467,0.2027402425216143,0.20999311080556207,0.2793877264007707,0.30880798028532985,0.762124158055044,0.26867232751944786,0.3176464667853888,0.24478510455072938,0.9003995810400667,0.6710371025214692,0.6933503745810846,0.8427639800053675,0.6992383570849677,0.07611171630482351,0.23631072033478365,0.23177503595932109,0.20103493058179767,0.1667620025907353,0.14561575449861966,0.1787014469038885,0.3147092227093425,0.11792612775177219,0.2894329744672073,0.35177385604145933,0.02289463123147324,0.48279269849518686,0.29581187900378364,0.3115841747351454,0.394264745636171,0.3678097374586148,0.3069243804281936,0.23468359986743473,0.32339020084278625,0.17931241638070594,0.9871690861618485,0.2976440943124351,0.3370887500003364,0.35705116535382647,0.28255075436724936,0.2317888136643156,0.1275872352888999,0.31313708604271717,0.33644123636229095,0.38671106873702255,0.12334108012465456,0.22784143340412455,0.771400528930395,0.2892493858141289,0.2318429785578151,0.47739192978205747,0.25615874051337467,0.22542663246221759,0.1451987171021972,0.4947825431083135,0.07640993788507443,0.3268100528644033,0.22021695001103792,0.389854445703916,0.651140705937508,0.8691232780113038,0.794957186306106,0.9763916807269812,0.18519279088244356,0.5002541737994366,0.46078176376433044,0.12983219599919846,0.30702483804609554,0.6812438034039748,0.613052090636298,0.7033072813356378,0.6419530056054907,0.9809504595829605,0.38534309860881644,0.7844053026836132,0.05632261512790512,0.28303696696006964,0.8421197185000416,0.32335207564179647,0.9528266616984099,0.717392491857325,0.5852916965041337,0.5361213075578817,0.510041309557647,0.46281937983149113,0.13756379316095116,0.7594806222681615,0.9817551897183907,0.3835342521944063,0.35567084114900654,0.1408908076478087,0.0926603621478586,0.09318604559409968,0.5047570967241622,0.512368419945798,0.6046506599552437,0.6669937656239405,0.05035385866313026,0.1601830808365928,0.988590028889294,0.1859890338741853,0.5822677256856535,0.6241152393829247,0.5217019027917864,0.500495859727102,0.6183118339533895,0.6393373202895084,0.6763114427839712,0.6352831089331685,0.6768551646298169,0.8078018885020259,0.6947399549158016,0.0936680614182164,0.7051661248365746,0.6808330490037879,0.6969516641926043,0.8395511110243183,0.6780625080986307,0.6851178074194255,0.4038516935235706,0.5544544520112378,0.9920787897966507,0.5460993917372615,0.6010400401695554,0.6086381481413317,0.46779602090003664,0.6013782746243439,0.6118639653064231,0.634569376341705,0.5937024289362766,0.5813192549484849,0.5955159772981796,0.6761906001280278,0.38137038100271264,0.7024359968251987,0.6977248706228684,0.698945210506682,0.7000817594478819,0.6866339706100224,0.7199613757442103,0.5982529476619457,1.0,0.8214573916591874,0.7981808669567185,0.7541132106738896,0.9733666679455135,0.9728045982111582,0.42715379588374186,0.5918469675428185,0.9710441305620747,0.7417770816194648,0.6784782082131422,0.6009145502075977,0.4427424465805368,0.9907518120156525,0.7242880774436089,0.9743691858428264,0.6565524571204072,0.16909016799687865,0.59241468888959,0.750502129613615,0.19764689844639033,0.34958382353003253,0.5999042313455157,0.5009679985379102,0.22522661878191305,0.9754665781367386,0.58530615758192,0.5755319238854741,0.9764581713270937,0.5793966545008901,0.9581002251102293,0.9757712578185187
92,0.5468308660968668,0.44710913832621957,0.7859110934159607,0.7663929076515416,0.7006106836156023,0.8545665259464256,0.8652030550609952,0.43095473213882457,0.512830940482964,0.24531431374996743,0.6962619716446048,0.605764633445486,0.5585952945684457,0.6806174506162094,0.07463201704323534,0.8576408477812234,0.4795846572510156,0.8579640658327251,0.4579926853187137,0.42166353283987823,0.651133627035351,0.4656292363873857,0.09790253653699749,0.5679501616654858,0.6031869293387925,0.5777890042191808,0.39465215741361087,0.8664449439897525,0.8531707852315698,0.8447835047918039,0.28431716396876877,0.5214842102873335,0.7298309511474742,0.1252447857883529,0.5583928567633736,0.4940958156547218,0.3517794471129872,0.3417592891552937,0.6502542168756461,0.26269142071504253,0.43397431255574653,0.45401933727032356,0.7048750655135373,0.6592655267259068,0.8181605977346711,0.8403456365389085,0.7949408342190218,0.45577871520171004,0.8341687791357918,0.6585448335248483,0.7862620442616939,0.09662960610993053,0.6969754407154323,0.49817207141129793,0.5876781053812551,0.46599126607494246,0.7745873437754826,0.8456586473694913,0.322572605729037,0.754829584214683,0.7876654259301934,0.2229497820588262,0.8350552384105876,0.28834214307462885,0.2515863032546235,0.5979540416214731,0.02525272457417517,0.39188816729190407,0.8984184168040652,0.8863836240149139,0.44111553416785926,0.8044065156754884,0.34663632941449907,0.16090975600172377,0.7714523603711994,0.7237541073374161,0.14944822050312906,0.23029860875469846,0.6267886332655824,0.3331484724963104,0.5155184857975035,0.22550622439341358,0.7770194007948225,0.07365689947377944,0.46132213668672206,0.5213714069921311,0.4224419605633786,0.6476178299084286,0.8541065868456758,0.6323573014146868,0.8602027169291062,0.6637943148005628,0.6435866577480052,0.7578648262085124,0.5360283104872142,0.5547245013211292,0.719090455459619,0.8405794552184546,0.4610342612560832,0.7960505754413165,0.5132379327867945,0.6600834355097147,0.935422246943033,0.6489321509358839,0.815107693349336,0.8126030027200049,0.7376354015511765,0.29082846465870543,0.8076770390897291,0.7264133699987346,0.8659990312610846,0.609150684665996,0.059219201747939786,0.3286747264563876,0.5511175425405922,0.815741504942837,0.5588757821988762,0.7833696198889598,0.7481563887367425,0.2222353414386913,0.2859474586445582,0.4451641317607789,0.6330432497349385,0.8271373325853433,0.22508442453452474,0.7959740783363218,0.758698568582666,0.36600734515005884,0.8432654650614683,0.8423636121901921,0.4150184287842239,0.5666490367494089,0.4962636967558396,0.7041352668603935,0.4411793841349201,0.8376562422472629,0.2792166631445621,0.7106519101765818,0.5211402606080415,0.7309124479724893,0.609665730887319,0.9481669141763513,0.817278256230715,0.5935709887352564,0.40953114407288715,0.6346899901165725,0.7977481317773231,0.6247826518017837,0.7307788411061727,0.5619722701322161,0.28955237331647543,0.6359830058212861,0.6068171146180233,0.6132752409957264,0.663714398773503,0.5821976043776764,0.5283567967010142,0.1524334298489381,0.811156559352243,0.8050718175031647,0.5728528347492853,0.3218543408510674,0.5683225628892963,0.6789234637104747,0.406846244155563,0.42970741270927276,0.81558508024726,0.39610375096716044,0.6857362073469175,0.8198000403857395,0.38959253715657577,0.5227993226688168,0.8143168725172584,0.755078778169235,0.680888849957448,0.343285644461489,0.6976813256081165,0.6272782743037167,0.5564847149774923,0.7944664470948531,0.5392531158474397,0.8548839636333224,0.839720306656837,0.8013255571022335,0.5023800603287183,0.3493660541910055,0.6984064816051501,0.7084312808774582,0.6984148498934342,0.5632582462515306,0.8035447594317404,0.38048650095825054,0.468181002356397,0.1365097091825344,0.41421347513163215,0.8420702522667661,0.600008352786274,0.8242518020910395,0.7940839240872151,0.21930944089795923,0.5957504991183452,0.5943432769194318,0.39635325432828417,0.4121223697915474,0.46162740141229247,0.7781921499892338,0.3306312775941859,0.7635780525693306,0.8846036342009338,0.5810926360245273,0.7408729294980225,0.6158109751639754,0.6186362477792833,0.6960909817726412,0.648745984171625,0.5806337535398515,0.49862885397193907,0.8196235640006916,0.19590271545637022,0.5359520119758225,0.529940621479081,0.2666148201974533,0.16797786015687763,0.7469767140829106,0.8374480576731367,0.4998713609919604,0.630120536218094,0.4776361048505204,0.8221812968920159,0.37368234625343405,0.27149309764293805,0.7489145462742706,0.5865350797990793,0.7302249748481966,0.1406827118966923,0.867883766938942,0.14722765814639155,0.2932444820491702,0.842161391745329,0.8706679060748204,0.8274534788340684,0.5313539051496787,0.769610875347293,0.46019882582427424,0.17215594427357672,0.5096626821555004,0.6301482769891551,0.4939662263058821,0.3963131972514779,0.7963897202362535,0.8420019371124704,0.2943662512642512,0.5738825869465894,0.6416310205183398,0.6928908142353118,0.07978448857215802,0.833001262346482,0.7403355881908965,0.10107503239844681,0.7057789447720044,0.5004988921857587,0.6471792844968294,0.6220071587692221,0.2638305968907562,0.6465915514439364,0.7323039463131293,0.3975511089672002,0.3072173026386596,0.5680404058610072,0.3043314722018179,0.4922371528465571,0.6883387759457561,0.6684232558289824,0.44689927286029285,0.04327727219392105,0.6624888773007571,0.6921469038909563,0.9800152160218848,0.9636867241289854,0.26797713257019523,0.6029423606220149,0.591720514180294,0.7228580117731864,0.40011206373961694,0.6145315255022032,0.34500709466399626,0.31218223365353137,0.548944913545361,0.820432105396102,0.3867003492151817,0.2705493796100864,0.7055232119057658,0.669584196174297,0.45058989983901954,0.21307812123312334,0.8263860014853813,0.7811667834990044,0.5685926304782208,0.8448422215186574,0.6575789476154853,0.3992666846237472,0.7835899706617132,0.784787443237281,0.44822430826983445,0.46760803607162177,0.49311834408099486,0.6005000994786568,0.3956160314385842,0.5472383741421672,0.6755500807606973,0.34357409617575746,0.4315339103875686,0.4751368337617463,0.09541532793561469,0.5579819075778458,0.555517701845815,0.5911081941074442,0.3646712356245804,0.5285001050744411,0.4699309936825929,0.5243847573583943,0.7035695601314951,0.4867712548785725,0.5016010431678071,0.3599448229270576,0.8643230044774678,0.478205501224972,0.4378397312791921,0.7160744288552995,0.6295049548746209,0.7362516510719241,0.8237963022664097,0.5504336538645279,0.829950695939495,0.518723397516939,0.5287464540012148,0.5332288617318042,0.49277944573547866,0.5549445689856857,0.46604058883269617,0.187517854089335,0.6047951865627467,0.42099100974507453,0.47232843909433286,0.8239040667560799,0.38326013358520195,0.3367671047438084,0.2116973577031441,0.33993813631573044,0.33672576890079836,0.4614618333623782,0.27067707571971056,0.2276162501729572,0.6267255826652218,0.7208800805210226,0.7433727323302385,0.5257722711555282,0.7236111245031754,0.5271280975878584,0.4883198827903356,0.22106627014328112,0.7073518534604226,0.32205701036470036,0.6956447960431424,0.3040486408713902,0.6587067287678028,0.6070277079517012,0.564213194291423,0.7058653779736134,0.388132694553665,0.6221040024886422,0.5762381694200049,0.44400188287018827,0.8115291336332652,0.7069601306582542,0.9261902372698954,0.707006567316981,0.3981057508193344,0.827641048331099,0.7900611201483023,0.698333294048511,0.5360679278391512,0.6049285783275989,0.3192736794332916,0.281404424330014,0.5783272279012233,0.5620605735816393,0.7307800533313455,0.738738059517126,0.6450116041608648,0.719502395326913,0.7270005699069513,0.1692923927945693,0.3763961872185877,0.5682717609388911,0.5415225073914441,0.8624545764092015,0.9357784885418976,0.17112837136166176,0.6692761476021825,0.6819881683546184,0.6966002380333709,0.6565721928416286,0.590218677678346,0.6041031818867274,0.40855959341267084,0.32486647630412724,0.3145325136522705,0.47653116111412736,0.35463850773355876,0.40479804867155567,0.7000557787529536,0.6942568416505663,0.8301386593432665,0.8054462195938898,0.7401928980792652,0.6547193752219757,0.7505604765100554,0.6607875876620531,0.8406924332515008,0.724185391480173,0.7103170307113206,0.8053552674819792,0.29845410933866,0.09926046455181695,0.1708238582778243,0.7556435887761094,0.7775539485452161,0.7579274113302195,0.1518514235611974,0.6279049565942911,0.7348141602186964,0.7217835344456859,0.5617841070508859,0.4084497205355897,0.577118215321156,0.3532186074193285,0.3239115002214956,0.5046223385260457,0.6604576271596666,0.09986536933837391,0.2953935295318441,0.9536791844852354,0.8381214232865591,0.14809050491599712,0.6058538474010413,0.8386133552578148,0.5836211967085655,0.5120032223737845,0.2317449375267003,0.1928215363092913,0.22728509464705318,0.6282679841618136,0.5173809838220702,0.8400175000225634,0.689357027645183,0.8345255491653572,0.20210146323376127,1.0,0.10858007823485431,0.840835193258642,0.5728701784920197,0.34561271379711334,0.8116176163016683,0.6530197584251277,0.9135785083302022,0.6248625557483027,0.6771260674358406,0.5968926162538737,0.3703409726641438,0.592139669090948,0.8463146646304094,0.4095710235055806,0.6494938838735738,0.5707603553845746,0.3818637396476853,0.36356882607213054,0.6694304868097121,0.6669959791220846,0.8636080772242083,0.8686504733909141,0.15114037330997432,0.5874761596624823,0.8269191850731757,0.580710632718945,0.5781163229312769,0.615391027154944,0.7685865555611406,0.8068042730999155,0.7734498361843863,0.7689433168073395,0.735504676104427,0.6609370775691615,0.7079982131760189,0.4279725839666783,0.6775408986156611,0.33430918305379104,0.24444051742456618,0.6058389619979506,0.6300450349884084,0.8940685889185375,0.7921265818219415,0.8368367442462772,0.4422845572253312,0.2813879378793914,0.8473270994317637,0.29525013670450195,0.37655917205151174,0.5237796402539375,0.6786125292960403,0.51909595522646,0.9106614240618208,0.5548488667440885,0.5126379648741721,0.47407167354109486,0.5466448727539049,0.5493305014176064,0.4227372354897908,0.7423935540816847,0.7014732759270405,0.6957440781824422,0.6948109308486029,0.7203128428630329,0.6370906571023801,0.8266259194986619,0.8549466085791861,0.7373250077748023,0.7437526204955058,0.6441416486046238,0.796042367772339,0.8207795288158507,0.42729663038751453,0.5214812464794423,0.8417578383434028,0.7491191205876182,0.606715106291798,0.686467910068878,0.3132602375748632,0.8240262919960037,0.5767494341851709,0.8474221929093222,0.6136360858813206,0.39277262052715706,0.7637467901960485,0.49599142687241154,0.6337214621578664,0.7882043740936896,0.5013873109920312,0.6933715142459841,0.6044697374975946,0.7958609315140132,0.41947517115818816,0.5674409099626481,0.8573678408071206,0.6206315827824039,0.8437997199295062,0.8228933052443206
93,0.6721522577306402,0.5619268597593291,0.7860811383986748,0.7597102983629919,0.5453832453497288,0.7986390337141235,0.8421772386399551,0.2958811497976967,0.5336623001577194,0.42315484249840146,0.706598642987773,0.6572506059343582,0.6630336139091547,0.5077094804447022,0.06722238040943944,0.852640513292619,0.6203626555203607,0.8275151035139958,0.5096594448939763,0.4918716181751322,0.6893500304702963,0.38767252469861935,0.41427003786007816,0.5638549140166494,0.6285467223670564,0.21562181602810832,0.4236345940082812,0.8042713640146608,0.7945845413250471,0.7915098367058047,0.1065989913728975,0.5136824519868654,0.7408451130962908,0.2775022105024787,0.3920476776486393,0.49951355004530584,0.5869241749700138,0.40197822247987963,0.5501037329618779,0.4395888780668795,0.5729226704773476,0.3977998069337145,0.6377707282916163,0.5929617992598608,0.8102398205563567,0.7256353560199681,0.8099320145345441,0.28412691509712,0.723418293906929,0.6093724882110846,0.796776835018352,0.11764056127024292,0.7658567585412536,0.48501388871487905,0.5525516911931541,0.4367148481312738,0.794140531505961,0.9094631453501524,0.22674086540561916,0.7796305068354933,0.6603395258283068,0.09566725850316778,0.6195553685683775,0.2846753035649334,0.26668681973569325,0.062334706622690673,0.04207311972624006,0.32315253182179327,0.7117944728900741,0.8478581218898049,0.42609987117843395,0.6099133915750173,0.33243185808548786,0.23946193629758705,0.5492237999827745,0.44723138749858576,0.33259500398072267,0.3741893160193977,0.20959866738761934,0.42173309280434224,0.5455910180705639,0.4768224898274437,0.9233911632190973,0.08349663794984685,0.3257823209387226,0.8188808595325986,0.7605086881747793,0.4483162556212592,0.8513006511552141,0.7201498385281676,0.7980426704239046,0.719417851281635,0.43885864192369384,0.8022757558106983,0.3845167209368429,0.5331616266543113,0.6385609939992399,0.6517538896028309,0.5069970651834451,0.6001281948835515,0.300457049665808,0.3718603493441428,0.5848351876490335,0.4504112877757696,0.8307515947781352,0.8254262466803015,0.7059818406756055,0.3631764917173744,0.8353796222989056,0.762096542637406,0.5585448050560672,0.5374464474554855,0.46333787645723645,0.05751957523407503,0.528179619551576,0.7595596378145414,0.537081300191018,0.5445079834887271,0.6917758912943999,0.4940111939514123,0.15935380227868298,0.5730427511146007,0.864608084319237,0.8556162972843435,0.6883708395871245,0.8282139368579425,0.8204935870060516,0.4960577741843623,0.7538953466458514,0.6197992839589378,0.0,0.544195439819988,0.699734094732914,0.2926712653594613,0.5391450275518788,0.8211019714715883,0.20210997240815193,0.733361403559965,0.48002684385668476,0.696270377977211,0.6416020569902018,0.9386912488444303,0.8622401164827876,0.5719222185776369,0.4127424851552862,0.7550671887783876,0.5714065510035866,0.7155624307154875,0.3743175318949144,0.5304666830311493,0.26193378959016866,0.7376615319390873,0.5396806758019741,0.542201039709058,0.7450071388665922,0.5160667004346062,0.5639979903571403,0.05150983918086592,0.6667018550053252,0.5880510178479014,0.6895810900620684,0.23232147288920066,0.6821503924435834,0.7309398644012596,0.5889473958740502,0.40612218455992516,0.5885346619097951,0.40637938996878215,0.6850809830452583,0.7463802626165884,0.39235557791337583,0.5108354315820187,0.7227631948993295,0.7226163830715736,0.674415598879051,0.4851598357080781,0.658655412845196,0.5940933022370967,0.5424126561331032,0.663740679626188,0.44074268645947,0.8483148202894197,0.8409626848639437,0.7917099483142397,0.4697825334588728,0.34765489122726856,0.5553597316068325,0.5002712113687807,0.555112737141606,0.4384668601286801,0.7306743201423105,0.24719145503753165,0.609711122500125,0.2124126191150641,0.2781926910641589,0.9362120266997747,0.5223567031296782,0.9439238935440857,0.8006009728013568,0.22160246285945406,0.7092713818644216,0.6905383369124813,0.6975411845923079,0.5372094269842933,0.4441648127075838,0.7914064089350892,0.18322974308518025,0.7849160513533298,0.8954353211183617,0.5710875927042243,0.6687054343570978,0.6083529619834642,0.6235516945744765,0.7783885495247044,0.22333374450770516,0.4177899021401156,0.3272826211330698,0.89520325891183,0.4019088479175541,0.5654932291136854,0.5736879952831938,0.3628765992737955,0.7804832990834076,0.47817980380195274,0.3214414716418901,0.5078171346129386,0.5319913798891822,0.48457874911118287,0.7851717610980188,0.45201220506492684,0.413640946695993,0.6343078453305117,0.40706258943839263,0.6038529657764542,0.24041931329680302,0.8409131446501783,0.17124325009383032,0.3390410400421134,0.7391180624070074,0.9282986507831,0.8249974880725026,0.5146053115264485,0.8262213515349577,0.5267354885745983,0.3468619012162115,0.49350946440778926,0.521759799555793,0.48888700399767904,0.37455658659637037,0.7164122368585444,0.915607486875814,0.31666089013150944,0.5876757853008787,0.8799183240281735,0.7341752634028854,0.02456301154487752,0.9074219055952106,0.572625840811489,0.32272991222646735,0.5367054214168548,0.44719184327920686,0.5991913836479612,0.570076181037398,0.21589236329251527,0.5970176729191639,0.697681238005344,0.6516138642020289,0.3717015748541416,0.49129081594835455,0.35216978247750313,0.5770106724274249,0.6987322153262746,0.6790709441954715,0.3099846608771685,0.2399117786546326,0.7335730925096847,0.7058626749638601,0.7795887494354877,0.9243152875157414,0.3856221131464828,0.642234052847589,0.5717146662650318,0.8372994670336791,0.46427844406516083,0.8900376812246169,0.23793695969792902,0.4847884177222924,0.3723094350591778,0.7382594345483909,0.49934927725784306,0.2621499103388912,0.7273912133758152,0.6619281236602426,0.44850099648136155,0.08561741458399033,0.8235036097095019,0.8342752076275035,0.3898139915754811,0.7248830131906436,0.3322471185246356,0.7533002857851968,0.5600162699780776,0.7092432027681446,0.680758279687971,0.23997532672407265,0.2591334105752945,0.16333071602333282,0.4980719537431999,0.5429772949929795,0.45024642490646644,0.38758936114848047,0.3350636510064394,0.5228628995644364,0.24034038508834132,0.5691736034191748,0.5095256527096887,0.5279151536144858,0.41913196269040204,0.5453589787276409,0.4974544969377672,0.5533300994785728,0.6186421209234879,0.5242824274022823,0.608254166953854,0.3492100519540239,0.7865891057086639,0.4061959241176142,0.3643603665543332,0.6149857541141708,0.4910696661474426,0.6704756758347505,0.8208132064435673,0.7381787374469926,0.81149350726862,0.5580775195948636,0.6128469676092475,0.5620842617803317,0.5847011803950344,0.5900875787873386,0.6868840962974441,0.19280696932788613,0.49234829720377654,0.23323671223155512,0.2772846714390731,0.6932422874158739,0.11959199215925065,0.13938242113505414,0.2527841991198717,0.40155398680641197,0.44517104916717587,0.27374359862067665,0.30149523202590295,0.2557299463096368,0.5715786833554741,0.8099524172768428,0.8007628905462136,0.43597657701312176,0.7670805036153934,0.3588536095147419,0.3936560015626702,0.230343956939127,0.7287094768514519,0.2507001632944594,0.7125160320854129,0.26025996869384,0.6869121875141615,0.6023696184609455,0.59237261060609,0.6235820428556182,0.7290267014092764,0.693319243176947,0.6489374479458053,0.34184663889386147,0.7036223284731735,0.6897264506387942,0.7906573504921469,0.4985936167000598,0.38705950813885914,0.8241841375926409,0.7620769003093708,0.5752935347823809,0.47807821986870097,0.5836767179575376,0.3005490876953869,0.27019039341668594,0.42484424548927036,0.41829842795816213,0.6083053067771501,0.6130595531041585,0.631957226294328,0.5957138156631704,0.6202850625984857,0.16655801162054193,0.5580281326284313,0.6700354480572099,0.4274033551648328,0.8285019450589757,0.6865276379503013,0.11574292993456302,0.4207469564078994,0.4174133748374107,0.6416507384799176,0.6151599957047941,0.5084588197252221,0.5306995981275902,0.2619230524802254,0.34998193765640595,0.35945200564730684,0.4193828778210569,0.2974298684279738,0.27984880578906557,0.5630819980732303,0.5603047658613137,0.7250254383899304,0.7091373412240417,0.6639619470985249,0.4286226347127279,0.5450751211243472,0.5113422671392568,0.834505724222317,0.5129495792064197,0.5512621276990279,0.6921039457352928,0.1419663416868889,0.03752777561875316,0.17839804726243427,0.5451778472418783,0.5310824956399809,0.7178475676790645,0.11488621284778673,0.580966238797166,0.6937914712051584,0.5130157986950623,0.3941435835799616,0.3827580093907404,0.4845254482748702,0.3424524728613262,0.21300691735417956,0.48522787737750367,0.4445762871346322,0.03470538009273987,0.2148100800234863,0.43867935468855274,0.8504297102877186,0.5883329511045314,0.805945391092663,0.8280140829625736,0.5222887471554051,0.5089235452534447,0.19572592076989204,0.10650090669561776,0.31899447364544353,0.3972719423031911,0.5688511692469598,0.7158103497915277,0.5695671137156534,0.830295834299343,0.017313527573465628,0.6414145269403654,0.11278555690382867,0.7157136173739044,0.7498811859466427,0.27482330720420045,0.8548245837561812,0.8303362814427825,0.6710236175261222,0.2692181760667659,0.2810553831347644,0.31362232898274967,0.3233633625279128,0.2696556514397778,0.8278220801624339,0.19072776481324674,0.6790063556892959,0.5115557386443299,0.41669292328702967,0.3904069872396034,0.3529688465926968,0.3396877950495932,0.6068036773728679,0.6928872049540171,0.0,0.5563768824394794,0.8364031511353563,0.49870464759385674,0.6860126944920558,0.7054049345991128,0.5277175470942974,0.4838583041332887,0.32828219313754237,0.3038517321594769,0.4416361298008666,0.44750480727986547,0.5151163557623213,0.15987602540574453,0.5010987653659524,0.39229318039351263,0.16137962566888503,0.5308594304497659,0.7134660933884114,0.8153767510360004,0.8492253959836427,0.7185559896551399,0.5885311257516095,0.37297219028443546,0.8487291509457829,0.779965262290938,0.8389632954937324,0.48325813206316925,0.6351446809744402,0.48456981800226456,0.5628055227155563,0.5147541112984969,0.4744136732359866,0.5050540292482664,0.5899985878246249,0.5283771626566283,0.42865457583301037,0.7132583811713693,0.7019250706842122,0.7047664638504724,0.6856316726623017,0.6774836457503878,0.7136684406872352,0.5108102692391054,0.8394105019370375,0.7265662875616686,0.7048768419635187,0.6742464955859792,0.7979085286036701,0.8166300729684925,0.5523521460238805,0.5070066514202782,0.848436481107048,0.6188046701584509,0.7622002601386395,0.5321436798021807,0.3490896806306792,0.8390387708866306,0.4727174438409832,0.8471086889523,0.6667013545803387,0.198413480368707,0.5275440412972464,0.5026994733604057,0.39148044443834723,0.6780773792592869,0.6169292148790838,0.2665963493928991,0.3751217957467949,0.8366538217175841,0.45292702181121414,0.585384529549294,0.8327394462573446,0.32597115492698747,0.8253464544490561,0.8158040626428444
94,0.3825768915354064,0.317752580681703,0.7474311686412446,0.7231987663746982,0.3454307119254602,0.805879631312267,0.8104706754723955,0.26145236681194634,0.2284340954527884,0.30200166862842814,0.6329332730019585,0.5638648331345679,0.8114151232784048,0.6594134178745662,0.23623619764093517,0.831099427091216,0.5233070202174486,0.8366184404256845,0.1813650092700747,0.31367214948318445,0.659638849864512,0.43707766798036,0.2746751894972017,0.5343374141900198,0.5673925158450857,0.5100558017921242,0.10538492907849195,0.8266751698056438,0.8042200481271795,0.7863326458607027,0.3769451899729084,0.5769994010401978,0.7333896649206529,0.33584405004057044,0.45542928642584857,0.5393745333223933,0.3728077460826418,0.1661849919968316,0.35423341484039506,0.18352149195895473,0.4238315936212198,0.09879363391219793,0.5860885099270036,0.5219502742861496,0.7697732272875876,0.6119612418892744,0.7460989985298988,0.488339392790582,0.6175111097625108,0.6588718867481171,0.7270932378655335,0.11544926715366724,0.2758581611014076,0.5477205727380863,0.3277757511471682,0.5404960714410921,0.40266263528996277,0.41425980697955206,0.09840973085130576,0.3528752662239311,0.702889211584032,0.2187216986302819,0.697411499141832,0.23367215187263263,0.2226401204839614,0.16555948850103883,0.050670568896390246,0.5866725290873146,0.7898466604887094,0.7150473456554258,0.3608752340573517,0.6858595300867493,0.4578129382073507,0.21453066362806114,0.6309540389349403,0.6463788817609288,0.11246106952167083,0.15910579243178402,0.4446093435837541,0.4354189215779622,0.6133067328791628,0.31654833731076804,0.48940555784866524,0.3361741173192852,0.2500539816167417,0.6306001767875477,0.5592123057512424,0.5383450473641559,0.829351291669036,0.7618005911587847,0.8169488915773574,0.40796260879322827,0.5294631938608596,0.5888709955763246,0.6255324922054669,0.7015370590915465,0.6421038803746449,0.657704021520797,0.548633705376086,0.6087641246132595,0.3657120850916901,0.5263300035020465,0.43534011826473284,0.18109916089836045,0.42671046488397857,0.4781532219844409,0.7489685125057265,0.1879778498128471,0.4015399152264579,0.5722692536491645,0.0738730731573743,0.6561959302737145,0.35347289023704653,0.4121997561938266,0.5443840246981272,0.7999533080977898,0.5525162628049011,0.6073342215557354,0.7070755013299109,0.15982710761528054,0.20675066479432364,0.28479382807713743,0.6686345252270254,0.3615916362104172,0.3076834484431766,0.31180690199515243,0.854371315357086,0.19180699535017726,0.0,0.7218122620469581,0.44221236042906326,0.3905207987178414,0.6844118495451584,0.49417273987844157,0.2958284274163422,0.7765292519902904,0.1121185585033858,0.7395727899876033,0.39438426824140993,0.8107111959489349,0.6468498700839318,0.9674684786675125,0.9275174993084443,0.5889399958131468,0.4094174070096939,0.5118656466374855,0.6617329867763586,0.4960040618650252,0.5277936423843144,0.5666424534365447,0.21277478938745342,0.4545925550828161,0.21978090648140913,0.22501274712144595,0.8043238182141601,0.20927051413030945,0.18832413461064235,0.15021528333258716,0.47853621780474326,0.7524274140214742,0.46198099050380753,0.22302843682655166,0.2858717748879666,0.8308298031520266,0.3345401615234046,0.6824305253474184,0.7909887593548677,0.3761892258516958,0.745512138952913,0.43519099100802977,0.30137295536746367,0.5496945651463971,0.4070022941089311,0.6928382741476333,0.10673246001193261,0.2402754123325411,0.3841055422884491,0.6230951295140181,0.5619043953042817,0.560356410593467,0.16794527660073563,0.8265088460942913,0.8083268075189536,0.7877179932556788,0.4369321756371837,0.38862233497394516,0.3518739211407414,0.34321436819971834,0.3851083250189451,0.7070152142210239,0.8655725487401392,0.2762950933063084,0.6823613533379512,0.2297140239798532,0.3782103640873967,0.48105470223037844,0.5789328595459687,0.22698783100788303,0.8468873936433146,0.11328564938322265,0.4791302014493977,0.4980860917478286,0.47122197106365626,0.2831206061269173,0.023229092440462045,0.43530158310039624,0.32753213215742216,0.3895194796818335,0.9133002434159679,0.2756674774530649,0.7349740607855967,0.35175443326389877,0.5369863897496342,0.8592742152725577,0.3529370397180212,0.26177752984778746,0.2844914115038548,0.27484842895584205,0.42412265484306133,0.5529337402652806,0.3589778751312897,0.362585325760654,0.6526047722165823,0.6052777838495583,0.39170312695295884,0.548532904240475,0.27948457493653306,0.5631343304508049,0.7557686742949321,0.5353960143921873,0.08774398071997012,0.5394868112413174,0.29991752020072937,0.5281304101443355,0.15642978895426476,0.847808578112979,0.1188212871834745,0.13188672456860245,0.7746209698692663,0.430201371664254,0.7964710598028284,0.562567430049446,0.793939833868993,0.49910141817258763,0.2261598122903658,0.4188150156455368,0.31531491865187744,0.3680658234583075,0.04141308931888327,0.7413954226364248,0.2578763223130371,0.1895042435775007,0.4583554372407183,0.6992703245386144,0.5070820173445649,0.272460020901944,0.24604237260507114,0.40261720517338156,0.2121734434624986,0.38122559398603334,0.26914098099864847,0.3193190687239797,0.3084845546763309,0.09256099240835071,0.30424171952196327,0.6926590783891111,0.42804402334428143,0.3516947810096444,0.5355992016531231,0.38075776250481835,0.5584683628948522,0.4671818484356167,0.4215915282062015,0.20949699712301426,0.12687379910945118,0.6573111847816635,0.0,0.7159615468315823,0.8497445748366311,0.3164155655119369,0.6128674780789497,0.43102104570664385,0.2440466295317268,0.23117913261841874,0.720406479345759,0.3648598132946289,0.4116928514006006,0.23097676326926334,0.73053107022671,0.4844195203185997,0.383349179087922,0.6581871766211612,0.7106365364561879,0.475594520728223,0.25798874759525664,0.8005979532668059,0.7982067768664293,0.34003532920729135,0.8782198853641421,0.6829804049295647,0.34898203936166866,0.5913667110377335,0.7827262529270572,0.5294024978021074,0.4535005388260757,0.23096349756816273,0.26953448429169524,0.1628489919038633,0.5484913890248829,0.823368119494336,0.41098801777071975,0.13768731185952432,0.6029514961607726,0.2160376310776188,0.5302356832158616,0.21752722513515454,0.2214915761097631,0.4184887351841889,0.5754263604520123,0.5952572938029662,0.5793126345890993,0.7491288693032646,0.5490377476221795,0.584843729434468,0.4235441399510768,0.8150453938260201,0.12821864760435744,0.10746768814773078,0.4149154497411688,0.2801577547507149,0.7128618322486547,0.7894465832999678,0.6301541479531313,0.8093158266947778,0.5799129421699523,0.06572058320407614,0.5832294928596863,0.07543314549645988,0.5968466935918911,0.5852366557888717,0.31151080576949736,0.7475145197012595,0.36973502687012166,0.5517686125237579,0.7692584333427829,0.5297879642175469,0.1662948477392069,0.17107199649550744,0.4490721497344605,0.4540889160108659,0.1847041540316664,0.34510657644149734,0.21973266780064524,0.5427908289468545,0.8441559676092015,0.8483078701995883,0.5320386422320453,0.8219777080234429,0.4698866490881867,0.5449778773107032,0.1969328950912521,0.9851095673002821,0.1666333608647452,0.9765736544908262,0.19233093873817478,0.9727408214283707,0.6445362932021947,0.5855393833500879,0.5317453121460491,0.2015785962309947,0.10482975081870198,0.10811030196698125,0.5153385578134676,0.7541441289547351,0.9826721860246798,0.8400850066652428,0.5955884910900561,0.2890192802443994,0.7973755639199415,0.7114935152681794,0.6561685369848465,0.599688025650262,0.9864938574010991,0.21535077061532598,0.21545865183512045,0.6596680731604646,0.6451167578750127,0.8182970505554954,0.8143517863348548,0.4727554538917428,0.7998806377081418,0.8143961066840655,0.12766433237489977,0.5018791810759309,0.24335379622734293,0.6532944134064002,0.8506108253151146,0.6655232447852748,0.13963484600036075,0.7277918915292917,0.7451776660474676,0.8244223743750987,0.8163533736922451,0.7263757870634856,0.6594855756569543,0.3911368395388055,0.2032614933409525,0.20211433487579283,0.4985976999665918,0.22228288768859777,0.3749527718325402,0.7658721416957179,0.7493645522464787,0.8829794737041868,0.8703425037680155,0.8080250380377983,0.7293368436440024,0.7770588983383345,0.7487468916700603,0.8015260311802904,0.7787965014819538,0.7811137757905393,0.8812996966911634,0.02799850879376123,0.025885958358430862,0.5287252310935601,0.7915424363579957,0.7771247662448088,0.8828999819279634,0.11096683706225921,0.7677323833009339,0.470435214752153,0.7990997849081422,0.7576544391772918,0.412811925220283,0.6800875212637926,0.22267697722821236,0.2622401960767265,0.45577009253202183,0.6393768536505573,0.011928366762930988,0.12783505726472347,0.4999328191585363,0.8326148724821744,0.5883515967297466,0.7207625797468935,0.8015867402475397,0.6913824631756077,0.5078472300768682,0.11758812759460649,0.13692237970676097,0.36706224753559935,0.621017800635942,0.7318555658711954,0.7945085832520011,0.6385998744805707,0.8004701483354972,0.352717713404985,0.9614592234522247,0.12065465506573171,0.8351294678372042,0.7149346279485921,0.2891655372661959,0.7799987486007584,0.4670817311686791,0.8241744595581108,0.664711678945352,0.6663745878889461,0.5417475108348431,0.23740411761759359,0.48074005049450647,0.818120825489062,0.3608836432080007,0.7153312464910352,0.6159750230935116,0.5684530071962521,0.5590552889593313,0.6000118923881899,0.5803724530266198,0.7038619134075126,0.7100957958886396,0.1380234102369834,0.5983881671604202,0.8266378807246652,0.5815997923136574,0.6411353872043298,0.6313575127695624,0.6647597276549435,0.6754092761892762,0.6084060571460903,0.6036914828445346,0.7606784625766809,0.74373750701209,0.7842796461264685,0.28693040349737686,0.7019763170888815,0.45670109023329064,0.4171196054077872,0.6525626109496062,0.6690144626405086,0.9397638855547752,0.6916402310157095,0.6974009859214716,0.597863229340106,0.5172599063120316,0.8327664752753353,0.5970762262925364,0.6109808223019847,0.5723828266200575,0.5877167457121332,0.5596546495529793,0.70299969959419,0.5952604123901796,0.554938099357398,0.5440457982714071,0.6205370144304587,0.6373700403417782,0.46702142574852584,0.7018432268221904,0.7644777325393417,0.7642810008514327,0.7541949330721098,0.7475793362619918,0.7744535257200891,0.6358752782564747,0.7815997175103203,0.7979615618466495,0.8212023287061497,0.7797075869937009,0.7549998731869265,0.770436250470329,0.3885186980567577,0.5438014724422999,0.8038716978366824,0.8253483654229667,0.7329180773277139,0.6965661357722079,0.419388711588915,0.7956591527026622,0.2427425626208093,0.8151698748592001,0.6825438164409712,0.5082292766418267,0.766609153354256,0.8729720031253732,0.7309849573388778,0.8797324663845082,0.6170059565512243,0.3582031503855288,0.7363391018590902,0.8057313786883461,0.5330242508552385,0.35289286978230017,0.8168872480288379,0.6845967535404068,0.7749818030358713,0.8016719777779779
95,0.45871804379595554,0.17540555871677002,0.6687488231459904,0.6469533761735491,0.28559860676793847,0.5734935654169031,0.711369945489992,0.23235235673053867,0.7290906420318646,0.18531013134414115,0.48309945120026215,0.28339491872131195,0.7047099330073188,0.5491052019494765,0.06493582308004157,0.7660664960863058,0.5427248954503313,0.717590323928715,0.27656348295495214,0.29777616465812085,0.5642720919302266,0.42489766791161127,0.18122136453343737,0.6066596888686859,0.41386973269445815,0.48252493563028714,0.2990553010066918,0.5977598709520311,0.5775099960330285,0.6990175182328874,0.22491269731443747,0.7052920593630063,0.5923469168427078,0.1933606559961295,0.3081801587674816,0.6647370755073609,0.3074662470040642,0.13312651359909947,0.36092714117088504,0.33926663868852563,0.4240078166838443,0.20394931317800535,0.29476828980652586,0.17237981341107086,0.7051671118076185,0.8345101894349961,0.6831295162831145,0.6291304478069416,0.8187070390972403,0.6744928001258711,0.6426591903143666,0.17156367081101262,0.2500393981223156,0.654363299898566,0.07600288576540691,0.7216875957230043,0.4958901284195061,0.5415528226378686,0.22683076459742513,0.46113336810880134,0.8417006710428465,0.11188052717856642,0.9393910728733987,0.36755314031061365,0.2093301290710258,0.1785198860551406,0.2115665428997562,0.8230785310862535,0.26320493464838407,0.8676976603086052,0.8339743720821212,0.13866323385008522,0.3453332544664405,0.26577199096167864,0.35045934733511647,0.6069568094801344,0.4047688699749468,0.2514517234029775,0.46971157743279357,0.44143288073989384,0.7973616172846716,0.22268950621408196,0.20319371429911415,0.1652494460830199,0.21929350725820337,0.17453360509072988,0.35920053191021617,0.4906320582408147,0.7578624937165546,0.4122067413219456,0.7452756760720711,0.09552062222028916,0.7292334417896891,0.5625706615711923,0.054122508699213964,0.7664025876719281,0.24822961719301648,0.5790433843273949,0.34584573429858606,0.5111117568810899,0.19935407772485997,0.4324612100671615,0.874261387873099,0.6593339966859733,0.5398051388733818,0.5465144276609498,0.4506062324699516,0.3741111478673131,0.5001264960156173,0.5250624189882257,0.903507588882528,0.6852584853141626,0.3343687708903152,0.3691312233480348,0.605161781988084,0.6477449398019571,0.6144803735740552,0.3720897254703173,0.4503214385308581,0.2189736115697124,0.14215100536215355,0.5602014331083112,0.6036124582606389,0.4548994669486592,0.18379840148355464,0.3822102362792536,0.6105513743706363,0.3362469915862947,0.6108349974030752,0.10975237827794047,0.5616654561998845,0.4150795031742735,0.2299372527984364,0.07268553035390624,0.4374213777401858,0.6199635927237106,0.07580376065691934,0.5985979584618979,0.30367169565598023,0.7526724077138957,0.4613551312851264,0.9484846151928509,0.8711147152498383,0.6482843711315275,0.4892086447435327,0.5784999130405801,0.16091026008917408,0.5775162012258973,0.4602123339842005,0.5838094274765443,0.2595745233585613,0.5703472436599567,0.774896738304285,0.7601256461744759,0.44193764095590365,0.7557018899902582,0.7878844648949679,0.16195412156377292,0.5895995093616287,0.5168194669907478,0.5415450155295757,0.21122434756297187,0.511170128166389,0.7090364312487828,0.36454091556828755,0.43634860513376633,0.816750349424742,0.3539822000240964,0.7748641215185225,0.28535305586830745,0.30961288988272645,0.562751462055764,0.26670953958481636,0.794093914207267,0.3924062835385203,0.20360917362352807,0.5171571225590511,0.6746564569710923,0.6172005715564737,0.5424454784266846,0.7127561828789609,0.7449931292207767,0.7274927842054156,0.6656350610879798,0.2659845329841904,0.38440078022463453,0.29930776692546607,0.40608536428602304,0.3407942528447537,0.6221337577669839,0.7447681597870666,0.17989951994121392,0.6064028649789994,0.1625753984835183,0.34164151057912706,0.5644546951611652,0.43375114993595326,0.47518011316211334,0.9097800448653042,0.18846871691339104,0.3598736839677763,0.2687992927031712,0.3529963645186392,0.0,0.6797284210954976,0.5220818733581779,0.012623440151498288,0.4546084368574502,0.913706964083176,0.3722564421787091,0.6612648010070467,0.4227507921861133,0.6752053331080795,0.5467860065968175,0.13314317796723688,0.2828583058624098,0.30296714068530517,0.3881850994447289,0.4312447374211427,0.5557684222316825,0.42968442058596273,0.4008409824789581,0.5594137662029056,0.7176780305707595,0.2735063484993188,0.6916972625880118,0.7390773535024152,0.6806011419994137,0.7147533775948411,0.7378210291626194,0.3019848913210444,0.7090118230127466,0.052622182933059355,0.6848782912344519,0.33752591266055026,0.7851612217955186,0.2816049823175237,0.12026351355695533,0.68461064740528,0.4496404199784201,0.7130893008545572,0.7317618282030355,0.6999111694624329,0.708040861643546,0.09924816403857399,0.23215042406609906,0.28489695010100013,0.19723430970218092,0.257922574115951,0.7295751537967056,0.36106924216262515,0.1382499216031317,0.6381512455301105,0.6934488336185013,0.5095042810889227,0.3776833518210408,0.3497878876752663,0.38312628235101565,0.38279140479073537,0.33512764979731247,0.2870829821904398,0.3196911153413512,0.3158226068446735,0.12819444259992982,0.2961765410295001,0.7518879107585645,0.394136025183209,0.06967713292920655,0.43661515649124033,0.4288022196722037,0.5339984296487001,0.22791358058435884,0.2605363777427789,0.2545172639679146,0.4431696456315914,0.6118809499616054,0.7036100132081774,0.6208497541901391,0.6462571813104536,0.3083893038109255,0.4946238920872962,0.27879021932024356,0.02760239472260559,0.5503988872367245,0.6055205992966542,0.6127603892891617,0.28269097751407074,0.15994667615076613,0.6516060813572556,0.3341734796451092,0.9384497581187672,0.6430863402316974,0.9187467308623313,0.4665649961082825,0.18115689884348865,0.7153704917761934,0.7199783901530734,0.5174068656407315,0.8798553687325751,0.5695365535591735,0.6552840574678481,0.32880251537134236,0.7040987615519593,0.32024704465815407,0.550404082431121,0.2562597797489695,0.10648440587941006,0.09722600825795201,0.5271615796692805,0.745223420739552,0.4182035903109186,0.38202438069247757,0.7402077989239252,0.14072133701987785,0.8247226649181969,0.3912449058239542,0.390849592063628,0.38321789338265083,0.720036122143462,0.7729252156679908,0.7218047890647538,0.7069420296505163,0.686222152768575,0.6675986693016518,0.47276339084498403,0.7343357195491896,0.31452782436077703,0.28001523878290646,0.5571714005180091,0.33386121438470046,0.6734358790512955,0.716233566216024,0.3128486851019888,0.7448792379499328,0.7068033506063898,0.10770056028622722,0.7231362561011808,0.1013726370166007,0.7278099564073021,0.5858257998981942,0.4076991805876778,0.3613012689399103,0.5980314168396389,0.3394543776320055,0.585291520264933,0.5258259166344449,0.0782816467559511,0.13867935029271866,0.49782503857540594,0.5080888671854709,0.33946760336271786,0.4401374653155967,0.2559916922310302,0.7279433931787707,0.927600025051716,0.8959471357129186,0.48125573156291324,0.8605496428267378,0.4318000025898916,0.3990922229262174,0.09131240293059073,0.41247618769922284,0.08007339242674327,0.4610055443344446,0.1197293255421556,0.3169791636384881,0.6729736569844165,0.6708594423863562,0.5322368725991292,0.5124110484299745,0.18081470694561222,0.1356656125498863,0.44887507561330814,0.735117620693881,0.5084141165316601,0.7462255507113444,0.5241514502191252,0.3173492768994557,0.7210247849736835,0.6747446399061764,0.5460104653908311,0.3706129693275066,0.47258894412446106,0.12127973528321544,0.16987415323107408,0.7008678810050922,0.6894773704699357,0.7309068278193944,0.7268244149872576,0.41617071020023166,0.7085882369480724,0.7029427669985935,0.14050789016068996,0.8576806742726816,0.4567033161874102,0.715584693071806,0.7944915851544169,0.6326883359611246,0.13469626706737622,0.9198168969878131,0.9248271593013774,0.7757351213807658,0.7389166054519372,0.707850857193933,0.7274624342904076,0.569138317691931,0.1287002878843705,0.36524336985400074,0.39176285077094897,0.16229176490482725,0.5031576589298415,0.7947606042143449,0.7829298301889543,0.8024753698658266,0.7749081350565846,0.7078993010863415,0.5535845838707066,0.9522908922085621,0.7996352587912514,0.7227217614833038,0.9395986552683316,0.8291028392040664,0.8374218615774508,0.15371192377578316,0.14729529632478053,0.5955699648886991,0.9600603315511052,0.9766639113230146,0.8685674665951861,0.10991843561239781,0.6979310154286213,0.8590694391815024,0.9683054221322246,0.666773508837574,0.42600825521114444,0.6869708433178633,0.23112082498795505,0.1452233080503721,0.5824912021613555,0.5106503299305192,0.13764958300031954,0.20898716794496944,0.42837871094044944,0.8320361940764643,0.588917542832201,0.5427232996007805,0.7265931147885825,0.5446957896060971,0.5080266212488389,0.26167745073278625,0.12328684118268976,0.3759026852227357,0.6069597466623767,0.8398503669387922,0.5982694060615451,0.5495725642964693,0.7327794861892529,0.34563999727674166,0.7511300628935124,0.0,0.38545284344960756,0.8276034996293998,0.28349336226293026,0.6405590500699235,0.8061581402499354,0.8557112607975723,0.4508710676463215,0.45340471131543003,0.6108658379905038,0.41232726188536617,0.7630788010100297,0.7495713448592982,0.3880656966010202,0.4500057480961765,0.2110816055731357,0.5568955581895318,0.5470520151647091,0.6235250322293213,0.6083645495063095,0.31043805857682005,0.3040032593348709,0.1603553174292168,0.5163042469670587,0.700205603106582,0.48467911453369195,0.6196532953357933,0.6382331753075206,0.5980817395804133,0.5667821321308572,0.5439296726630958,0.526425093534939,0.39847395557364457,0.3573005153838131,0.4612068856672194,0.525697214110477,0.6349240458077189,0.5088823379806727,0.29417792476420546,0.7559976708254688,0.4307114576304514,0.7476242579541954,0.5586953924663978,0.6695977538227663,0.6744973223289573,0.6598129591482869,0.7499639832480302,0.5296660801588038,0.5216851166169948,0.7479566246777899,0.4926340912758734,0.7401538124268318,0.5026012935935794,0.7764460079808015,0.7401852967301578,0.7312078975787807,0.7180670407651736,0.71864935853807,0.466572059249107,0.6736420615087982,0.7705756494345042,0.7675472009772041,0.7729595846955375,0.7355992564761218,0.6904027378622465,0.8964971308439279,0.7300661462261838,0.9211333529936242,0.883331642655317,0.8103421732795152,0.6720577309616161,0.6858449504730063,1.0,0.7034020110243374,0.7581432823613677,0.8750054856587323,0.6461710994797241,0.5635184650294041,0.7266748222734793,0.7493566793239275,0.6486264506132464,0.7342937306338168,0.725201128069632,0.5696801302102321,0.5979939199509423,0.3957095083371693,0.7134919708268729,0.8190563867136091,0.8402502943738829,0.644704450899928,0.7642950245253122,0.7465496531954495,0.6352832407812908,0.7649489574350122,0.7403322732529397,0.5736138481832209,0.7019739002189945,0.6973646511138063
96,0.3493498858646138,0.14196709423757828,0.48572462496246593,0.45383120572161734,0.49351285359489444,0.7118403885139222,0.5641085956997031,0.17424490206797016,0.18637491106913615,0.133534543007892,0.3262521518455382,0.2803991899334093,0.7633068363363005,0.2834149223022679,0.09675191325213758,0.5938403614253165,0.602165238131054,0.5425104875532882,0.20208676555825922,0.26816286273387335,0.4516891668179981,0.3578772720690405,0.35744634951460613,0.6550480533805364,0.5084365179861481,0.393806435219916,0.23902015184317288,0.7193981063318506,0.7144129427197521,0.4540803138370273,0.16750239066130915,0.6269186552639334,0.42388925593804555,0.15526564283557126,0.8099145169240102,0.6136141526226194,0.39445483470818654,0.2814168877370919,0.3721562368240601,0.377485373156791,0.3215463137033852,0.21551042413439708,0.12020726783539817,0.0903501039637855,0.5432995822305948,0.3694836446320127,0.5065511483464634,0.5238451456867391,0.36679355736835134,0.7617308769697736,0.4541030488879333,0.19316776479573297,0.4112499560113511,0.6251604547546945,0.08291003350371284,0.6756153533884474,0.41251492388908545,0.3844912584645909,0.16447845497898297,0.35644855883131144,0.3263495180652738,0.03848040056788613,0.05305524093944465,0.3324637820124772,0.09062708404065552,0.19551132819997943,0.3422214610472664,0.5106289748030025,0.503853348936109,0.41771819206198696,0.8038982057071563,0.3971548984091501,0.45296926614352256,0.1778773573798049,0.3306866195733149,0.46253859119731305,0.3653618789866565,0.3778399411370209,0.28137339930417704,0.3313592925340315,0.7558292575971138,0.09660809979904239,0.2744953788414717,0.5626250594875251,0.15962417509727606,0.6707172215239421,0.5584504379309783,0.5380358249777604,0.5729621340498752,0.3998292151465038,0.573378438605602,0.033461030328501166,0.31589603711619857,0.1286106651069904,0.2981409659764446,0.5467720638923218,0.4496252989231553,0.2965576304613495,0.3639039636792045,0.20068234146906933,0.7856264418291665,0.46512883005617767,0.21749210404726324,0.3131967475691642,0.46266836802874917,0.48141649334652986,0.16657982821269285,0.1829602864776058,0.4428748402638121,0.11491642610537504,0.571165914675024,0.6215366902730615,0.46889631338426874,0.2345073782315706,0.5577446827671763,0.403024891859261,0.5780378585555025,0.27689012766453847,0.21516545877651902,0.3532941056255125,0.15404418655372537,0.4771754521386235,0.8077622857671579,0.3562317886339979,0.578185212841181,0.2815161358397621,0.4043681078209834,0.30836727814278697,0.4627712179982922,0.39595669556835333,0.718880650106605,0.4211758264603573,0.3762302398766184,0.12294420021138502,0.26916061034558514,0.47477972586095163,0.05671247121229371,0.19945705031926442,0.22502905345524468,0.7591523737398163,0.05009488501283448,0.950932375413721,0.8670419416773867,0.6153825356951185,0.4246869306658969,0.5340302029913225,0.4745312512978502,0.47376427064732446,0.5309778988447384,0.5322251786949678,0.21598890604427773,0.38016025685813026,0.21478369462671373,0.22031820257970672,0.17837714733254517,0.22052514664894443,0.21274187185280202,0.17420154923498493,0.669657353337103,0.4216045574543784,0.45229303102601487,0.18024897592282335,0.3771342438802296,0.7738553559619324,0.34269132876284025,0.37988736089644776,0.6758769335722703,0.2846889743596899,0.7442983206503452,0.3636629213069826,0.19806987352760438,0.5730189091005068,0.3265110386997526,0.6666028469334231,0.08242124664401701,0.30547052531801133,0.3708424437534132,0.6506692122274718,0.5965534073725689,0.1795979380666353,0.1675674774365258,0.5606455381357487,0.5514418697085687,0.5358177204890405,0.4404889212320181,0.2231800330699843,0.38771084452060445,0.28070003760868006,0.4196646180779873,0.5309552963416728,0.7611379718617288,0.37144148987041475,0.6233318545832021,0.26673184305288045,0.38341421479452925,0.41557608241343547,0.6133717645228696,0.4768045651854887,0.7881527099115223,0.2701493694169058,0.41410510453319266,0.5612229492135669,0.41228518223100724,0.3630782343862148,0.24046127584974272,0.4433872767581977,0.00038095168290384185,0.3765447431945496,0.918240632426122,0.2291318706831291,0.4654308750169334,0.2986116946732879,0.5979411121499097,0.3396780417123521,0.2763733603642878,0.339320448009607,0.275307057010897,0.2790287114666099,0.41242702806220494,0.5291516116667305,0.402835729577693,0.44023952487838747,0.7160625417298114,0.5534141173945352,0.16599904245065653,0.6123751612768106,0.2735280305942693,0.6288995794333724,0.4560370939736749,0.3629225735955407,0.24921549544621083,0.23052076249868464,0.0,0.5413066490740822,0.3058809622756563,0.6907899945548647,0.2867851530272726,0.11288624644730069,0.7271261460131909,0.10535067831688345,0.5407245484203231,0.6432238740412987,0.5420152991154774,0.5216238770036559,0.6478970557128654,0.015621602211717805,0.28226350678531315,0.23677803502202735,0.17697165296654999,0.5017225625258986,0.3505554517527567,0.13486413834868424,0.47902338620509705,0.7166906284711101,0.36908976546511585,0.1363410583974756,0.3324554008787631,0.22486167114759514,0.4220145446089347,0.2262565765559529,0.15559618568711703,0.2974244412218576,0.29620507032864024,0.11552002432454565,0.3299757182038283,0.7178644341600731,0.48342470379361385,0.31876664011265343,0.44710709209671523,0.6157826574682593,0.6398845771791993,0.027381026360196136,0.289061395048769,0.2866521416097468,0.2589968509626479,0.56335497731101,0.5742584405065011,0.440414654177118,0.7288021209005574,0.24268338508194032,0.45457895539360627,0.22421222326846907,0.36288087327904917,0.4418136628789781,0.7821492493777611,0.0,0.7559227741242391,0.154296594630343,0.529371330249019,0.6869851637004498,0.7223196762434191,0.5199838237858802,0.8652542246789239,0.46734748414452415,0.2888371991738316,0.5560896466722113,0.54546202919362,0.38858677665791397,0.8250202127697096,0.47320982010916096,0.6858296177407687,0.2105292265707741,0.6309535422176441,0.2953729294198504,0.2724866805312419,0.07978772155269641,0.1747832645461682,0.30030651959846183,0.5234777772957055,0.8421709938714869,0.4501784591919962,0.2373006588174444,0.6059177335755929,0.21769970773592956,0.7708997543854825,0.18981575572791742,0.1852400635594456,0.3328076151733822,0.6532192387756149,0.6269665275994536,0.6642687044174655,0.6284433109829627,0.6347646013719791,0.6829742000866568,0.3364240366610769,0.6346843063945229,0.23187890133661737,0.2088665878301526,0.3315675324477618,0.12015583832200143,0.4860318691512468,0.5444793144417837,0.6801667133543683,0.5576079199456941,0.6603930676476281,0.3097650741968158,0.6639938899355705,0.26825888734328185,0.6523347330671275,0.685254419914437,0.4759531062983113,0.4635985756259714,0.5946835059442812,0.5551238007594723,0.6191246881726685,0.4400566894222023,0.24484515316909328,0.10276821270010349,0.5886402660697619,0.6183117333409625,0.17912307912515246,0.5245856591227216,0.2522061932554076,0.5059812062918132,0.920308558307455,0.9124161847111042,0.40298409211909697,0.8912603127298485,0.33215813303847674,0.5069972860559868,0.1620836861356051,0.5615981004852526,0.05458006656060402,0.5588616687574719,0.06548546671854381,0.5190438396845969,0.6440057704855776,0.6652317158921845,0.5107690851916376,0.6997225917269264,0.2850584140072671,0.22157042938035595,0.30148392890039233,0.695963845465026,0.5395423583853232,0.712804901622894,0.7242915181231726,0.25901538331753593,0.5702607532909509,0.4989348360560456,0.6532292132568736,0.5407003016242967,0.42225462585221174,0.11969523407395316,0.17172614579289808,0.3850774119531014,0.3663636687375948,0.39019958262020743,0.4180358026830156,0.48480245337561134,0.36812278249127567,0.40252554456976747,0.19423900367753663,0.9118309459450026,0.4749621932888596,0.8276005185976413,0.6709356280882806,0.43428459597654795,0.09872882717772256,0.5053600549971802,0.5194283058007126,0.5600734089685527,0.5255327973913821,0.221888993136273,0.15527784404920175,0.055941119125243494,0.1671182854788726,0.2964594426263346,0.4379548093763083,0.10865304776644702,0.20737419629774007,0.5100664335854413,0.5067803557477258,0.5360857084835092,0.5400358553714489,0.46247436753441,0.2752046734419696,0.6081523229259735,0.45776371707542457,0.5613964003743492,0.6027986712978415,0.5418023532175926,0.5127102189884536,0.2199059471479801,0.20956457865298708,0.2076818191058559,0.5946254402246735,0.6180122063055352,0.692492860826721,0.10217811072687903,0.4477146526114435,0.4707571306908002,0.5263911884181587,0.33965988955168186,0.3167118017029303,0.426275823407116,0.179097160362566,0.20037351868617725,0.32592910169778266,0.3521352387212731,0.22130458239474746,0.20713961238208645,0.4696838517630367,0.7158196385044268,0.8755066029891589,0.7757208934694896,0.5639237159320338,0.3196670734631344,0.5298223575008734,0.3722245105293394,0.10030359421347333,0.3149858760967085,0.5693024911287098,0.635091301991908,0.47342944248127555,0.4880407248003075,0.5828359853610806,0.3958274711640613,0.7695468794144176,0.19175782757085647,0.6831249841636717,0.5647308470058428,0.2202165497742402,0.5338365147778489,0.43460937185188786,0.6569122416473056,0.007273023898054481,0.00871903013631542,0.19641201124719587,0.35010415878704787,0.24319267052870117,0.569330840319216,0.15121219453027732,0.3068554704433441,0.16936088798057294,0.3035721336948942,0.2860042836393862,0.49965458819830477,0.4995353215411501,0.42153766439086754,0.49665614966083566,0.04994166806340583,0.2505093343599527,0.5392487553237021,0.24043478008516495,0.3482836942816177,0.3759100378437976,0.4264360877538188,0.42827190627752776,0.5103597103039371,0.4868709947935321,0.6295354299135891,0.6146339181248252,0.6872338876398884,0.502864902215274,0.46406723101549113,0.2660582584043761,0.35805794301225125,0.8234395241941649,0.7939647668507875,0.6109362546774758,0.6658274965895228,0.39029423396434026,0.6917154794267216,0.7712785015521036,0.5849155315368105,0.36529552128071974,0.4305216225958526,0.6195045815915666,0.46725349879583844,0.6245759943312005,0.5842775925477509,0.6457224299315878,0.6268913345231847,0.5981898137601972,0.7536808731616597,0.7741144394579673,0.2676105770962649,0.6284148157666347,0.8124490067481978,0.8042030278290756,0.8060683987694277,0.8405401853886755,0.7725342482252671,0.6735585434062631,0.54525397364517,0.8479807469472254,0.8501281294940732,0.8053513624341785,0.4443829279507506,0.5297149987018837,0.3035912701147835,0.20672269311057248,0.5970133735990977,0.523230836988863,0.5405264819008498,0.5752074870275381,0.4276139888000446,0.574944417394013,0.48774073742109153,0.5259614132834511,0.4378105862897866,0.3631522968254293,0.4670497326529565,0.501471042637041,0.38409799932764643,0.5057634720956058,0.4732484801884542,0.6174673060907262,0.3789369137307868,0.564594922946963,0.4477569221293689,0.4559467879160697,0.5769671319315011,0.30667684866102257,0.5256043822265981,0.5282716241182718
97,0.3700651349304233,0.4597532128216612,0.7345351993249197,0.7261112986984224,0.5021439111255208,0.7606189190156074,0.8246060634363165,0.3306204480091574,0.3958280696937827,0.4361706069355206,0.6498761828966535,0.4791122497332569,0.660268260398812,0.6640849091801351,0.09559393522524882,0.8147157216085941,0.4740175827660841,0.7694871127365916,0.2121240128961004,0.519816168022074,0.6566905519153513,0.32682696620514007,0.3052248364670079,0.39550592566297105,0.5289351907431395,0.5589411602670402,0.5088940015223974,0.7865965204448468,0.7678185158556259,0.7783974709322536,0.20854488148642822,0.4725466952679104,0.7164617505674924,0.13534589428978497,0.6571246824103789,0.4614342060904149,0.37390712329268516,0.31729700417004064,0.3277790738052175,0.3168975475636723,0.38638674845304366,0.4197542027501108,0.766791695835366,0.7395756158059953,0.7932430233851762,0.6275518597854637,0.7786595787584222,0.4135096945752958,0.6390827729611522,0.7201121175599282,0.7494977782448927,0.43487530254202966,0.650252942643377,0.49127543610527713,0.4481047499072156,0.45319292735528466,0.4289549502409916,0.39024511301108405,0.2357463953564405,0.38625800693673423,0.31425162460875417,0.10280389205162847,0.4746485367901876,0.29987701401333133,0.22327736298916262,0.13711525770012054,0.5756992942061415,0.09702144971288083,0.902240685902982,0.41901963135578835,0.4515373639488134,0.8077694506420235,0.3515381393763528,0.12777165386629144,0.7764645047328633,0.709470640177873,0.3085402567308538,0.31236097106501404,0.5556049934575861,0.3316840359917088,0.6477950427248208,0.5020227508632582,0.46136387722620814,0.31878317925556066,0.3415168515685955,0.6631386704128568,0.5882908264403155,0.5799039743933767,0.8118112550904122,0.7695399832344034,0.7862266824821367,0.033955213027117986,0.11498880310951592,0.6207106438901738,0.7909055884668988,0.39349915059300333,0.652957905760537,0.3366222340082079,0.315548088815193,0.21383790852234172,0.6237103363445241,0.6619850034136447,0.28761337653602476,0.24988255764463813,0.4724770907585062,0.39815338053401955,0.7381925193352471,0.42072220685287237,0.42554594877977103,0.6069294040903938,0.6268845515817081,0.6982437044311447,0.46049746616813836,0.4431893631004249,0.5543448033882196,0.5407982005457126,0.5802556102824749,0.7624541396522355,0.8173726599735927,0.15804655164678613,0.17726960092286195,0.5539969148076129,0.7617733870909814,0.33443739402268896,0.4825441217585366,0.22343041071867717,0.8623931491704423,0.40164540093797396,0.5204759425842691,0.8447862702258602,0.41932876442366046,0.6773635856231377,0.7766443460868792,0.7326914180469365,0.39349435198584337,0.7568411405280101,0.08277002856395238,0.4419324137209995,0.21819258664635388,0.8265629812569476,0.2601440218042069,0.964644967199742,0.9016250889929779,0.6001644230617584,0.4463775880693223,0.4414532301468826,0.577135911120346,0.4622035222439631,0.7304077338118293,0.5228401101020836,0.49964887794144386,0.45299085416373225,0.4120302472449146,0.41743848629462266,0.8197878935156502,0.40131658047496543,0.3741296154195083,0.2647656508039267,0.6521819477658644,0.7694934412011301,0.4588303183206408,0.3992485073603393,0.3868707239466096,0.8355619506011397,0.42420782622781816,0.6482346002647186,0.8832033768037323,0.5554462754673299,0.7223807990525656,0.5443810864535478,0.0078066363450228545,0.5770173703510104,0.5018234511934129,0.6873705034498394,0.3923331718965379,0.33075774243868344,0.4965204337758144,0.6427097548414983,0.5983739232308044,0.3179451564365617,0.3258392875229797,0.8046832271500333,0.7920452690011999,0.7762187603843324,0.2526082083099798,0.24430627243534683,0.2964759253552443,0.3422703509316337,0.354563071836328,0.704601787927759,0.8383972662078565,0.38894262319351797,0.32718256571637244,0.17396754792386,0.3118962053121052,0.0,0.6329825265004416,0.5563642951532546,0.6928708941709127,0.17201485630851515,0.5242057288202819,0.6419586434443824,0.5096482583201145,0.4689010234586105,0.21791586832378726,0.4794220533435658,0.3171598057011913,0.41654232265604313,0.8983341930628519,0.4203138280235394,0.7196249111129074,0.4738033181349159,0.5827556630312559,0.8451338125045488,0.3168459851195677,0.357219583685361,0.43065550265088387,0.2998788448736547,0.17907434286725316,0.5330595065630326,0.4907188002454553,0.2561484477610548,0.49418665989565064,0.5447886751341859,0.41881981596777695,0.47192732107647956,0.4773942332036293,0.4503994900511193,0.7685568571962971,0.3537558419531377,0.3236336304852362,0.1561505582265034,0.270423102992196,0.497248415540259,0.1894794463132051,0.8143124097071593,0.1708279849583947,0.22533355277502548,0.7528286701334883,0.3361410064134169,0.7722348604300412,0.48334324146069324,0.7599311853916322,0.4186618075564558,0.2541286770560781,0.26752728962874356,0.37381087396936086,0.22557606161456753,0.28539774075315155,0.7785183924112157,0.3106611807067148,0.1929803156895244,0.6787021248671149,0.714100742576815,0.11604527141076657,0.22508443473695572,0.2866696315029157,0.4276282577895413,0.3500464316494715,0.37204268651236677,0.2519558876097638,0.48409678321813676,0.4621001305319247,0.1580128201905446,0.4611985843203383,0.7626331271575869,0.44867935356161454,0.2940404742528916,0.4905553852696143,0.38780843622827965,0.5745161098466699,0.511028528284623,0.4322454362505519,0.11126809823844658,0.23982542138866006,0.5991320214667779,0.6360547851265923,0.7960973364101377,0.8133990441879606,0.36272173988993606,0.6080480147743331,0.5725061516957737,0.46902479982774736,0.4219704590762925,0.7494916780593087,0.36313670796781206,0.45956526212024107,0.3254899459875431,0.7101000712213451,0.5947326091284126,0.5196641406471372,0.6891132324725223,0.7787674082969767,0.43993919279464827,0.07964698931210779,0.7793219457402233,0.7927365455364609,0.3277728201262073,0.8981476347158822,0.6880421263281509,0.4620776501228832,0.7587401859606959,0.7621534264288925,0.31930270742504424,0.3345845786505369,0.10625676062018273,0.29572691941355234,0.266686564723129,0.5049539754979804,0.9160452693246158,0.4794760353000495,0.43652171912716475,0.4019119156105589,0.23120869408093903,0.4784123750817565,0.44387830406734496,0.4380588452387523,0.410641112334155,0.49471368218767187,0.6576934343571911,0.5022667237964886,0.7996113366263787,0.45350034295303443,0.5581020194861673,0.5695410079492241,0.7678513138759638,0.5561397678006793,0.5211617622255318,0.5608951653315778,0.44147307024891963,0.6851199930030301,0.7718376159246821,0.6511867228782325,0.8164487235017002,0.5106405934691935,0.23981759225237584,0.515921657074062,0.2813726925120139,0.5487366192969924,0.5233775452965713,0.3398915140263914,0.5197387037020426,0.30219420349985776,0.2820600224502281,0.6150892141663671,0.45432021544052187,0.3756439860091827,0.24200633465229276,0.48883874411731165,0.5089868727257383,0.1682220696025459,0.4752727203450116,0.24822983279541888,0.6027449933664255,0.8027561768957211,0.8020348138364446,0.5463972616900112,0.8075777385786013,0.49753967353651496,0.5138370949157381,0.2250427415981365,0.4002480409462599,0.07159464463421605,0.3980534010814744,0.06122759820107562,0.39463953529032453,0.6183296277236932,0.6285307985625046,0.8175345992187113,0.6152269446982221,0.23840384344117496,0.2812096215959937,0.4414141638930934,0.7819370615567001,0.3596610044072933,0.8679525460043002,0.6429673489770545,0.32626601317820964,0.7750947736019743,0.7645216755242034,0.714391002441629,0.6236355503206626,0.290462594226062,0.10531394444404592,0.11587938146363998,0.3533362635221605,0.34789647567292126,0.39591000722091246,0.42060715555310063,0.6354701847418222,0.37644250324658335,0.41348305012799474,0.16964460486541857,0.7903910041363472,0.42978404464626235,0.46924546113579446,0.831200199413741,0.6648574612072614,0.0665601778738133,0.19668417035536628,0.18254845741628917,0.30167485654831455,0.27293774942826676,0.1909948680082198,0.17210158282681023,0.17738726299039298,0.17616853056196694,0.19310711838864683,0.4472160280745208,0.3268897941014164,0.3974906914868937,0.4188029921855464,0.43674497001745305,0.5181118517701081,0.5158696618258545,0.4927698789229817,0.30847969233636024,0.34448519461132043,0.35627560820792104,0.7843568881436921,0.22411257002425786,0.34819342460278446,0.4789408723739651,0.19771583726904066,0.22084307710872228,0.09457765547329681,0.3164495263191902,0.3425190849589153,0.41284030798072024,0.07150455182666025,0.10484473912185903,0.5424497019471726,0.21024029434918048,0.15348129194437196,0.6407969693035279,0.33370186117013195,0.1994018385555114,0.12764764373383936,0.4684616980152774,0.2039117817371992,0.21471629901790582,0.14679313288620652,0.47336742554858907,0.7339586086296801,0.5891595497166038,0.8818809011893969,0.7749641203869916,0.23187637829039007,0.5229011143589504,0.40205838074910344,0.10545718044189992,0.3203357054825906,0.8625948370881668,0.579588411592453,0.8582673698048728,0.6843832036945553,0.7899178740614926,0.20818507502277006,0.6527406712569334,0.13375173922296923,0.4426738860030794,0.8128963629938588,0.2809601402521686,0.7768338376588646,0.6167860443832968,0.6216686398299295,0.7540621778369364,0.7181279794336063,0.7986082987489365,0.7349255718655782,1.0,0.7869801242389217,0.7758905786679968,0.23794457160619764,0.16028899977733507,0.10615367754866357,0.10144009053075162,0.45967958194610925,0.4477165775050032,0.72139829841075,0.7665633028766158,0.11448733448964721,0.1605032408370244,0.7666795716354426,0.2010992415043361,0.547291633613129,0.5918135889404383,0.5428887797469205,0.5091454999750142,0.6345930374259139,0.6459880426171178,0.8711594909144872,0.8547752150196636,0.9035146228248994,0.6708155390029712,0.5917271959271205,0.12475059449268655,0.7115389772043197,0.471880466484452,0.6184250121801561,0.8612147133116408,0.7527858078089472,0.6328405577528529,0.2179769763897688,0.35677357121939585,0.8015142393973842,0.37058995705708764,0.3978192942941811,0.48916245683067894,0.19989739094209483,0.49077606538850316,0.3728830734584681,0.5237215018316339,0.48555740941373143,0.44298279601699747,0.5601755695504306,0.5881815414973585,0.23076757321363744,0.5646116156790127,0.67000366012516,0.6637288825745685,0.6451294502065943,0.6873948204209478,0.683078880644072,0.5330286251614762,0.7677272726169533,0.727839211052872,0.6960419744770868,0.7835832794999631,0.7481938929003435,0.7643436387794862,0.24707242437291138,0.5360681575803852,0.8122488000798656,0.43420021421057875,0.5471375430207993,0.22139451344767186,0.42510508072545006,0.8295406397771058,0.49456682403324964,0.813577317222959,0.44965087793174713,0.19778237771745852,0.49181906747793064,0.0,0.2909619293640018,0.47385714522032746,0.6889035930067299,0.38153968429254104,0.3124812426849909,0.7324588614101853,0.0,0.48172825927328095,0.8256427145128639,0.5701860071245066,0.7035651090985994,0.7692964268830218
98,0.46971739781524924,0.34912021443907953,0.9344957796800193,0.8645635156563938,0.3449442460024446,0.7781748675566965,0.7687963594740811,0.35328687843585044,0.32279858616388013,0.3546665014541222,0.6226496697346656,0.5040785739425127,0.7368271605950232,0.588020168057959,0.22580727361652891,0.9659282972566818,0.3849038785838797,0.9519578021574944,0.24575219585180152,0.3424394494262566,0.8169381701029987,0.3202446261092016,0.049287694509125256,0.37090362728358106,0.5755257335604875,0.5749043378594708,0.2031345891501602,0.7896352661521805,0.7829529988683476,0.6694898681867246,0.33572606806614774,0.3626032818263504,0.5799350837472281,0.3254859677689631,0.3423731297726491,0.4122599456763543,0.26872101027426454,0.2928971821699941,0.400543575360951,0.4348182341053159,0.3778390596177985,0.3458448428499384,0.325050496011013,0.2659608307079573,0.9443379296541478,0.4614016095392477,0.7437435058878921,0.30601556335597174,0.4594836060764915,0.6505514652256154,0.7338191684970695,0.7846800510948437,0.5871485435952062,0.31675825714968514,0.7541647479474203,0.35329100269818836,0.4682669038330192,0.5426652254041363,0.07960131772751615,0.42803101823567746,0.5225927362616944,0.1904845299481415,0.3787494124916002,0.4032202820354833,0.30334487367917595,0.11076339620919233,0.8205004162422005,0.3262190974820086,0.4859909612969754,0.519888151640214,0.46210252460048007,0.3820586374689104,0.5740890100239715,0.14043635665264653,0.27888057760719276,0.5975633568351801,0.2377683266318455,0.29898856528750484,0.45006225618199,0.3359582670229286,0.5051584641165369,0.4122040292370572,0.3756563960946288,0.2644029442631735,0.32761197888678595,0.7006547337388406,0.6068445175799824,0.5036689999382752,0.9648371883208003,0.6618129051395024,0.9682705984730176,0.12085406802132245,0.23256975507219452,0.5079798743019093,0.12110263231536555,0.5148286544257933,0.6296626813316865,0.6395587230749187,0.4014388603560105,0.5775229706646605,0.21566191462758882,0.46813000545076977,0.2902935671637405,0.42016431877419835,0.508685215884393,0.5141489307586675,0.6905586479630189,0.3879370206498159,0.5140460912208453,0.4564134025855944,0.5493096359404586,0.5428074080226807,0.5711126499448435,0.39896653230285734,0.48613861055586854,0.49170846564673976,0.49676184785129096,0.2923282047348197,0.6602063124332642,0.3746115444538927,0.14529829221110774,0.5823836869440022,0.8760690580999828,0.6329385027384495,0.7333569147408172,0.5715716006295017,0.769145379745905,0.3557769850732851,0.4004833322879742,0.3866843564831305,0.6639906421371972,0.4666855270404599,0.60403198546796,0.18526904635445743,0.3774429566165541,0.7642195863566515,0.32034568043229766,0.6421577311748181,0.3468055815042673,0.7430150541606032,0.4946035465168813,0.9545773702313145,0.8964147537450089,0.5352946779972698,0.362407661203612,0.5966994262872183,0.601494813955407,0.5839995451705144,0.498270302512951,0.4096634505625209,0.29980342390617903,0.6229796760074119,0.48998952614279473,0.4877161538025298,0.7189385506983451,0.47034795187502004,0.44401346969657696,0.3498963699858453,0.5772994056850047,0.6086014753164284,0.5275653747992427,0.43811350189009596,0.4704707747411978,0.8051453323397322,0.4859545577485637,0.6752805728226678,0.6992483727353215,0.4649255876816735,0.7990947409399948,0.7590122076401743,0.4212941788676949,0.4378021020808452,0.7234914763069938,0.7599843683417243,0.630805156143081,0.19085115898845723,0.6973852317967321,0.535570486135505,0.46487753306609125,0.0,0.37757611154975884,0.9659700572810309,0.9584383411399092,0.9369084637401616,0.4354586299188277,0.4241782921194408,0.7454411366932623,0.42993021626210615,0.7365280706215774,0.4321197732854777,0.7773016856797325,0.10223090514645393,0.6357606046598401,0.10175231210187582,0.25659567204586275,0.7872163945959781,0.6554832333982533,0.7197807519895194,0.6355403719325813,0.19893836329046033,0.5512285208359493,0.5967476927096705,0.5355790886932003,0.40854879778167724,0.36206076350222133,0.5151596762336633,0.3759476683392531,0.46199172506857533,0.8540529003177505,0.41086042295406583,0.7963900268363088,0.4885143661542065,0.45458816411438463,0.770936270790766,0.5149158044828742,0.4542550653686725,0.5535948280168722,0.4770287031163993,0.3687495191789622,0.553783941991411,0.49824045940921713,0.38464438093530445,0.2800042639530382,0.5450061572951519,0.7431361067134897,0.360747999786189,0.4955056063537945,0.3576244431340574,0.9019139080571236,0.21860772435846593,0.283589866237656,0.733090366261433,0.454913551114138,0.7178369820451144,0.320780522140173,0.9541282020099113,0.3496687232015797,0.19425257669257612,0.94372163545205,0.5275459053448488,0.9591959461233825,0.3542627009845454,0.9509398166051534,0.3240089148738521,0.14197874382615278,0.3319955760778311,0.5111900939218795,0.27372394455822546,0.3421952090771671,0.8807371295535654,0.4946951633882976,0.1512959736675736,0.7489268059419885,0.6645452292728057,0.18370330459594583,0.305176805487048,0.465708343429828,0.69181021950414,0.34174844326627757,0.6591489893078035,0.46636747641487575,0.6287415822537117,0.6048741745490966,0.17902435491358462,0.5894388019526039,0.6638815258346723,0.496091917728859,0.052331943104466955,0.511300982083072,0.1443432355250797,0.5399031402822803,0.5032223991806114,0.46944233132116214,0.22586953536304052,0.16498637795955326,0.5578395268030915,0.5915767585873697,0.7881631312093585,0.7751383928188972,0.2615495709987826,0.7589328487952747,0.5860223085806111,0.45930316090970585,0.5467515204188387,0.7679329914925824,0.5687013428150052,0.425181976595114,0.5589100987443274,0.9596647890938317,0.43323276298616914,0.6558392970633337,0.8027946362208966,0.8513833500664466,0.42380268468715443,0.08931487806088825,0.957100397177242,0.920343984483087,0.39929919266475744,0.7873676195264406,0.5839733332836443,0.5199372619592677,0.8028934103358768,0.8338305093240922,0.4399886536502182,0.35268917030158187,0.06739114054481503,0.5423687304468502,0.29630106652464083,0.4889213381943005,0.6765010815055912,0.3013853212221295,0.5086689411845635,0.29680112132851577,0.09353582995061817,0.4869990385446602,0.469618423921976,0.4742175076595037,0.3626718843490603,0.39831029874858564,0.6052554690308369,0.39350918571395577,0.7262146502946123,0.36280655656446664,0.427771941514663,0.3047968057274913,0.9651866684100112,0.5162254242505893,0.46741627367172833,0.7612921053018453,0.6371379792790571,0.8432588383902825,0.9601374060241742,0.6618765061768763,0.931255641784465,0.41713440354951364,0.1254096442109748,0.42695811657820293,0.14668663831497578,0.44669269886493673,0.47592847042235475,0.39513613460698754,0.5295610169637598,0.6539140112406896,0.4757407901614977,0.7481513123692082,0.4085874586574945,0.38712930616259345,0.22279339262568643,0.5254139595856261,0.5611904365865553,0.43341004289930324,0.4464389062500403,0.22078291930842975,0.15940987374629653,0.6356545017391398,0.6459459876909027,0.496620659115813,0.6355205035606919,0.45283588195909574,0.3623125986764532,0.23748761469080387,0.5491632360841122,0.17405759582208413,0.541448719135539,0.11482389797409674,0.47499974082515245,0.5691409088337832,0.5444148250762642,0.5322954588683713,0.6242190984625551,0.14134707279325703,0.123538576775525,0.3635714367465453,0.7042557018368533,0.5504662038393461,0.8426492512063984,0.6118405052531017,0.3498537376007173,0.9532859797999923,0.8806063353991914,0.7169458508485693,0.6189623613035953,0.3209949276741709,0.1950720545209184,0.16423084242516597,0.2996310886530948,0.30415576068277256,0.4600395913657979,0.48978706080836326,0.6101828857422503,0.43848429418163276,0.4428354701954293,0.1993674439163891,0.6374393298544879,0.5691265934309525,0.3101906438501837,0.8574415945800001,0.6285307387689103,0.30318057926255604,0.38617839584298225,0.3947919514005341,0.4213462340123652,0.43389135351350255,0.36939937401711925,0.34848246175863545,0.20906643966783092,0.27035225634162097,0.41337745235548956,0.4791420650341597,0.27609610690131897,0.4590873298184379,0.43749326262187704,0.4175825790108055,0.5840958398540943,0.5749374135620794,0.5400634152102247,0.315402160371459,0.4990128319744303,0.40402698110267776,0.9581471076561979,0.47739342217124203,0.43987339535653686,0.5619352444102967,0.23565807102068273,0.19625390550384217,0.2459443474858972,0.5078094270824399,0.5179303666993934,0.5528734756047502,0.282093031291692,0.2196613434242592,0.6756276849370053,0.40104667500988267,0.2991358225787246,0.16343937765672134,0.3263454896229477,0.32575747814185835,0.18425526040725573,0.48059716222913296,0.33643721608708466,0.2379147689627353,0.2127914218377841,0.42225656557492963,0.7959255939544765,0.5694364357013227,0.8002116416552478,0.9469825661605085,0.4442095891553589,0.3986571941677517,0.3165158490759171,0.2754144591845704,0.3459822915188979,0.6090708501564974,0.06969006811934869,0.6964030013937424,0.41657175505280447,0.9505991836035645,0.2530945974077871,0.4627103092919969,0.057531868187449375,0.7114472529319058,0.7153766395391449,0.3545141234878241,0.937511311722444,0.39560831718334055,0.3950595721594435,0.3335430981759997,0.3175199219783268,0.5021797542484157,0.24296813341007317,0.5442904126978317,0.9540107365599217,0.41451181289543004,0.3210391602021755,0.1797958116012075,0.1318961180565857,0.1251753209806463,0.4263215567384513,0.4074567701911032,0.45126430256606487,0.5183651709714543,0.12468648201045314,0.22104898021743752,0.9515632028570051,0.20602042263792192,0.4789081970921346,0.526310307430567,0.3632821215430948,0.325096084302458,0.4086510594591729,0.3960304191866314,0.41546654204809513,0.42181856989971583,0.5711406696268668,0.4429880619373183,0.5782116001813806,0.1124976385043229,0.3238348067304293,0.6894166527996396,0.6464214815998192,0.4061104746114982,0.6674139166317196,0.682333589274682,0.6665908446494117,0.6442921429909662,0.9559592898257948,0.6055046013489199,0.6113552737656817,0.3879876146808806,0.3242666364032148,0.3797166430959021,0.27046955502616427,0.41847172799449917,0.3762521868632788,0.3260190912496984,0.42232004566159886,0.45810050088110094,0.32686543434075715,0.24327312186352873,0.5187102681152015,0.5162695602996444,0.5204678834708575,0.4839223929678731,0.4330469302358056,0.5969916633250357,0.9608245501826079,0.5678329089877757,0.5649021772651971,0.49704710523432727,0.924078382510075,0.934766813761805,0.3979008108834263,0.4733978879407239,0.9519034421977003,0.3320158661742841,0.0,0.401105903070704,0.37563919025713083,0.9697103515054336,0.541495940401869,0.9427087980440787,0.2872722618481099,0.27090591745086084,0.43876842333618754,0.507350784630218,0.2895643398323043,0.5526641827526696,0.5071363810815003,0.4177147393716747,0.30237281680778094,0.9456170799136917,0.6292219871182835,0.46205501982037805,0.9406709091151325,0.5312049626924955,0.9438611123473197,0.9367121921197503
99,0.5098068967794083,0.38458901592814954,0.8840596444823473,0.8402447754723573,0.35523286409047994,0.7009323611348728,0.8338462205301899,0.3510311448119137,0.33915425690302825,0.4237135189692813,0.6782973334531762,0.5034203354572089,0.6953437859613296,0.6385439941351009,0.6763660767219749,0.923985743541996,0.3460427339465043,0.924609347924773,0.2920058875001414,0.15561060984021413,0.7532997073215812,0.40385819177415005,0.2623417167868607,0.3158184203698811,0.7561908255678061,0.46445610839769436,0.45929750216128357,0.7140813378410404,0.7004735161674809,0.8070449945545122,0.494062605052278,0.3986451263992391,0.7438838437274571,0.48550282302476994,0.2041065745251831,0.3760522645782026,0.5598407576176415,0.31043557457373283,0.14775406868478447,0.2950247454444727,0.4115639606558958,0.25665729261289727,0.2075924540171882,0.15975046012842464,0.8991687621632511,0.607590305861416,0.783313595993489,0.2855143194990531,0.6007793614398708,0.6079724701115424,0.776902484755934,0.6111277702816817,0.6558321037985286,0.398024777741229,0.5894154182223758,0.4425294121791372,0.6403108907995976,0.4563659451751838,0.25968368121355795,0.6158476259178691,0.40319743939268304,0.13111828151981086,0.15504159639707293,0.34498650486584437,0.29171292422420003,0.1759194269805025,0.4899317665815101,0.6150557459161794,0.3228187325211798,0.7508428222739324,0.6213280537173754,0.21404126999717424,0.21562914925851998,0.2501848416128428,0.14923324801371313,0.3340105686740375,0.3031628656944122,0.17488034349496465,0.12374935753976529,0.23909059992703766,0.46270246498279083,0.52516919861655,0.7149521094385559,0.25156586293379163,0.35112154435661813,0.7167414236352048,0.6319357841723637,1.0,0.9232256055507111,0.6756538183509849,0.9193405997311382,0.47153158285203073,0.3145984037945061,0.5981805714438908,0.03772009154491648,0.6868626831480289,0.42211845200640574,0.5063398732401644,0.20684154553490594,0.4257243111276685,0.0,0.4711349370925287,0.42323144764015963,0.1683347242042857,0.6817850894304125,0.6792586758826521,0.7068618746507105,0.33422929774786486,0.6516958719441701,0.4333959818094864,0.4935626658941902,0.5735391597228233,0.8012559188790788,0.7272430269726058,0.5662207124540468,0.41207612809025806,0.5663909455201142,0.1598671348113729,0.641629260571853,0.43682702150282093,0.25835185275056294,0.3500072333003442,0.8038725320252192,0.707024105096169,0.5750976413890359,0.66476060487142,0.7878442492228368,0.3404343301590654,0.5825309355325797,0.21929700412857087,0.6959339202342734,0.4243857890737475,0.6271380238257612,0.09301786142750856,0.41442587115505986,0.8306491857725078,0.5352695777167205,0.07999843205247278,0.04740828038201495,0.6811021062261983,0.5447439848595003,0.9399530026008116,0.7984634985320171,0.6077346591246838,0.4691449372894288,0.5347503329473345,0.4139514439846301,0.5674657707942339,0.4231083849410523,0.5275123838678208,0.15104942634617619,0.5560894463995407,0.4910717038528635,0.4932422571845782,0.7244129886626018,0.45510816243260943,0.47193781881753954,0.278467173714521,0.5962963502069083,0.5955811399387574,0.5123443383862017,0.5922640489494639,0.4628855310989394,0.6770821888428439,0.347666369242469,0.5409812663791242,0.8744048495907234,0.9259337484648292,0.707614411040029,0.5857954983231864,0.28717539059519237,0.5492258628847868,0.5717249070578411,0.7261330557536554,0.37929359075033453,0.43603500973459514,0.7391521428825162,0.6273660386979172,0.5686062457432336,0.2845588865713946,0.3994174598922906,0.9210431110885379,0.9163439049678244,0.8898381242151775,0.2937024993405147,0.6485310242203999,0.4903946896917068,0.5182990062204075,0.4943540839479981,0.4810152861222912,0.7743542084224162,0.6493749587297535,0.5125366578500765,0.8742439687108716,0.3379744486967044,0.767458204666093,0.6971270934651046,0.6993995734324909,0.7958666992296078,0.7228498589914165,0.4335583996036848,0.06987897394783396,0.4558573276033003,0.36636941465071343,0.4144337674257126,0.6548271254681884,0.17390159489697873,0.6189865807578876,0.895784825209944,0.4499621961602731,0.87695271657068,0.48290221414552315,0.4263456250643839,0.7481712067729724,0.2091416078814183,0.3515700504348301,0.3495651405884266,0.36456560490698015,0.19351640307362505,0.5797503487948787,0.45945286234797916,0.5933880023823869,0.45759994721504094,0.5116264259428596,0.2689787229321323,0.39460769034789056,0.4902802630610656,0.37088119664058217,0.8691904671008653,0.6408693238042414,0.27961126284091464,0.7641833606653782,0.07521870362671453,0.7446359204575864,1.0,0.9169347511873678,0.34269098982717855,0.21487630244293002,0.7141072844017509,0.41155912949830953,0.9007711234802137,0.4147306251670768,0.9144198567313946,0.28990852914144316,0.2812720370313725,0.4600225440440193,0.4515967525555655,0.4524038854982578,0.2626455959692427,0.9037611131410709,0.38467868898438334,0.1351112661484392,0.5632634950021376,0.7559306987004943,0.5577093166458444,0.3561123552560547,0.3762775919763729,0.5330787890568791,0.33105307086842695,0.5101756013707626,0.331897122639663,0.6306236347802313,0.6074036137658422,0.15507044627756597,0.6165673859616155,0.9396509205952187,0.5090925051027301,0.32862822372574163,0.550584422774932,0.3320537874249155,0.7422625396563288,0.583275257554561,0.6517572152428989,0.39550935573686175,0.4712801069298649,0.5569772671241416,0.6354561162210205,0.6705520305127545,0.8039500386943902,0.39957873033740454,0.8627654619756226,0.5808511102029411,0.413871757752984,0.7334007329455893,0.7805161177240196,0.12657674027241697,0.46157280099182774,0.47937158619993325,0.8547469993873993,0.5382870119782492,0.9635911473060431,0.8008330407193778,0.9861010423131378,0.42386002387852034,0.5688925885889348,0.9054733013505247,0.895362081503698,0.3884861977750529,0.7265620036665443,0.7210949863697299,0.6401434027203718,0.6360408527856906,0.8259524456733129,0.6539784224645794,0.28487835409181195,0.28532909132734574,0.6677340270555104,0.24359787586609624,0.4762954074573377,0.7307282906528326,0.3469216544328933,0.411839806580191,0.35975111866534265,0.1055872265836549,0.42081007796851455,0.484504807130944,0.4825147377126315,0.21129631937329652,0.4226566508494922,0.7835160412931256,0.4205385068847713,0.6738703748901632,0.39634992328762453,0.49468529779995746,0.2584728262700125,0.9126343277644738,0.45043282901544085,0.39813747312393116,0.7197045248198841,0.6874336727920386,0.8078365826510361,0.8996751041860648,0.6730933861959945,0.8868732386609414,0.44556314668581753,0.29242745272824494,0.4484388631023445,0.29094616738771784,0.4730285634846976,0.5180586478027667,0.37799512785786565,0.7306732651396793,0.6289831558259358,0.48339691682529945,0.8510606287948753,0.4824453958118453,0.3871322617954055,0.22637234080150273,0.5527390767759367,0.5742133697780307,0.2769083770802366,0.5157994433565469,0.2529223472566514,0.6083589654798415,0.6643103273714968,0.6583224080742492,0.470194203520979,0.691410875930067,0.403302781843737,0.495185469334514,0.23470257723681046,0.714696281675693,0.05007041550739736,0.7076182198553893,0.03302427332857381,0.6776475826115103,0.577395233214213,0.5350439889205407,0.534524892857642,0.6787656165248438,0.34677655361169846,0.30635029360262805,0.4310005232394844,0.4720546930001763,0.7130491765610416,0.8790263563831835,0.7704896992546811,0.3883740607221512,0.9014707912090124,0.8879833106079175,0.8157128186283241,0.753640988466283,0.5926541953549629,0.05250857817709317,0.11611822231891208,0.6245282587805805,0.6143700790174463,0.3809453392581392,0.3911886303786806,0.7168141620759093,0.3513264332329988,0.40067078537157913,0.5905353737406526,0.6429124619857627,0.5734972341857583,0.6263186346910949,0.8960518240274344,0.6369934455976137,0.4353600746935907,0.7481966893904147,0.7666029352249049,0.7609122900225951,0.7596266035305965,0.5846031286321101,0.4149820174584896,0.29083559679090365,0.11223440193427929,0.30664465158806736,0.5991852756848282,0.44677872258815643,0.5107286094302622,0.7551104951051116,0.7480113510249159,0.5258146810980685,0.5084870380108645,0.3833187607449224,0.2729178818087786,0.8271953363972729,0.7269382694696911,0.8976135573738135,0.8090016311766263,0.7713304806960214,0.568999540787358,0.5950760354547477,0.5550545865142852,0.3203946889270427,0.8227850027705571,0.8181667939526909,0.8657999843709371,0.38393380085788004,0.8338126183082121,0.8038257801222845,0.7315009837319641,0.6997039292036189,0.3334693565029773,0.6724679522918148,0.26710663356797215,0.14781607366200034,0.4963578973587313,0.33781368716481336,0.5430042542509012,0.23123691721381096,0.3961637571543286,0.7619327562875035,0.6806176008013075,0.7929881262189752,0.8921735588563549,0.40271037150671574,1.0,0.6259838446335579,0.20120121929114393,0.0,0.6396173307401338,0.5868488813292458,0.7733803728661888,0.65302408925349,0.9036648995861972,0.04177707935025075,0.526460880378455,0.10240793226412839,0.9123988432056684,0.7538480274742657,0.3634929769774884,0.9254424791808781,0.9332130377190784,0.3407039408752376,0.438430478989771,0.4103103352662851,0.49916881439194566,0.18123644759232124,0.6572512554817331,0.8995292188761147,0.31741717693709487,0.425770012903519,0.30807491114089447,0.39595260095774387,0.37833482203862595,0.6947779179808583,0.6981834328039447,0.7273581480081859,0.7085034776747078,0.159835033968836,0.3424065868713925,0.9112905376153475,0.31367995525533016,0.4242806014292277,0.4600483350116239,0.5784621037039739,0.6038459743963333,0.5696733465017864,0.5604279198738205,0.5710305596258622,0.5145049492448571,0.5351872592640305,0.39734705993485764,0.751257055424206,0.30991148956900766,0.2529971266408942,0.7624193666949762,0.6808580901671433,0.8514209240734816,0.7550741118751766,0.9872969898867462,0.6517105038761617,0.5908563448761052,0.9198121685817929,0.2658116460712467,0.3125972791139221,0.39549848075114197,0.4908035725710789,0.38569706656344416,0.5356471279428331,0.4190688921017405,0.3818410719264056,0.35241403768060525,0.4390170697535062,0.4083057112159678,0.26844012552463375,0.4845519338586075,0.49749593085773985,0.48951813560709634,0.48446217213230236,0.499145186700464,0.5403682706370998,0.4277845288434439,0.9025495409439647,0.5750158099261381,0.6453214333481444,0.5031191806142967,0.8642691747501341,0.8908986603716672,0.24691109611665615,0.45030928098386996,0.9116529380249915,0.8819330068480196,0.9844674252130227,0.7547738411401037,0.5643279694459308,0.927036445734384,0.480382246241336,0.9012840090343273,0.8348232810971727,0.4648330722614324,0.8457996306513089,0.5806008169894518,0.4636123783218878,0.554246789022711,0.9688994990370617,0.4927972935506166,0.5286387324014521,0.8726956622770327,0.6434707817198404,0.2496850059366651,0.9188679524269248,0.37000750723135806,0.8856090739953261,0.8808460288127427
100,0.3883708859793365,0.690294587966877,0.9046403563038606,0.8723216408487242,0.5173024733372871,0.7526078518434455,0.729615219879097,0.06750532879316824,0.5914129478976767,0.3955347287033196,0.6556613530928408,0.41606055395926067,0.5081986677254134,0.5486118989758316,0.17926441973011378,0.9449945463960019,0.3346003021550926,0.9144514860475202,0.27661303695540995,0.4119407034663522,0.7972004976745151,0.39836781058158055,0.2510184592446925,0.56461473055511,0.5963108716218665,1.0,0.49433523343884744,0.7530000858670851,0.7366583634182081,0.6821036939972076,0.33756450711898944,0.48089706592105114,0.5387050143236114,0.1866076793317892,0.518581459249708,0.5464575642571119,0.30428431264995975,0.2569624267532621,0.0,0.31011472074756163,0.29647576644869467,0.4104424973255744,0.8632942938654345,0.8444073138054989,0.9294968020309574,0.6407223239701123,0.7394527391378805,0.3443302697526824,0.6344676600387871,0.4711363109146909,0.7165290458802758,0.26770665223978474,0.6819004611955057,0.46206861368225804,0.20437515251566116,0.47922636824341736,0.46851151144463493,0.371587622213321,0.41162740966918065,0.4250246586521111,0.3062792210713743,0.302569350671055,0.03488669477766633,0.2900427850277146,0.343267225277409,0.10502156064887078,0.18295558619766494,0.4910302085935119,1.0,0.39149860801760433,0.3626130316612679,0.9524053373029668,0.6886050716359722,0.15061117919678232,0.9419680480591219,0.6883554607712586,0.21235753129467436,0.32533710350464806,0.5576903671240067,0.2885114340505988,0.6245481209551439,0.4088378946071957,0.7199191639560064,0.0019948334588690683,0.4138218536188033,0.6162050721047082,0.4354065396333026,0.7129513511375744,0.942840186481336,0.7869852238956797,0.9543241996809687,0.21633627678045583,0.21146282210222245,0.4617789427131071,0.9364002856043897,0.44649393237819585,0.03180048734405469,0.5376353138857147,0.265080952626782,0.47046147152266865,0.4671392065659595,0.9186820829515667,0.15006427062104902,0.2608774399710232,0.39669096822212274,0.39872547235745803,0.8181214511217639,0.4756904757403648,0.44361266828788487,0.4407677619051208,0.750029343178561,0.49971300829485726,0.0,0.4478248875295696,0.505897360345286,0.0996252298136643,0.515103600445225,0.9471716160891501,0.9564045951542475,0.17691054123250596,0.2192096599918918,0.4026189206139219,0.6192522402118832,0.49873018413185444,0.20038315937323,0.42569894070706515,0.8789069287718586,0.4264989535029986,0.6002274032561393,0.9704857765906952,0.16652490730575414,0.7894979630434129,0.7894138059467651,0.9484467908042123,0.33229598780230757,0.7156475449809282,0.29770274373443123,0.5318254595051543,0.0842190853957647,0.5897835229969792,0.37407719794793465,0.9212131144750536,0.7978538741373679,0.5481910637964447,0.379269744954151,0.4875495646009873,0.4512403961869022,0.4642955266284734,0.9976078478407082,0.4585121670535735,0.7846904192086315,0.4308754536477931,0.659940910518779,0.6598820948389175,0.8364560957910311,0.6374767307198449,0.6376325564194436,0.3171099717364608,0.5060395401020362,0.8166816010893635,0.413867475661145,0.42499068290608744,0.25605433797857274,0.5821190595680644,0.4469681462328148,0.4900190959926977,0.9151083486284399,0.4666809383952046,0.661524773504983,0.34591864654787813,0.31981832624681944,0.47184600094301876,0.31827535300285564,0.6835194953385824,0.48102473047036437,0.35558648433249707,0.5008252397134291,0.5670337983230125,0.5254600097847235,0.2577803006715581,0.5744234153033058,0.9380013722165703,0.9290768459803761,0.9093964525477772,0.22202192203806456,0.3378935751738138,0.48897710527654237,0.07728279814064595,0.48941436852684,0.4539689346163802,0.633533660658358,0.4493724753366054,0.5143193746469038,0.14639078950365414,0.342999555522417,0.6703913981119178,0.6284731292022381,0.563003634004327,0.6921385750633379,0.45361498167312847,0.35656180281213823,0.6454199611310281,0.3551040863961678,0.47351413252425756,0.2958425581496364,0.5087168449786309,0.2735493190748449,0.4940646475416291,0.8293315323886272,0.26275603327370456,0.7878705873350478,0.31653960666534625,0.6094678260332375,0.8704481730800315,0.440521954044101,0.33529742170674026,0.5591285643492933,0.30229697165061226,0.5117535269144737,0.52234565677968,0.4534394825967973,0.19224723453943982,0.41913903358395643,0.6068612322875612,0.49888389424462026,0.459826877664328,0.6537707935845775,0.48143781482314796,0.8825838968473176,0.42491040808811453,0.35709171312144755,0.0,0.37027315829569907,0.47820387631501193,0.3050597658027307,0.9295316736107435,0.2305655696330676,0.19969926754096592,0.6862875638564003,0.32994484090137355,0.9306939610459882,0.4830812346992379,0.9206777786230138,0.36326711245079607,0.29498534672978294,0.4444703294602053,0.4019518416582626,0.4118156190936195,0.09106261140993041,0.7769902263790596,0.2980961262353166,0.19689346824567597,0.455261503834419,0.4889932034809115,0.12108096722928458,0.17710248408422452,0.2655097752522903,0.32554724245478117,0.36480691375121327,0.32371370041463643,0.2894084167936636,0.4301958269600103,0.4085653561437449,0.14594943628897658,0.42735987816389653,0.7353792047004962,0.40946953583339546,0.27265542646503005,0.49704361569379907,0.3876266532636442,0.5710127160838425,0.35437375988821146,0.3240400983478819,0.2615887496808097,0.23967159521168735,0.585717427681797,0.6076703445371121,0.9608070126974173,0.812156070312886,0.31512873999818547,0.766125604355654,0.5322481634813209,0.6735331649036586,0.4097675754444085,0.6928703090582643,0.30539205474028974,0.4652117998293842,0.46928888606844976,0.8034937262356,0.28551588324881355,0.676897506107461,0.7693608254954781,0.8610867079693574,0.4132600898265056,0.2895268300621901,0.9246462139471648,0.9146017133263207,0.3499788164938747,0.6413624794103888,0.4725028350174922,0.5365051324503377,0.5117872383253816,0.7247003750147357,0.47480327595189553,0.5281335693955844,0.24584058664083025,0.3147011970613715,0.1772440825768691,0.48217554545122676,0.4763537796669132,0.5140043762314022,0.233240162385123,0.46308916534855393,0.9195070585226838,0.5377169453381172,0.6375620197783847,0.6491810248240805,0.23793062290952682,0.5020065701957326,0.763248807198426,0.5037525117049134,0.5677681600662189,0.47935763620145566,0.5395172648715842,0.4186668080402863,0.859556380729057,0.5175112107883026,0.47305599088948763,0.591476459526465,0.4992939136028621,0.8276255866420605,0.9254017534419708,0.620354086117489,0.8824908446541608,0.5102519332435922,0.1792405747777144,0.5266926814204337,0.1548458078243922,0.524680529881564,0.544788345363428,0.3608490290107812,0.46174646802519653,0.5597718974087198,0.5092068735549911,0.677511630146919,0.46767510080236524,0.4143508605936554,0.23898602799630167,0.5636513808355016,0.594772378400147,0.342920078609257,0.5167720931394646,0.26828669589177384,0.5531689088312043,0.8129858052559221,0.804001558247098,0.42779167229637743,0.7821546288328456,0.334884795062051,0.4667155111662343,0.1272754871293816,0.7373350332847546,0.04476950043947522,0.7204387956453114,0.05424994132922616,0.6923067090043118,0.6263198499131707,0.5961755480740362,0.5604065254700071,0.43910527089045565,0.1604675030031322,0.18274355343941515,0.4955369664019816,0.6647970907494111,0.7376056994750223,0.7620998360446302,0.4415796801664044,0.23235442093057676,0.9224845744787763,0.7383721360388202,0.6424026150732493,0.6116148861087092,0.6304386936460202,0.10649884093148757,0.11621118723705615,0.6496371073256785,0.6330843204112122,0.351720440544228,0.35484730279789095,0.6948028281979659,0.35654916837929257,0.3482948502408149,0.13450317829799835,0.6404851143278074,0.28724828011925063,0.3567323207174263,0.8066906096791793,0.698937411352432,0.07279459865621249,0.4316082036734416,0.4122028467260848,0.41194345830064355,0.3846743826207472,0.4531702297393828,0.5046581230020382,0.3585148919660714,0.17794077378174522,0.10182815157567403,0.4508119344881399,0.37560657632375627,0.39808590474236855,0.6927040560064572,0.6741149353457828,0.41667872015942203,0.4560080889355531,0.35093005893009566,0.273930711756126,0.41068046059649005,0.6749633922449373,0.9242362809132948,0.3762488054889804,0.7029799021283701,0.5178597143643169,0.16503150697886743,0.19899254767167837,0.023736275032024887,0.41856891008546226,0.41686696505498283,0.5396598627516598,0.07728945262194226,0.17138439794344276,0.4790051951356308,0.4585341603046251,0.231892628478053,0.416528432483907,0.6109146451480871,0.16237620514517803,0.052534473607865714,0.5372888254049616,0.2634574578475035,0.1884475870756995,0.2469029447317736,0.5082927443595068,0.7863160130870003,0.58892256230888,0.9168449711345797,0.9119062468982352,0.3653125639450228,0.52380482931423,0.3564715365881022,0.10256171906360792,0.4124612534322987,0.6446914051651528,0.5794228332839721,0.6891558825345023,0.5464244039230904,0.9130565701706966,0.3447164038861222,0.745732780692967,0.1475067319987981,0.537803333903923,0.7989045200391381,0.2863027879850181,0.9303509369126862,0.8265110752985424,0.6723057870339474,0.6644632003076238,0.6359829950557012,0.7827976060127544,0.5631631340660253,0.9326826358065603,0.9281594911558507,0.6435724162908799,0.48957838695014644,0.2776279339376024,0.4281036648473053,0.40915817317323727,0.3837254105633773,0.3866956905028067,0.7287565658805237,0.7632880753807036,0.11677418628637429,0.2338772381384579,0.9140302872398207,0.19956545270519188,0.37365587388396926,0.4050561817889109,0.5674424612641846,0.5787135050484609,0.5120089516227833,0.48492883062645437,0.5549280597612805,0.5393132034272193,0.7020484909718453,0.42032867728952156,0.6202427300151317,0.35613281229279997,0.4344237007432672,0.44309095724676867,0.6392243423450567,0.7365490191610743,0.33032248749354887,0.5317758498536524,0.3204850496650391,0.26800630444553986,0.9350961129527801,0.13109493726914975,0.14917770375086636,0.49751837980927305,0.43516283359287694,0.49221386480856283,0.43358113166263546,0.521231132059237,0.489512532979969,0.4065885589402755,0.5181303435011909,0.49746479048774855,0.213861510580174,0.5275364919865846,0.6304481046992744,0.6369348640160025,0.6348664376439239,0.6620964323406549,0.6465205414172971,0.4642062946527394,0.9420284565323663,0.7145623687510698,0.692996281639011,0.6250392518882696,0.8844175597794877,0.930973518785865,0.44734472382113316,0.4749759713741179,0.9328070940805849,0.580545916262045,0.6195010017971473,0.4386236186630044,0.43578362768410417,0.9453146297281091,0.4952743122122979,0.9286803279408244,0.725351350366084,0.3957576778078388,0.5808957164729793,0.5588852927672462,0.4203124130691412,0.49613924913178553,0.5885617074965082,0.5045414954580512,0.3648159100120439,0.941657737322311,0.5297920086535584,0.4518371041734463,0.9201960757917326,0.35942901815033423,0.9279658261742708,0.9096955810731834
101,0.34783018973088153,0.1302925951323727,0.9118978343599387,0.8636119179593881,0.4950053511208457,0.619978912789093,0.7853760679671501,0.24742069747768858,0.521069823756704,0.3799777969073561,0.631265741799492,0.4102091925355756,0.5536630189522481,0.6072289695854303,0.10807856764303422,0.9418095121464742,0.7996815454627932,0.939591106218606,0.10953599780345841,0.3047545247963994,0.7990520216810895,0.18229901994887646,0.2564234176899223,0.7051320168451702,0.7135223556298802,0.28675583445737485,0.06681893178690908,0.6192064181834054,0.6074406470986807,0.7019138795110964,0.30193711215673735,0.7138996585621046,0.6026259722993748,0.3229170461010863,0.3377724629020695,0.7113541054184946,0.321238633983908,0.3929865701713049,0.31778121243759316,0.23694676016455363,0.5719136860794454,0.3424961659996096,0.2910527749668949,0.22202131009065687,0.9312298003556849,0.8162329219383361,0.7603263596939133,0.5503749358578228,0.80489666585805,0.5474667757195931,0.7289443445980129,0.20158936529550284,0.553513708411965,0.6797612146638657,0.06790682108213253,0.7099031524341362,0.6287193689094607,0.3685992159341927,0.25732596560803705,0.5845438938960715,0.5292200660926739,0.13513560807417965,0.3945639385162307,0.41519251934613904,0.34919527244346027,0.22380081374579083,0.437324522850801,0.17943743159450723,0.631903521582234,0.5042631420804575,0.670586316478702,0.5311206948585908,0.3497615305079941,0.13008985992115074,0.4592555741656788,0.7121204402336301,0.46688241504460554,0.7242732772869748,0.5326289830150921,0.2244758878559737,0.9199080887052401,0.42302895134823987,0.715795847889055,0.26999740947681433,0.22066243591584417,0.5270230635895806,0.4086794209014355,0.8472105621429203,0.94242072825357,0.6301949511389117,0.9202647103049325,0.425892262917125,0.21853725540139754,0.6103819917705464,0.14540363721654365,0.40510979100675026,0.3074903061571105,0.5344480374296906,0.41887394872128464,0.45174534973111297,0.26963954919546557,0.451520111091164,0.4818615144733131,0.6078788241718825,0.6723305719056591,0.6874603362946805,0.5807976046079517,0.4410118788858135,0.6419947011487069,0.5711487563080428,0.8945688144121091,0.5771270687133935,0.5350365762273392,0.47615901334979444,0.5399241505830903,0.6543346094337427,0.5605132601667455,0.4618361914855537,0.7232752783414764,0.3958828630183045,0.24406571878942224,0.40872092916064046,0.7719329056113571,0.5275612592647366,0.5169650172817533,0.46759559741478257,0.786612082186456,0.39053007204157075,0.9011071233685323,0.5527837520429014,0.38894555126045277,0.7898091384532073,0.572248064682479,0.10397110001494432,0.2566897069803251,0.7202422990363435,0.3995303052548344,0.7419892186239224,0.7703871013545367,0.5598297801755737,0.6484804907734952,0.9254146203538501,0.8240801186447244,0.5816276691304907,0.40153180647342424,0.47168910602244074,0.2537622829111497,0.44656144394404623,0.26002455657804274,0.4470366048168393,0.5924671994810213,0.3920724678612097,0.6067237086001364,0.6108869012356472,0.7101508271395827,0.5739194359976767,0.5394763321624626,0.0711587926873328,0.48258054287586055,0.7004451679856974,0.35384232621988326,0.47593440184510427,0.37647491140792383,0.5151530683950887,0.2957207201685676,0.4676627551257252,0.6790763404888204,0.44770502687505526,0.64469290967335,0.13907950172929168,0.38672193436313607,0.4419721919277038,0.1156639111322415,0.8170444684079315,0.36289474836621366,0.3657174146952065,0.5555780866345342,0.5964624305579492,0.5321285278025225,0.8925521803476846,0.4859206005655825,0.9408663561810848,0.9343811292438876,0.9281053297426264,0.3869182359756332,0.438867205633989,0.12351989656990117,0.8140054590150214,0.15360679428328394,0.1996991997113011,0.5044514353492899,0.09495870806380595,0.5876715810385723,0.12657942065792332,0.3711094432408226,0.7192388900161285,0.6058581297100303,0.649117562789475,0.6528226161329298,0.3191104826792643,0.37963311554901835,0.621444127686583,0.37258293292592715,0.4424458946739208,0.4847158739811839,0.6410869557129099,0.0445992777389721,0.6049621402587063,0.8658134056298483,0.3215937614846033,0.8346763476600673,0.3717924195684351,0.6947003003133642,0.7889264770644506,0.47518227413503145,0.34368163698648885,0.21831531151428998,0.2583228700164615,0.5112253578723096,0.5482107547623464,0.4691113522974442,0.3691166973296798,0.7785962932218053,0.6113212955343666,0.30872255749043825,0.6982979873019312,0.6087824615014165,0.7037306559466582,0.8727966416120229,0.7775255690570139,0.2923881080128928,0.2289083539010967,0.3881702293856067,0.15235812360440024,0.3122143096758548,0.9587136862248427,0.27952360572612317,0.2575825633151381,0.7368165251885672,0.30600210309939424,0.9286216082120061,0.7203184295047306,0.9155235328488371,0.6566557447860057,0.2231488909209013,0.4796185808081429,0.38296008393406966,0.450617232411775,0.25884808994071895,0.8113137363285173,0.26428607511567387,0.14596062568334445,0.3991617444703799,0.5344249309035276,0.500994360959645,0.3049172338700817,0.24911125137075113,0.27517853372066814,0.25605360016833184,0.22127913195720444,0.13082455255192088,0.40898504777207,0.39932779136344837,0.22205464058184038,0.36792480203796873,0.788905548800373,0.3390675374909917,0.20984185856755055,0.5390712787037822,0.24922201995003454,0.746345636411767,0.2810181239165584,0.22690383718813353,0.30702752675528294,0.21704430720284887,0.6987842304161735,0.639763638674562,0.6834279722484576,0.7306339701148541,0.3002687054657074,0.7679471389391702,0.5280165255105267,0.5270402005526651,0.49932642192742177,0.7340251120724224,0.4651226231530459,0.33977307816858954,0.2650021336106131,0.9228928163417383,0.38576732318000734,0.7775786958587436,0.8022873832750608,0.8940476049207972,0.40787455548205737,0.1316585631058768,0.9315394484685348,0.9307462841387846,0.4727981583464514,0.7128297659324307,0.80861323350878,0.5004514571034359,0.3310859523419485,0.6203729585668368,0.28334165931641203,0.3809174380893922,0.13125978008075226,0.25796728915978795,0.010942738426667943,0.49248556987872394,0.7020084311241869,0.5953851687131833,0.03642826079251703,0.6928326460721852,0.16973035069298723,0.6885848694707146,0.3273275995791323,0.2873980712994169,0.23858891909176536,0.7140654915987001,0.9628483000065063,0.7189174693593725,0.5860321716180301,0.7005919675480361,0.7444261198033003,0.5725314559509141,0.9423779530254264,0.3844105693849999,0.3474013119794757,0.5544999007957792,0.4279223238201034,0.7823998263269921,0.9276669787890612,0.5947660522165498,0.911423515528099,0.7098513308062914,0.0,0.7165010996877511,0.0,0.7095883431727216,0.6994937538796321,0.3000061750649133,0.20120316552140033,0.49919710012857454,0.4173988187702877,0.42045927438508335,0.8629005660341234,0.3904852850518435,0.2347181047722235,0.4852909274175267,0.4951687824295833,0.200366694515877,0.40489335534962784,0.11451480120843122,0.5581420697503555,0.847949771587328,0.8487625587103318,0.4042496404073454,0.8235931608383685,0.3897415996050784,0.4745999980173574,0.1386565086321832,0.768624315178286,0.03259146905843031,0.7545763200955523,0.09544554088395946,0.7087487994820579,0.6639921675559255,0.5790601564593337,0.5317573967843755,0.6038112875290904,0.0,0.0834921032771407,0.33424167739952715,0.8491158235510082,0.7784151541171376,0.7504425799708034,0.3853281429525146,0.287142645780717,0.9186999644735708,0.8574928761470582,0.505959540582692,0.3943418388964323,0.6641901007796058,0.10371202767569582,0.15442912706107584,0.7212681952321677,0.7123394679702563,0.39395645939065554,0.4143326902960149,0.5683954782011753,0.36086231202273555,0.38091487437883564,0.09873790458543899,0.6627902900226549,0.7035980747830113,0.62945938731746,0.8406883784205764,0.5660569605131052,0.11165548830484658,0.8141160557811069,0.8340241023308254,0.754956596982465,0.7210349907233244,0.6346373635197382,0.6146420786289495,0.33642427824728943,0.1343020151858085,0.19965159534951032,0.3484799182798196,0.19798380230687654,0.45051796483212425,0.8323589011814816,0.8166962310925173,0.5619487780435183,0.49554997005079243,0.4286386898693057,0.28556972064451175,0.8731524288453356,0.7963913189503717,0.9260704631320684,0.8745815696596189,0.8440157062310628,0.568228445700564,0.1029750791535022,0.13624700929466882,0.3444705810637602,0.8748672165778023,0.8965762484691608,0.8915713536589245,0.10598386788606952,0.8320934107883428,0.4400646678170462,0.8178807885368123,0.706366812231739,0.4348041055004537,0.7098507576837783,0.16025255837076405,0.19248132636303966,0.4385112845781324,0.2839535288928152,0.1072127251611782,0.2113707496734918,0.4598211800807774,1.0,0.9036211314957568,0.7045086122411309,0.9163176191124115,0.4946053336058025,0.5083710455328727,0.2229796907767618,0.15748285771560783,0.26214927237886615,0.7201360760104017,0.46643321566390106,0.6829245238353086,0.40437463873880247,0.923997151640105,0.35336217351902244,0.8725731768152698,0.180921979032845,0.5510291385271974,0.8817468614642028,0.2836359575750061,0.9103076546022049,0.22878478425157658,0.7944258823740312,0.4340436067328551,0.3843017976360167,0.6370024550629646,0.39627555689959,0.5721011075404557,0.9253010615687669,0.47670623888330704,0.4585990608416262,0.29592013944488055,0.3996093431394571,0.379527587978857,0.6984322201001576,0.6958996863636249,0.6238004418645007,0.6439532661094025,0.12591611285089593,0.31409476784851725,0.9091201336300364,0.31375332769742803,0.5318858092238598,0.5810976745125187,0.622410820727883,0.6277558372298412,0.60760369532012,0.5921939426324333,0.5996328021395874,0.5501104789679423,0.6360051534164142,0.48700183520774265,0.6009371538989046,0.27543032534398854,0.2943533284096504,0.7865144848928582,0.5901079527633921,0.5676686521713203,0.7711538049223926,0.6976148258478287,0.6872073508262352,0.5668204486030799,0.9369026020300996,0.3938940862775378,0.4540821744556574,0.7102663860885977,0.6848467840129812,0.7100460907759147,0.47040937712386105,0.7409978320860849,0.7069968916774566,0.708312255097226,0.7954237958936269,0.8228805813685294,0.2808569827453784,0.8837430267414318,0.8695989911418629,0.8751700662574419,0.8797503309108954,0.8829746723033053,0.84930540657828,0.8682835828708472,0.933942918656781,0.8970689695085557,0.8928411295336176,0.8318845333552248,0.9089570507233187,0.9293030121555065,0.4567946612537877,0.49614021992860385,0.9406134513392685,0.7407211522796575,0.6666745106115469,0.45599058271819415,0.4534155200463542,0.9410748343245389,0.4390247528669618,0.9320817808561239,0.7650040512743294,0.5697080406508728,0.7685107657799395,0.21410072002659777,0.5222701999882186,0.5576942949786278,0.5460202753287847,0.6894791752887957,0.5349814234536291,0.9261713265809864,0.6254817723518076,0.7160187035194898,0.9391372450261554,0.7157137966943254,0.905353276157274,0.9168684224186974
102,0.5391609984885402,0.1502458275840398,0.7226706056846298,0.7004225463488596,0.4988535417308796,0.8909567194110398,0.9151746596099929,0.4100406450562231,0.4556354435973493,0.26582510152022093,0.7666032490466121,0.6420253017041705,0.0,0.653783914359591,0.13258410633227605,0.809820150088992,0.5615542479981745,0.7377983266165494,0.47953446696125346,0.5761153222007683,0.6482652592455195,0.537947101684112,0.8893540492139081,0.4093685989977475,0.427273830903796,0.0701916740174616,0.31294494980688514,0.90404802435663,0.8950046879554185,0.8910038121272654,0.08270604884378477,0.6260508149647236,0.8318014331988288,0.09251588642195327,0.6349015002179189,0.6144083526665325,0.47869809546271846,0.30336251642736856,0.36340238362443494,0.2944091551530246,0.5178381961207393,0.31740914632918493,0.36382257103615523,0.23627275052805813,0.7521376597818697,0.8728785579803703,0.8199046304475006,0.555332022687529,0.8718552101917405,0.0,0.8065160419847229,0.0,0.6659818666089926,0.5987282659703325,0.40836710352742533,0.6105377433609026,0.39604607587878327,0.5530465750510623,0.1223621625467771,0.3768239730368127,0.5906085167460021,0.19439954127439485,0.5086915440296714,0.02279167732782958,0.2302517400081541,0.17936090312670516,0.4372856748784205,0.22627827844305023,0.5834655753608844,0.42720722027239627,0.1849778928958266,0.48213937864377165,0.2482593531077282,0.10982822837271039,0.4095659831183609,0.6446065093051895,0.2596683755521559,0.31447902621563245,0.4603188002906162,0.4349771591817898,0.848603820492492,0.2804926065175119,0.38216700450970287,0.36169046513564673,0.4116673109600255,0.45229854679603076,0.2727094069188322,0.4773648791136781,0.8040129070194943,0.6500223519716158,0.8131482300813214,0.4518835687710234,0.32726456779576685,0.5619142385109446,0.2990073966613963,0.5514652489361602,0.7891054606431286,0.6187269407360866,0.22437046225436386,0.5585308280891603,0.5907780728082161,0.4489424895881297,0.39573825839537363,0.7648727049498237,0.42937712780313886,0.4100639902235509,0.8227403844042749,0.45156651202004844,0.41032726901517186,0.5249022093916724,0.5401879633591636,0.0,0.3890269752796208,0.35905001867610087,0.4057891980996621,0.6742047793949821,0.42570177196093095,0.3676188129972389,0.7396178722060871,0.35052032401701183,0.34570957071712416,0.1501471665798358,0.5022358799410902,0.5364090322539693,0.40867666386293844,0.4677686322467572,0.6892953379460689,0.2730545566540017,0.5246663441832256,0.4740192490926035,0.3980180717418836,0.5013007104415971,0.5435442160350014,0.18310277688668553,0.43276158374150264,0.8225882251528861,0.17689963827940683,0.636516137871225,0.2703965809733052,0.0,0.5070087540931533,0.8094301330853988,0.6006402905523707,0.45905641952270126,0.25065613048773455,0.6132016914602914,0.8467577039793596,0.6396799596804793,0.5687617523067529,0.3252247516752542,0.19706774647438904,0.6587105932073004,0.5626393384320842,0.5674568254480269,0.6032437303633015,0.5298541848868837,0.5550118987843757,0.09763014492588139,0.5675812397173542,0.45808061490183144,0.6147691197070357,0.22814191673205197,0.564537989951676,0.0,0.31896833295428234,0.3202555411442634,0.8464614736881857,0.3486576639615819,0.3683967601676687,0.790864021079179,0.3420849425058879,0.36248471954578154,0.7634404036549657,0.3428352831551105,0.7063850921348567,0.26637874526195715,0.0,0.47989283298415647,0.3836255269541229,0.28028922921144267,0.4860960457189544,0.796297684300916,0.7779809619763759,0.7442851589457434,0.29773160894940537,0.19756624006267334,0.4720216021266802,0.3993601212153506,0.48505372505319144,0.4557985565660284,0.0,0.3231459124840341,0.4884534582675618,0.22074482502382192,0.3377341890016898,0.6096809196382016,0.0,0.5411597456188166,0.244573105244741,0.21736937459725258,0.7482445747462874,0.5439575980121673,0.7365626023040476,0.34491934708595995,0.5349755429265677,0.43927426869852054,0.34716779492852945,0.349988836987833,0.627790116862944,0.5432894749988881,0.7231617085262434,0.5844570107905229,0.7761832700845608,0.6629902224114381,0.14516665142221324,0.34840397305991627,0.4436788756791585,0.4887082164664272,0.3938621615763425,0.5165665538551274,0.4723383144102677,0.3664712035832047,0.8014730952027789,0.7153346031240251,0.27734285713577483,0.631724485730144,0.5505046535702338,0.621446122784715,0.8493590566081327,0.6222231601099316,0.11660221628973069,0.8230732693496452,0.24885133322657008,0.7967348325078485,0.23613058648503552,0.8145158727178827,0.30943177668716887,0.19686098244106087,0.8778922608663579,0.5512041764886662,0.7624708066800004,0.6352621137513625,0.7709800318594994,0.5475077225731716,0.18588643257763546,0.3913460136683991,0.328270189740181,0.3758940393104186,0.20635623627437066,0.4188511733158406,0.5170413151594806,0.2333285589752861,0.0,0.8664408011924141,0.3723704926173843,0.14471076842615005,0.48811533291810105,0.5909040300436912,0.31370689731604434,0.5734482421063355,0.27349094046936234,0.49010511528940426,0.4679413633269161,0.2224847866648078,0.45911038765049894,0.2851616517345501,0.23583047817355413,0.3399957500631557,0.10773227187522498,0.45922873805208025,0.0,0.4064699152143306,0.3793816074752259,0.29437242732467755,0.19739508594622152,0.5516445077951616,0.6070486524904466,0.45399846138916466,0.4102500192802681,0.45522213393136574,0.6974161286094753,0.40230262775971204,0.32869673739344607,0.4404183171638894,0.5496931430538257,0.18858870424104804,0.3169210456873851,0.30198838639331754,0.6433233913031621,0.4612663690869729,0.6595023763956002,0.7156967756627479,0.8525064843865868,0.3940057643190214,0.06331382135185876,0.7685330139603174,0.7545348243939144,0.47289967978492786,0.1400468627867116,0.6259982545298414,0.5593794035875526,0.28582746675653253,0.0,0.25721507463725946,0.3987122940906035,0.2677681356142296,0.44807427254669024,0.0,0.49090134417968834,0.0,0.31279051248825757,0.4201174045608355,0.617753811046432,0.23126966047192435,0.5912844926299995,0.473821841592036,0.4857850490554815,0.0,0.6544983328164661,0.47180792481345496,0.664893312059148,0.0,0.6019667086909704,0.6557189909359602,0.5435261843250765,0.7912390051490589,0.5460659018319236,0.5105566715684937,0.8254681787285099,0.7547434753103962,0.6302941307230385,0.7650124655692048,0.531575179017507,0.7646753124447632,0.6355065878952981,0.03900547211666069,0.6456185589120522,0.012123614650458537,0.6414918808469854,0.6017565877600001,0.5198114699360997,0.49756661522358836,0.7513265850550082,0.44798417935243023,0.0,0.6921719474847253,0.2621745223754232,0.21646440104217007,0.7197964107889073,0.755872990744028,0.5203858792479865,0.6354202465010814,0.23459666252717376,0.6574597931110646,0.9594842541145966,0.9601492251297192,0.0,0.9327572867538463,0.0,0.0,0.1213553078166628,0.5583834011833657,0.026867837992979232,0.5615248507111674,0.004458449542647556,0.4623279091006965,0.7209749286821102,0.7533140204183499,0.41168678559342714,0.2655331768357679,0.01782266821370575,0.0,0.4362243099110271,0.8463407418908119,0.580801863382421,0.308647956521397,0.0,0.0,0.7645853077876513,0.700862084072134,0.0,0.0,0.2984850897129109,0.0786721330021514,0.0568082278346376,0.4108976142370016,0.40014007657061307,0.6563953273929048,0.6602687364179056,0.6189903654019667,0.6439083719844801,0.6483450948659824,0.20341698238769942,0.6349550486042077,0.3218065215533044,0.32826250947897795,0.47039135683383826,0.03356726669905625,0.13190327297970098,0.5769223946188233,0.5999263401717229,0.5878268383244649,0.5448536845904426,0.3810630673974127,0.38678740157371005,0.27382832731416346,0.11123312164181026,0.11145307304215225,0.0,0.24049242954004144,0.2702302716651145,0.544450675080874,0.5372572222742057,0.7692245106285939,0.769545879076371,0.7156579439267423,0.49446666623001573,0.6675980236398911,0.4940776065595503,0.76802323445105,0.6346287182376235,0.5444096127825564,0.7465043582180124,0.17276647030587242,0.18352596749966515,0.21795646660024184,0.6735305043240645,0.6784136900447321,0.6979577906957302,0.05426491776453362,0.2950599701344444,0.0,0.6576900057456337,0.402918772237734,0.567126790129124,0.42931187140843896,0.10609756582567412,0.0,0.489253142077356,0.514105388052198,0.15294129372423423,0.21133106248524494,0.10791667958507593,0.7968078690824946,0.588121574914039,0.4206369135050079,0.7706608376602755,0.37134483107518346,0.35649848239063586,0.28409017284806176,0.13569309676957417,0.38829903374697816,0.6863641162818709,0.5861820447071133,0.0,0.494420571441278,0.7816454987170198,0.39215943523281627,0.3581192542530127,0.2775895830315181,0.8454582250451025,0.7143074869716446,0.2205860561281907,0.7425340493629884,0.5863476930735505,0.5563332749935694,0.67105948203335,0.7096929029494913,0.7616159604189812,0.6332662581397324,0.8715191983545885,0.791599973941037,0.6951532400744309,0.4427053916857014,0.33774648512750044,0.3147060711016043,0.2999225124104201,0.8387521968404179,0.82673480899815,0.9873631642295825,0.9321036037345622,0.13442858873708602,0.3388430172454486,0.7451945412246466,0.3529195245477037,0.6244759477073047,0.6477298068611174,0.6682605188573478,0.6840631813892223,0.9371881627858971,0.9362201751017272,1.0,0.9009189055053006,0.9593589621998079,0.4833323580672837,0.6334427750589946,0.2973125450207393,0.38223436400600624,0.3458917146514562,0.48255788892154045,0.21186451337866571,0.6666707430682911,0.6979577952895126,0.5291541581185396,0.4233730783723114,0.8073037332518452,0.14630426009552658,0.18103343303659014,0.6244879513055163,0.15334895780432467,0.6300093492425031,0.21002224427491603,0.6564771346764869,0.6271920227186688,0.5962961643117863,0.7019830069310098,0.6927487335534028,0.15061485932903393,0.6070143074861116,0.827311510296691,0.8339673194835698,0.8209238552888789,0.829629783231544,0.823908396621211,0.5553819784238506,0.7847032788513794,0.8850277934284696,0.8817789499549044,0.8178421065663927,0.730501373308392,0.7860438596687218,0.2029312113550396,0.528400668299755,0.8013633481999567,0.15381245205853175,0.5491033171601212,0.2719835674121939,0.44669560114843165,0.803139728765739,0.5029760274062568,0.8018355100820959,0.2368832532135066,0.40101725128252846,0.5098350380539581,0.4473175165355784,0.5078358065753467,0.7312897864928375,0.5076635694015867,0.2545269769863526,0.5078580000881836,0.7573308161969755,0.38206572581706977,0.4448255129762163,0.807122767834794,0.4719342586748817,0.704772122589517,0.797195468903413
103,0.4807292067517426,0.36686115942716424,0.7732206423689222,0.7595960775876713,0.505446845632604,0.7616747633835219,0.8493187511567237,0.43125426525488264,0.3667275071004409,0.24576439603948447,0.6769103697450215,0.5679473853891981,0.7669940881968538,0.708371773404046,0.5314012042872177,0.8505978310273359,0.44905927877560897,0.836513678072021,0.26793586387460355,0.4928245338954015,0.6754872624395737,0.421701275945291,0.3708679842995743,0.6025896205742238,0.3848994723691933,0.5812064688177103,0.22444051654669045,0.7815091248980383,0.772118863002835,0.8207891445935663,0.2712538200347509,0.5970315176153226,0.7756270289036139,0.2634403343214638,0.6620397720164871,0.6227582748798751,0.47781215125092263,0.30814453201025094,0.5520813867640106,0.3278419657430665,0.5620282642788946,0.373108177447151,0.5525917891496807,0.46318995928429296,0.8138952756114178,0.604615818572127,0.7768872307818783,0.4957281888024691,0.6129445309044661,0.5792031066563038,0.7573914258548359,0.1622005929734028,0.5804469066358094,0.5740997000564476,0.03936432558567958,0.5904692584462687,0.43384840340506003,0.5172422508535951,0.23697061990642687,0.38588096251569287,0.7000906467239885,0.10467353291718046,0.6915781871347022,0.31658485933202474,0.236841264592992,0.1322179332861829,0.44468904636125334,0.6014902565595295,0.7575929776221381,0.5137372837609037,0.5900526039866738,0.657799797112604,0.3666588517895487,0.08803636573313518,0.5951916538891666,0.7574972870429711,0.21339873776020093,0.5013640305982257,0.6534534637546516,0.3408762322214709,0.5861109246713866,0.26443458308664836,0.6584493896530065,0.28277052562033445,0.4358580657305276,0.4036047036003231,0.24741624383000743,0.8353061868995428,0.8495627115273844,0.7076769903885547,0.8131477228727734,0.10285013747802697,0.5267207340004753,0.39279500252960564,0.39023671191475573,0.8367161093565902,0.6769078354998673,0.40277730776636483,0.32598086827257333,0.2941276289784652,0.6242623047106208,0.4338857082519447,0.2873059615883175,0.143682462522683,0.44821826872877546,0.43653127990984203,0.7951713422044137,0.4041852668528897,0.46198252601080697,0.38215534914605387,0.6366159470508632,0.5233994231714201,0.23763804602071067,0.44125337157878497,0.5342844359144477,0.7587911269284444,0.5572560712094436,0.5758530078449491,0.7722562706727426,0.1741930173694621,0.18965462869841557,0.21703609748226121,0.6983629355837669,0.4617612056049487,0.3585599113656703,0.40992622419666036,0.8294936054210673,0.33937066872531557,0.6255962036313651,0.6857637927334806,0.19475168864818118,0.5262049931785134,0.7713527132713257,0.42012850900203985,0.3615179708019315,0.7801255112410881,0.30518020315502414,0.7614516944302827,0.18099077280486847,0.6589193129966321,0.6789731893762777,0.9344087907559266,0.8506144103075808,0.5771391597923015,0.3925352700844775,0.5823911916664498,0.5861841882570368,0.5830304793060893,0.4287775485535103,0.5126906686187139,0.37621087308229617,0.586321232431918,0.46558812111905484,0.4664371997769615,0.7745229071284188,0.4471857659811452,0.3535462989136282,0.18135393111425313,0.4147677006336027,0.763923531006667,0.5314684110136224,0.3691877663619943,0.5284325391677903,0.6423454798785531,0.45873422866627855,0.5030461526049063,0.8684914287266284,0.7352336364747036,0.7165948192661924,0.6268856739764149,0.23630339565740657,0.5012662712287614,0.5882801822469734,0.7900488214424275,0.5127702024878217,0.38163169712324035,0.4088855009709243,0.5993725917302402,0.5448560129452273,0.5351351793667128,0.32693181226574847,0.8470763212277396,0.8270811367093764,0.7717051537621713,0.4140961557298201,0.488391302782008,0.39077080954725996,0.29443460140638483,0.4059533067831034,0.4968666730595024,0.7587885203245611,0.35002996193835495,0.5150807817113237,0.20895484946661855,0.3506261507884784,0.695476533204795,0.6182457165964889,0.6057046148761398,0.6714873325915066,0.36640398005647884,0.5483426779620336,0.49737854415857286,0.5275839652241832,0.4187317138634014,0.4544429020529556,0.4800668525010683,0.24297073634768335,0.3578219005404212,0.8856176469629103,0.4724987981587015,0.7163548041024851,0.5552676523393533,0.6886401205698346,0.8004024651320732,0.4544443898171537,0.35007393758596983,0.6382566185973577,0.4365497078893315,0.30718427258324316,0.5472038174506707,0.43937259312559185,0.35682795232747583,0.7230468278386538,0.7354922712992719,0.47158251134133783,0.5828476722526541,0.4979762180665614,0.6193893618117877,0.8065268607345978,0.2995212680636422,0.329270335774996,0.8000466873925697,0.4040039443837836,0.7865045262022312,0.5445988681168314,0.8514560420023324,0.5523964208391647,0.14056436942377246,0.714685174540758,0.4834117138878895,0.8210145101028496,0.5921793325694286,0.7726693284815177,0.5737904230502507,0.20322214511220515,0.3870418094275098,0.16557107222158304,0.3283586332328621,0.31667640439937583,0.743051114085958,0.4538461242572468,0.21174081967913153,0.4517034923357604,0.8394046743994192,0.26720769150959317,0.1541201259233172,0.4255299454051761,0.6433779211452357,0.3374455520346223,0.6109561033205632,0.40604158086893294,0.5801539947939789,0.5615473084509908,0.30130428261746656,0.5319965670241839,0.7644675963890422,0.24336848666531116,0.3133047885001772,0.5889239033712852,0.29184230580230697,0.5018952478201577,0.4015383342257672,0.2817572452366961,0.25080348434738264,0.24388517057178857,0.5491954512927436,0.6504192491726097,0.7079116263742603,0.8091926378504409,0.38425532865679995,0.6554509980306515,0.4678939375233244,0.4722914799543299,0.14482801807778584,0.489666545908093,0.42948116061733377,0.40978913047701643,0.3468089378058474,0.7792186779381985,0.3640667165193782,0.5468794161294742,0.7136922949033856,0.7936278009973797,0.39810446621250556,0.1352946587304147,0.823587987700468,0.8231140354258254,0.3771522345647368,0.8244739770382437,0.6937710647046033,0.6826497144123709,0.6376248941038475,0.7141638788222864,0.33061084948470393,0.5415119840218076,0.1747341293173136,0.12613276705835613,0.21284611158220518,0.4524250646887936,0.6984705551966922,0.5893008420227407,0.44466920682426914,0.5511261838721374,0.1614034854937719,0.6193343231345583,0.3389804460691846,0.3235593773592375,0.2990489700392027,0.6069536471627434,0.7581345973151977,0.5985745115613829,0.6658670403578508,0.573303323961374,0.5953842188094901,0.558797644514443,0.892450008201506,0.3556642320412305,0.317023816135699,0.6117695553891179,0.5411800774224008,0.72781285622731,0.8225664352916915,0.4768340754654556,0.7849427961308989,0.6149227523285006,0.12092299647048806,0.6251756169003454,0.16781354262712453,0.6413268915482054,0.5523030334454692,0.31800205600579773,0.8485127142461093,0.5481046849432704,0.5371865608359219,0.7449723149079844,0.553776175036183,0.1093337441719342,0.1241429822488511,0.5100744975057351,0.4898433157108731,0.24599496520644043,0.4268040274668168,0.3174245018895061,0.5958788034359696,0.8643821594316639,0.8691865307575718,0.4559530978764778,0.85763901242009,0.3811115690044795,0.44870726037757414,0.07661511248879836,0.28617287770241,0.2570605449508599,0.2816144604687034,0.25829442273095166,0.19948136245380388,0.6916451199721095,0.6316912533289665,0.5567253634442002,0.30763962914724685,0.0963763692231173,0.2420309114199205,0.4294029330934346,0.7415133277872522,0.3527726290514631,0.8354533963957601,0.6595147180207416,0.35946723211163445,0.825566624443689,0.8236271214903687,0.6670671329045408,0.5432564391129858,0.23194734392251015,0.3132125368042318,0.31920157866778404,0.27950847276467244,0.2700807175356795,0.42170965942556904,0.45213886110609375,0.5577049223681553,0.40436590404448963,0.4589056522338391,0.1418801518269713,0.7293922661272465,0.703151172737196,0.5473792107369204,0.8681993759740138,0.7626762673882123,0.15458988508468677,0.09255206028841498,0.08269277603068588,0.1941418166126436,0.1733971550822562,0.0,0.04269221372407109,0.15444642055508515,0.3171423568121923,0.4435361825862861,0.41247350176404907,0.2971911513036347,0.4459924867864202,0.37825736092713563,0.3917413659974082,0.536794483060431,0.5425199574863945,0.494759337619495,0.30261654030128954,0.2339719532265601,0.30754543855988864,0.8239047164023688,0.2111533022603613,0.36131633977525446,0.48171683722664144,0.13719454295843053,0.111769358061888,0.27028474759298793,0.21615234910188963,0.18503335317081476,0.3065378228657092,0.12827972630718873,0.1382594665932231,0.7845531269465988,0.11708822949327857,0.07902137839871592,0.294130012132334,0.3239579085852528,0.3382784420632656,0.2396789249395546,0.38920938903409,0.22318267344308781,0.15328086123243662,0.21848361053569282,0.5627693381660089,0.9114490249793463,0.14558164639140042,0.637393304110426,0.8208254653432052,0.3513386551679515,0.8339638229053734,0.2379906969214407,0.1312780402265681,0.17495189951421636,0.6145328228107816,0.46083991232226756,0.8178945894868633,0.7852691355220035,0.8206146979811713,0.13202618246227144,0.9001498066321845,0.15146688882502388,0.5407222137982383,0.8264719202364587,0.17548938788839333,0.7902992073675591,0.4380064142518463,0.8736042240562933,0.7184920006594973,0.6717063932466042,0.7946810418462745,0.68727336545936,0.6096974130023752,0.8404829394474695,0.6922908963480556,0.2946903199084535,0.037581880708160494,0.04835743793779252,0.044074766399661514,0.05931862483445476,0.11092207922131497,0.36233834256406267,0.4857990855104087,0.13550607405770743,0.0,0.8264437351495946,0.018785551463578763,0.23531654155986434,0.26464353018917697,0.037675426511171325,0.04508477768722262,0.06971549582946279,0.07322841724811074,0.17799432603285673,0.24214555601956841,0.38810658166006595,0.4341579859989234,0.7066177961744717,0.040892661246006275,0.12351142792376975,0.47101748300745017,0.6555243146340085,0.902490092665527,0.7291722604764166,0.813725244412308,0.5353482210153379,0.2913241089493928,0.8450667585284318,0.30616339384418023,0.36612755492207966,0.628107543277586,0.47960927160213246,0.6217315589275247,0.1220321321463242,0.6604163723556833,0.6121224416629202,0.6197146635465524,0.698612021021907,0.687893639633669,0.37717638339196424,0.7527754229401122,0.7967937920236342,0.7994716537442653,0.7894825212132426,0.8071544729850127,0.740198042202507,0.7452906050517875,0.8325955618911492,0.8470466503790881,0.8271339657047635,0.7373766518667362,0.7684295733371286,0.783714694739813,0.634807307257771,0.7279524372459323,0.8258923216587115,0.9097528625840677,0.8315964310874652,0.8396386780999153,0.3762234784236903,0.8774096306932383,0.682389748272259,0.8335848452611571,0.7550763385333614,0.13297418426822752,0.8965689874054354,0.40587591454339705,0.2326013321568735,0.4756310032522411,0.7518547754903949,0.704318601288413,0.24760082905350142,0.7955822059540285,0.5923356537780914,0.6631506261959413,0.8478594165068515,0.5685303979088635,0.7981494190035946,0.8215003469843135
104,0.0,0.44873914574851986,0.9136584044113893,0.8979121816200663,0.44670383256694285,0.6734381170773084,0.7356598922436253,0.0,0.4309258602418125,0.43484092564305354,0.5194071926072766,0.46479698048714846,0.6714121023803789,0.5999164648474212,0.12441305948251445,0.9400064744335669,0.3876083235372627,0.9160576357324463,0.27326773252083963,0.43474014403850814,0.798948097265969,0.40996744925372774,0.24056280951657416,0.4906930088795638,0.44867438966789547,0.419091858290677,0.30332672348631695,0.7063751060941431,0.6868025359262809,0.6830526381849032,0.15358938349685153,0.5459183382432846,0.6149320444230791,0.11926980944772447,0.39593489254240866,0.4530582799434048,0.30248072908553025,0.22038192677315036,0.22590158074566605,0.2563244825298719,0.5940599495639048,0.15271894361833807,0.2860470325223373,0.23700512508272792,0.9275295656147178,0.540563544781045,0.6804181541210256,0.2723525775020633,0.5288530075457304,0.7698298691203114,0.6335900564486223,0.11871386009514041,0.6109580136557505,0.5087711735717615,0.5107714639332329,0.6088817482055691,0.34772518893527593,0.35499007708154245,0.30621023877021303,0.2926326290869857,0.6098617047189,0.2001261934262956,0.550802232115289,0.20112635551095856,0.37551675030273246,0.16833766088975616,0.5042070378451623,0.8006691531883842,0.1577322438493646,0.6667661650142765,0.393549801953183,0.04172273333818239,0.4839574953599502,1.0,0.15684992825489538,0.7895099446969712,0.3193102351950947,0.12573445930680985,0.6876868763913871,0.48180880255639735,0.963914256888492,0.46820175422708327,0.6405699717086815,0.5053128976859302,0.35358707180509563,0.44709362832887367,0.31889121364541834,0.5290410311777222,0.9393942012178765,0.6251206066302268,0.9534590430958332,0.36416021848511726,0.3825268739514762,0.5544915245296076,0.42085547504114895,0.6530798211295151,0.3436602108737403,0.46223845996282775,0.29378082729074956,0.3733654843970545,0.2838478385527568,0.4626679042528913,0.47508059088034543,0.4227615318350017,0.394994261130641,0.3958827160098307,0.5707607148622733,0.2770739470976039,0.31388639808410546,0.526502507934466,0.9349698418656207,0.5926697102183331,0.30087112794125304,0.33980975676695807,0.5489864970606463,0.5817124227744496,0.5622904983448,0.1572004492349467,0.6733974608320243,0.0863686058155756,0.18339251624132116,0.3824818324958214,0.7454305964335953,0.21600744584360673,0.1513729671868211,0.1124709469812287,0.7701968486279548,0.3499373750469242,0.564528783497914,0.007129974569445178,0.2716064127633996,0.6251099871873116,0.5761172310916866,0.30333026722778245,0.4940505528210978,0.6324570199406254,0.2545676382823003,0.6816909696973403,0.25931205469784546,0.7724198594027742,0.5589521794469393,0.9607384468524696,0.8347989742832173,0.5947037657872858,0.4105654758820314,0.0,0.4404698809170436,0.0,0.5294674562777444,0.5483394990486083,0.6159945703593702,0.0,0.5091470036863978,0.5135019155686362,0.7084818560759109,0.488734469522367,0.4561170736011383,0.07577470582449138,0.4687190856875567,0.6104690561824804,0.0,0.3127468513437006,0.02667828907296909,0.8106096442821938,0.007648337636875423,0.5968912420182528,0.6888840463091607,0.44963119651490063,0.7239462815550456,0.15670170832171954,0.3267310700819508,0.5030958354368784,0.1583015971289214,0.8026898831430321,0.30264394805764655,0.3395378812936709,0.561379084806498,0.6182557338623316,0.5557739209144261,0.5799292838573201,0.4990315859023454,0.9388926021070537,0.9256982016445638,0.9066964485969925,0.40991052640570086,0.3274030693053391,0.10805073249207695,0.2393527738383948,0.16618286871647328,0.6654909532060335,0.8247580894828277,0.5078133236727504,0.5006822202264202,0.5193211854246398,0.35450794284029413,0.3845199796228022,0.5549997939066911,0.022403437210726428,0.8871275022466579,0.15678752775733362,0.17349520603231328,0.263933712253503,0.1668118598801129,0.40982884603335146,0.28410081099105466,0.37863406175981806,0.26952897070087684,0.30241298780752507,0.8917300657303555,0.011103624502322468,0.8231961123180889,0.15324491552147074,0.7442798796418659,0.7561077006819509,0.4442043361965727,0.3649989149231857,0.08877132750292631,0.17379221819284046,0.5096082429240443,0.5713429590858954,0.4608271756892124,0.3610636432987767,0.673354657812442,0.775821167800056,0.375084257545534,0.5240148118935254,0.5515914198243815,0.5394263964899448,0.7959430756321083,0.10180605300657372,0.28527921203123624,0.1302274125128234,0.40701286249315033,0.47393391333390283,0.11197609597760375,0.9520941286108966,0.12555411469449904,0.19510265941937313,0.7142876579471626,0.41131674034269816,0.9249086499130743,0.4896562606820468,0.9252703513437327,0.48250274281344807,0.2127740343139911,0.0,0.258094188426892,0.2360608999875986,0.1953071354119236,0.8817677416033952,0.16280821571989718,0.07174531958720334,0.40727175834349283,0.7940518079049164,0.0012786886990474194,0.3123858984863077,0.134317980365973,0.0,0.3087060204954381,0.0,0.14509684178990098,0.012549332959106435,0.014418930041261824,0.16619319341254138,0.005937947777705026,0.7093615384389796,0.2765749628457324,0.9064534667077857,0.5663446698146636,0.4775211063583493,0.43371128661921265,0.18405651412721646,0.006113163308535056,0.24373358957690122,0.05762327686155679,0.7063660918815022,0.7056022167577277,0.8144262819450462,0.8791015672562069,0.3258239658560978,0.7181995501457761,0.4055956599912003,0.1746880986378514,0.4970118316582801,0.6549773371610824,0.28663466163034335,0.34887985095720475,0.20069448683770233,0.8709135510244305,0.4018249358463677,0.2712313899412722,0.7928630492385734,0.6830946657419419,0.3863434495824361,0.020713950284429808,0.9264350787687565,0.9389144069284581,0.472649678996545,0.837022937878397,0.653714377746028,0.5648408181336656,0.501216938641893,0.8255337925330201,0.5192136659635839,0.6187118608682282,0.21009139074610825,0.2598456688279944,0.22781370575891202,0.4546792973339727,0.8274712686018819,0.3025301975914469,0.23355549618226668,0.4718570165885332,0.4128732447722913,0.45877233536734435,0.7336459487483473,0.7266636362207446,0.4133490926965387,0.5620593147569207,0.6788012868151404,0.5602561144591194,0.7686059742240392,0.5176786244923892,0.5910986887852046,0.2809367737609356,0.9351664335654442,0.5158801709889504,0.47589025620284336,0.44748941577509116,0.3392809078813033,0.8293292837490039,0.9248260083290563,0.4638545303147014,0.9346875281334363,0.5876908342245977,0.26163424081899295,0.5984387926763673,0.26558862830917146,0.6125709247780015,0.5100179821822348,0.20659594110301543,0.6208717298089977,0.4662735192802235,0.48231182886125024,0.7909219994055804,0.5540423927765543,0.47689228952064044,0.36150215451327594,0.453729529803189,0.46387622520848193,0.47003405489942257,0.3880881834069457,0.2259700480107945,0.5062817336591752,0.8626055639195476,0.8646102679482298,0.5341642290177644,0.8352647069037548,0.481704864420397,0.5005717134405929,0.1521922588250351,0.9460896498946094,0.2647463104035293,0.936040363669217,0.2827372284469713,0.9288423217542549,0.7035990517485885,0.6240021766924975,0.5329428772345031,0.4038603507777984,0.309700357270515,0.2664446654031868,0.5078584776761933,0.7233252635676285,0.9433754700465602,0.9281555410501623,0.7817614704108387,0.3778202639461296,0.9209401349383354,0.8504342516896138,0.6543016977955827,0.5715935999335889,0.8783587248444403,0.2858576806513258,0.3052625461356904,0.8985445067921369,0.8923765661729735,0.652781370136611,0.6465202498674565,0.535385589315969,0.6229404303456813,0.6432492832568302,0.13745348786351083,0.8084038189490093,0.5551112285220814,0.5380299398423151,0.8914271835324852,0.7474317906401106,0.17762464926729818,0.4675024375114304,0.43451247453680797,0.5144535278171212,0.4244103190789037,0.4576359549975666,0.5157542630847393,0.600928752866794,0.33367398148094024,0.3732521821474018,0.4654406979089458,0.1706724252922503,0.5482312376208447,0.9507004899498764,0.9460990797151161,0.7356576486306543,0.6829140535864612,0.6788035081972714,0.3343511626219478,0.4663184393514433,0.951099018792089,0.9236477542821367,0.4483515577734625,0.9461584010770107,0.7424600060458317,0.033648071509271606,0.16077853485203605,0.11913332063670558,0.45385658592149714,0.4317256656657425,0.5721895495746439,0.11731659949383326,0.16465683222853575,0.673044515294771,0.4086415754820994,0.27128197547745775,0.4986484854837897,0.8463341030093782,0.28903025624325207,0.2593764363575075,0.585706327178657,0.5010079266110294,0.15206331002461504,0.20985226744316743,0.6622702537921301,0.7633079134897615,0.4737429392075717,0.6965882175738071,0.9201774460731331,0.6004728917656084,0.5138896306739201,0.047769315204499736,0.17619734793009015,0.09489717537839262,0.8748762856514974,0.5794629675467465,0.7513628644820914,0.6628005332192992,0.9260264434921114,0.3734472089419833,0.9126816024132253,0.17416223447887874,0.5548625421334409,0.7145087389958746,0.25810930524473946,0.8822403927934223,0.7603200182799735,0.8542483614136503,0.0,0.0,0.36406884670653333,0.03342207594355559,0.3119060218140435,0.9168579806313921,0.10424055644304121,0.5761552981527359,0.5415052627306352,0.3995453165004976,0.3782874459793811,0.15880536556040897,0.16124732020793253,0.6070339485996953,0.6936532239789058,0.08410806061981184,0.47736403635310254,0.9325339116206232,0.43069226867222804,0.4988842996371211,0.5448915524156447,0.5872311513277467,0.6038926606411642,0.41975345034691003,0.38758935536549266,0.5699974547543086,0.5813723907819318,0.740927140518553,0.4693869568405317,0.7239825469947189,0.32078198091626636,0.5465753869963372,0.39889279348345,0.5247427856118754,0.9926830520035839,0.8788412919114069,0.7930699484500986,0.45095750987204863,0.5553842315514412,0.9281157372722175,0.48124666554521506,0.40527495062041613,0.5962524748743033,0.6028920876899693,0.5919439335040725,0.7143059254288312,0.6237892928785629,0.5823858080739224,0.5418378480139815,0.6153867952384209,0.6690210006059234,0.5506028013017511,0.7458553501352515,0.804589021564527,0.8025821593513015,0.8193452430410664,0.8330867208197791,0.7469378788376719,0.7772595914693661,0.9431757791340224,0.8508464097027005,0.8660244394653418,0.7471117221125334,0.903780003683622,0.8885705572496835,0.4202388790508774,0.47820125704862104,0.9219773624392538,0.7633715935569848,0.4870377593542148,0.5978586564487665,0.3469888912681649,0.9443427405776031,0.21358376329281376,0.919072883492427,0.7037484418048761,0.8419976917556187,0.7190829750075772,0.4890669387170667,0.7983987779604496,0.7816520767544956,0.41740643886190715,0.6590900845476847,0.6738930405011512,0.9307363585247795,0.3878374425157114,0.15693152796074364,0.9247163871709052,0.5354930356354092,0.9107268197737939,0.9422320432016976
105,0.43911469584403323,0.07696736793289562,0.1671879270564742,0.1993592933937078,0.47295295688930616,0.6129225037637738,0.18501927575462943,0.23562636867427383,0.3772565867084284,0.3308897442743668,0.21868436885434633,0.13138092924329522,0.6722856842174562,0.17878175038359473,0.050807905881678134,0.202557828731993,0.41957363442891527,0.18276728606007492,0.21112102782036873,0.46835470119399114,0.16306437860209683,0.19614877644424952,0.3759533017639711,0.41902499446464064,0.41669263555894653,0.6534441113197329,0.3077308958534133,0.6192437980171415,0.6027771368310157,0.17922153320590917,0.36039707202087246,0.4556073062725169,0.21949373750205398,0.344205704408583,0.5284574358687332,0.3877472277518836,0.4211547984120103,0.17660357408854205,0.4184535077180593,0.3656671665991212,0.2650756572132101,0.25231222745944154,0.11120679070953261,0.09738187878658294,0.1199617739063298,0.2968626391662094,0.1711140081536175,0.31799967855577416,0.2943114444183032,0.6827329589550726,0.13154914711487933,0.17257402883012327,0.08709651870342447,0.43913559592599605,0.2318687992470282,0.43844950288620116,0.25901324461180025,0.32261217608185455,0.3389040030235167,0.22382258477278788,0.824582052036328,0.23308827740959473,0.9102991247491967,0.2835213250716976,0.7087147628234072,0.24647031257532886,0.22500301530261602,0.23796013098283625,0.33859286281395257,0.8241532769781913,0.4642985975589658,0.2131318231365133,0.5536476864498897,0.000654922454192806,0.18913598292518363,0.6412860152436308,0.35927532196898765,0.25581504160351015,0.46667655780849393,0.39762580865898023,0.552677111361385,0.39342847315912743,0.1253153000263062,0.44842503481675255,0.24789997698324195,0.838861291454017,0.786030522602917,0.0,0.19776363991534224,0.10326697762333485,0.08962062866988982,0.5523529468860365,0.7059579731872843,0.16221668892148483,0.4397723517973967,0.5864094097175214,0.22120223894929544,0.4225256124015174,0.3198620155302058,0.2950114907003544,0.48423442814053436,0.4473206813210444,0.6311740686473052,0.18712306130018982,0.2995878233865032,0.30325361698677306,0.14941015175360892,0.3921730990921849,0.2527947832965284,0.11290663314065043,0.24223257007122084,0.6582351762573103,0.4150632985940054,0.3038821857755437,0.5730185439161839,0.7624972906228051,0.5971477088172145,0.20758593855982807,0.2726326915131346,0.23532489819667662,0.21870804067705027,0.6529751647726846,0.6951844794876866,0.34314770282309387,0.3363662825746574,0.256214920763587,0.1586233852988969,0.10585315734767253,0.5580614332617653,0.22897748908623994,0.5321848059748505,0.3499177665002455,0.08135242815237369,0.1931347438612882,0.46523625889231546,0.12896436271929088,0.2079275893945369,0.7770477404464335,0.11109725911916012,0.8001096840748266,0.6978016886829285,0.9682112965032553,0.903635246286236,0.6061327629087285,0.45159075330378556,0.5713416692880395,0.30449720906953615,0.5524029947984662,0.4755640327402049,0.5802750076495664,0.2912273716977782,0.5769055236350752,0.4476068989534723,0.4496395279289348,0.20982806565809717,0.42680167794953433,0.4366379892402401,0.15176476294764382,0.26839251813928305,0.21075807496350765,0.5172521296670235,0.1686151603324439,0.45714615382631174,0.7957936359108289,0.3465305800702727,0.7661403490019012,0.5821795759630866,0.40071553633544826,0.7489899392658927,0.38642259520873895,0.09417526342486629,0.5843743096359385,0.3563172516187336,0.5993937195926182,0.3047052381573136,0.1774815554042019,0.4919997344726734,0.6594691523410569,0.6242155235995177,0.5165481957198504,0.3730818603577679,0.21864851209260486,0.12832692022063028,0.14861408111819846,0.383667150745004,0.314851143320852,0.3207279384720025,0.2629223542628541,0.3430209987243812,0.7082779626464872,0.8953646628667716,0.30836537727460733,0.5302910116513665,0.35844375467326256,0.46151349286376253,0.5218535990157598,0.570539535405794,0.37507986492211465,0.5375778553967663,0.29200337975765056,0.39988614781686066,0.4487715022917505,0.22839040768433222,0.22805428480151113,0.2845482175946035,0.18135593553344395,0.4273291681498573,0.2524944152896626,0.8161834385446239,0.3646275594046114,0.2412195979952992,0.3910692647246599,0.5684249815604191,0.2587054016159567,0.2513374624317212,0.2409815112647715,0.41949509620941206,0.2356228147472838,0.3858119447006278,0.544928584860019,0.4148658250881667,0.3436875654704963,0.6669861307122094,0.3386206980217054,0.211046142864235,0.4863995411381017,0.46050174957717366,0.4803737121013403,0.10264373085645155,0.23667617941260105,0.30821659037864124,0.8052994900372696,0.12800165411826184,0.7851939152625157,0.2593458010549154,0.581360769488681,0.22581807561478773,0.08784225705824979,0.7056688617903327,0.4333481995350579,0.17600686281944947,0.4913205403995353,0.1125162035857849,0.37423455521685467,0.16171905386549223,0.39503817926099494,0.20278975639166236,0.35897450426040683,0.2847488727385017,0.16134954198891474,0.16753409408481534,0.0470169285536212,0.3882809023414567,0.7015916440344951,0.38866441542947233,0.33326997853507767,0.15016809597489714,0.523449363324872,0.3884625757281714,0.4930074026934424,0.3700849091851904,0.5666923163387846,0.5505620021989891,0.09689795267340996,0.5481618332932887,0.6665509470061494,0.5732007910315279,0.5513343106022309,0.5119043568727882,0.5502246680069635,0.6800546065371114,0.5380966775217904,0.4986684593485605,0.36137006341550565,0.09993044804404014,0.5751177717646758,0.7928092888620322,0.2074455884478053,0.8974651421341541,0.41529456431226613,0.1338971101709301,0.5075453224852042,0.03483427910650281,0.4429361914625815,0.9129136683395203,0.6336507975613112,0.5135572013080426,0.4282475107535855,0.3900804998914196,0.4091370158092471,0.22444834222676371,0.1578905043638617,0.6194525019255397,0.42366226166272697,0.1723134822475891,0.19004443626008538,0.15827088847749676,0.5086333545296059,0.8284253975686513,0.44521385472529323,0.5105468819538171,0.6232763749645843,0.7748827647478126,0.5320647731973984,0.3886181284118531,0.25967795309598446,0.14877053448956046,0.23192668471554712,0.471424335255278,0.723509517011714,0.31109053071501036,0.31310142836001575,0.4362258422876653,0.19155128355771775,0.5821543710577503,0.3575917142553684,0.3969315293021803,0.3257611076268485,0.5168344507439926,0.09688600740673875,0.5175056627308176,0.7822839331892675,0.49885599749400955,0.47050302045935605,0.25553542489738285,0.4896961066201395,0.24047248234010918,0.21118252801370505,0.42387170681855474,0.2682575025933528,0.18662449315898355,0.127610870079181,0.7417389073258916,0.18330431721468488,0.540383808574891,0.2565078247886899,0.5420259716613978,0.22067525204433028,0.5636676572119437,0.6782630374702925,0.19787798549276348,0.49066337000938504,0.38117539486463947,0.3031898777813476,0.7789559896537136,0.3348309893975389,0.15568598104452053,0.22635582700572307,0.3459623721099524,0.39779381666832836,0.14998857099258756,0.31194387170549837,0.32063139563636706,0.5544385956433491,0.8212649326967539,0.8261941340330762,0.5857359916531567,0.8008839904278775,0.5832384262073794,0.6233706536811172,0.2143086940170956,0.6063015142271871,0.22651844833151308,0.5920126239080372,0.20370660694702722,0.5575776954872476,0.6333312473638696,0.613712680637551,0.5351302957981146,0.6169825569607578,0.29210010950025866,0.2470518415722606,0.5556351248777149,0.5544679771093431,0.6202556955130631,0.7870397783989034,0.5959965392541631,0.3645270376624907,0.10631988953212768,0.19676257845049827,0.6270427214126904,0.6296001574141048,0.43566272153330393,0.24663825482977234,0.2648995525829061,0.673844020141574,0.65970663598705,0.6802404505367082,0.68065228828735,0.42000764099987076,0.662321225709702,0.658715533860233,0.06916100935763075,0.8414286217469261,0.8296019441781787,0.4660982636115969,0.6819095075576265,0.601488024344399,0.12293640211665927,0.6409242281482875,0.6570458573138147,0.6518685105611634,0.6111391256534291,0.579047840331683,0.5627740949691593,0.39388669354870615,0.32127589392512346,0.2734975022168783,0.4316459497018183,0.31494946057845224,0.10112228543876745,0.780441408216165,0.7755448914507017,0.7753595369241392,0.7438438647687883,0.734200095346533,0.3690883923412238,0.7031637660131054,0.7609452538132926,0.10871818985740901,0.7198958120868411,0.7858599171994004,0.7720249544240407,0.01923101800070366,0.22566085660057286,0.31942683525456006,0.7201348723702157,0.7393211281965736,0.7365214964931399,0.13519280971031203,0.4840805552760387,0.5522318457660624,0.7067903906849328,0.5630447284735016,0.17176524822575784,0.651430323228312,0.3016717334778823,0.24139371688355718,0.30998649318794647,0.4864577197468684,0.2328981213459518,0.2037797526366857,0.42013404857042913,0.24983137739006206,0.7261704528880165,0.7920039698167287,0.1229931283817737,0.548033350840124,0.31326757171727665,0.0,0.14575514081530005,0.6814482688109974,0.4973252776696136,0.6023081993456709,0.5757095663803589,0.7058543782108347,0.1034640088138308,0.3815700259196573,0.8997280360709138,0.540854938463159,0.10272517972695118,0.7363889597800926,0.2699721810970938,0.15362971142512585,0.34838768339219184,0.5799303824593497,0.3991821082254718,0.3589424361864457,0.4630545840535347,0.15924741230600514,0.4124106472252382,0.12448672390459299,0.27453430639241655,0.4075210747771576,0.15550893155815745,0.3733160560273303,0.3526461816083357,0.37225596684758955,0.3700297622985741,0.4598555471101875,0.5410158386330792,0.13926136535292188,0.44280876348085313,0.10871404874921625,0.4343723573347993,0.3879893378047094,0.4293911205215675,0.4953467431744896,0.49107976669340675,0.2963384103339653,0.26483132118616914,0.20766683582541234,0.2370472161366353,0.35346614776107294,0.4520790348584419,0.44246381193912976,0.37322985092223004,0.3521156196844232,0.7412780408170075,0.7726350840697079,0.8456563432592233,0.6940700488322469,0.5368855855761858,0.692158308125048,0.6087086298906318,0.09928878201670535,0.4705579837895266,0.5029435667911224,0.4604593070183279,0.5921384818298894,0.4607805933406206,0.5352198834059615,0.4893905115806654,0.4586409990941122,0.3906120966251968,0.5189528695473058,0.5445881442859155,0.5147452634636114,0.5125265269379009,0.6804485646612741,0.6777459567434941,0.6774369668332838,0.6620897091274731,0.6770316746469899,0.6529638469583235,0.16064211982379265,0.7286411064284205,0.6842329104351532,0.6639214311318182,0.1800853075385373,0.1406324585678895,0.42505341735087987,0.2578027438943032,0.1290900220420351,0.6859605322426118,0.9464276708854921,0.3511928835485787,0.39555800774311395,0.13521507876267488,0.5807948765517643,0.1608116883855323,0.6480845619636715,0.5384475462151904,0.705633335908469,0.7678774887274585,0.6655300846021202,0.7624579830947644,0.641235291631779,0.7651680949762042,0.6502268474634106,0.11638521226042871,0.6159651189713398,0.5070821378650443,0.08739544211098885,0.5566438957277002,0.11705714198673417,0.24898646253761142
106,0.4913511800900959,0.41079539118273406,0.8883550597830734,0.8646115518361748,0.37643620428033636,0.6984775230296913,0.7348384564316126,0.2909893622277192,0.1524320291335986,0.340572462291939,0.5338475025649353,0.3457388129651429,0.7492585585325243,0.6005724367134546,0.1330867250662333,0.9243299121812666,0.5333153662315738,0.9379703588067021,0.2692374688049892,0.2695778959037968,0.8090283412212345,0.38194793431713475,0.2400108081427488,0.5210156468098583,0.7170869228461164,0.39406758490131233,0.28992968494205706,0.7085860967866069,0.6964309700680702,0.6756414393907623,0.06400680295820987,0.5605335899198645,0.596442703725085,0.24573327918608273,0.18429206916779187,0.5815260061264649,0.4687789829149388,0.3317561375867837,0.28117163146695295,0.20664794484353183,0.6276036724925974,0.20145819128191023,0.5541244745021979,0.4927243119737456,0.9110554727488871,0.7273011531398086,0.7277912148919506,0.5001569556553792,0.7269555855400014,0.6871861758146467,0.7011330757386218,0.10826222520067888,0.4321799278445356,0.5644733438614284,0.4557711928199722,0.5397958460627411,0.6089950074722719,0.3119359546921937,0.2242032249693122,0.5757699210527853,0.8590140213558903,0.10390699547112506,0.9711694426503203,0.2804119389873304,0.3366263953035999,0.06928476121086767,0.5311714584037925,0.348939605687776,0.6644484876616216,0.9067156008715699,0.32002198626664247,0.56382637862935,0.2896415960192308,0.1432257739073076,0.4983197488297528,0.6706909902272857,0.4250989604401039,0.18695168317625974,0.5250998551287447,0.25645107788629856,0.7856159257259397,0.38072522842637807,0.4900351311950936,0.9627554727156092,0.27824903749777413,0.5384490477325783,0.41951929319471293,0.724251539444408,0.9253638540856185,0.5646405237521028,0.9167895395242295,0.30981254158613136,0.7671197368957551,0.6955293405872346,0.2039392298691996,0.36434577531146206,0.4044242098627668,0.01593379557260004,0.12899241713484166,0.45926996597197817,0.29209566115947655,0.31723407951834853,0.6381477007382333,0.44190822203567065,0.6112787796489163,0.6095854190399348,0.6711811338907151,0.13242071638926933,0.612144718625761,0.6779529261514364,1.0,0.6126890804802894,0.3572854039905777,0.1490044125941506,0.47868387441233035,0.6254303663515852,0.4874391480622312,0.48619496208112895,0.6080466282385337,0.385741705185766,0.3291879307674748,0.47793063425888344,0.7453123114582613,0.38362807413531674,0.4439688277864891,0.2814916619592833,0.7041092471777208,0.3452408838717065,0.5760113470669788,0.5748826975416372,0.4728687263542896,0.5929422628805006,0.3432943944281584,0.155452291427948,0.330659183849621,0.7583331894351086,0.001014101424424658,0.4932588736305713,0.4143447878769079,0.7435736304528777,0.32548281420118497,0.9545295286602431,0.8232727786403955,0.5315563609126398,0.34332352739618305,0.5636935859213397,0.36846865719666544,0.5937453918530425,0.30773672268787805,0.40408488122176145,0.4308631493999354,0.6015844076898675,0.14200182326409716,0.14359269006112185,0.6412975034506472,0.15510819692252475,0.14783013661526548,0.058276812506032,0.5127030858867325,0.6188976746933402,0.5266531144169778,0.13682801285910637,0.5710372128675023,0.7186442689511561,0.43185513844744045,0.6132814676201848,0.8283593064788227,0.6517339514366717,0.7157908650750453,0.21767092324661316,0.31450557441104066,0.4260576843587396,0.2084013880707567,0.7775110454025543,0.335889169505491,0.36060402526236035,0.5956558061830802,0.5707788006319716,0.5002468254588316,0.5313687549513336,0.07429701410463169,0.9181082717041671,0.9197682323288632,0.9252177695407955,0.34461774176643367,0.3221395627603332,0.1779298115780147,0.47495986191405926,0.21555447199947844,0.4851514519152768,0.78964990010385,0.20084196772606616,0.4081050292646179,0.17195269023634696,0.29470273770418903,0.19821345545275632,0.4995183434420814,0.48219918887010516,0.8190943144753982,0.4691921379108664,0.2342129849986692,0.0,0.18177173778320083,0.4239264871127781,0.0,0.631011174061837,0.24912310012340325,0.6103566070932417,0.8886257774564433,0.18375966911160369,0.8154600542181535,0.24560402750738067,0.65197617648951,0.6661620682646676,0.24939002529577506,0.3312353619514094,0.39026754130553415,0.21389903107453084,0.45228430922744656,0.5605046197975904,0.3809880416949061,0.36958386826831696,0.8682777219303793,0.5654704306946878,0.0,0.5632867302802803,0.18429731426156346,0.5586140098760117,0.887218892775264,0.27323178550337857,0.3171804238240556,0.5554988713002857,0.30429024402325333,0.5335719363456798,0.1597465288680132,0.9500133260895286,0.10602587162304229,0.15465526475259173,0.7432804504585718,0.2635815352424248,0.9136081580731039,0.6460008242609147,0.9197124120007057,0.5156880428274194,0.16585065003323646,0.15890479503127622,0.09326565758472978,0.1624375051715923,0.018387558990065077,0.7045296400155544,0.2475146096009833,0.2818883956321995,0.43912788641456263,0.4197122068302618,0.5764495506606478,0.30276148755916615,0.2109963245612611,0.16795772635670372,0.29791516179218497,0.16110481600737292,0.20917129686302227,0.1533300634952308,0.14616631805371016,0.1404569995658573,0.14602169085443092,0.6719345824089522,0.3637754526679122,0.35255896654744484,0.46894745742368255,0.44716377413769176,0.48292005695761897,0.20201739574166444,0.289023458693855,0.2895671146309923,0.37344874389064703,0.4621728316759727,0.5658213449982209,0.8839618099762487,0.7834137433234609,0.33502348095255313,0.658912390135992,0.6130252514584983,0.32417937556634746,0.25741816668552103,0.6297427011484487,0.30869614329127404,0.3092435692541192,0.11612561563760973,0.8366612784700113,0.1782582382159446,0.5381099145934248,0.781434569120467,0.7981873985179643,0.35413041445170584,0.3323193296166541,0.9129834475366319,0.9006149248490981,0.49127958701286906,0.826209219760896,0.469672334088849,0.3054790153497789,0.46580527564456076,0.6918592531139652,0.3004212010726009,0.44414283052311637,0.22818149722201847,0.20510934450703053,0.1341639643316286,0.4764613862332856,0.5864424342885861,0.30746306964529113,0.10619174861785302,0.5802885224232813,0.10222170456720829,0.6020210498371426,0.32879135919274655,0.3791058322754928,0.39492275514192077,0.6035986606627817,0.5443735394950452,0.5956128555972606,0.6466344490823206,0.5764266008546555,0.5834055322986276,0.7097876339277498,0.9227884906286906,0.32865337646358994,0.2959144389074154,0.5792887355191492,0.4611229886171109,0.8140551892158291,0.9062842849845052,0.5729332710271203,0.914545805450243,0.613231818816128,0.148829680924397,0.6269921089025682,0.17185523415246923,0.6559471339208529,0.5849235606508079,0.32563839638294834,0.6931862592296697,0.5779945158619432,0.3120479308618393,0.6249228592008167,0.7534798343970578,0.0674483491625073,0.20793786711563075,0.4645478673268533,0.47491898509019775,0.1376894233198936,0.4261909186830581,0.28210193265291666,0.3815265831925787,0.8913862386282436,0.8854347921125113,0.5090170498695965,0.8526969186865194,0.4432526090025009,0.5083336377306032,0.06538633538152616,0.6908995371795701,0.13745042314515593,0.6843639803115336,0.14735232594399233,0.6584289113907864,0.6894234997870189,0.7663342375709344,0.5319518736752156,0.4924502820083372,0.22579935532351095,0.16916355028143798,0.470541078975914,0.7463660947704415,0.653142513098556,0.7993542875146781,0.36153236952674844,0.32074809699653783,0.899484248741037,0.8641992435350413,0.5483006339595576,0.533373283872147,0.5460710984050362,0.17189302581298418,0.13328749144809451,0.7446280953824368,0.7220821678276518,0.7831796718586945,0.7701933627193471,0.373565565798169,0.7635253365874528,0.7711487598421641,0.1524216204283454,0.6262032192828128,0.5255094978535841,0.45120988132125217,0.8071911541468727,0.7712786377404295,0.10510676630180914,0.8398036554973967,0.8583844304824361,0.7482091506514386,0.7147088290151474,0.6872490539657293,0.6814386111109184,0.49658322996435866,0.1876455756810244,0.35984733526078,0.41538170272268465,0.31491180717354034,0.3877414558654353,0.8315825875570942,0.8170203438817712,0.8352134900888628,0.8257409067896494,0.7962868517383735,0.6357875917754331,0.8800932357982927,0.8245372654017894,0.9042390188295781,0.8763422470528062,0.8422524172767767,0.8333169777762435,0.036477709841053745,0.04489560182244051,0.5065494320068743,0.8890597519861535,0.8831256994403424,0.8244327708241456,0.11052327122558203,0.6723918796653248,0.6177982248850531,0.8880683766083834,0.6476867212500792,0.4334096276042774,0.6860781835034743,0.2119278542401078,0.16975280244122468,0.4547413061024463,0.6109707486346552,0.016009165153591447,0.21351310687914998,0.44212368387300305,0.7423004783721178,0.5884926337572027,0.62469396336858,0.9002757546919258,0.8138227633523654,0.5077779486677797,0.1412290540185117,0.1225452463759851,0.2713230817382051,0.5609334864154878,0.5849041723119953,0.6534852171349966,0.6271985509014766,0.8990267261815068,0.3640726940137611,0.8185423611015511,0.15302643731906576,0.6879142961047263,0.748919766282433,0.2233849921608266,0.925557621443907,0.2619852021130016,0.6831454135544843,0.60881677781981,0.5790886512357615,0.6718787316305035,0.4907465252046923,0.7893055648195648,0.9102173123343422,0.47327871592189064,0.43703079744972084,0.3617090735739571,0.4896828938419624,0.4723536886116733,0.5647328569259628,0.548831623789975,0.42120077907103065,0.45991593264163183,0.03234034900151391,0.39509937159624575,0.8952174582431334,0.3400353779448071,0.6045541786152052,0.6399713197307414,0.6789725571044428,0.6916011693616795,0.5472871596032519,0.5046735379839857,0.4114146817720918,0.3540301090935793,0.40288225757181306,0.29376329642247945,0.5810749202561515,0.35225503784026413,0.4216573690804783,0.661337059541817,0.5567231691962398,0.8467165521661941,0.847562224473557,0.6866767512031512,0.6142858788136251,0.5273126475918968,0.9146204526931447,0.599850069859846,0.5878948032499166,0.621679268000478,0.7135354890588265,0.615990688990407,0.7525787753331826,0.6521387208618357,0.6047662355031646,0.6053901776827634,0.5973854819769797,0.6435268121870878,0.4049172896047135,0.6864438978869914,0.7604623659753513,0.7618563658928909,0.7604772560922588,0.7879274642445611,0.7670341943614009,0.5825223768429768,0.918811847753883,0.84421009272588,0.8511843043518751,0.7497321236423163,0.8845751397089472,0.8720652630424286,0.29709654753233117,0.5045272393119565,0.9113586114716227,0.5588087665006922,0.6006578758208888,0.2625037934016931,0.40623896643838503,0.9119056418286102,0.3098792287507958,0.9283915033736234,0.5507315127794796,0.6308004334492965,0.78787586067256,0.46667685112876617,0.7720516757448999,0.8601460012660608,0.5472791601780522,0.42192563909230896,0.7665199923335332,0.917680541538918,0.43205778976175124,0.41321215884003837,0.9020404894395027,0.5543317156630743,0.904938649925986,0.913847975555815
107,0.49560633613453103,0.31485180859332756,0.9434164894908035,0.9241383952299314,0.5020764138148,0.6671340114656865,0.661743196684294,0.6414607875478449,0.58022109063372,0.6472214374265287,0.6984639827997196,0.5073561642826739,0.5697872231693709,0.3633053288254037,0.06433034946659501,0.9595581076387677,0.5582439185898808,0.9365800539222047,0.35975612335505686,0.2749135614608667,0.8226071370432183,0.41661424588272683,0.2878026546348822,0.5305444728446043,0.4425034503770528,0.724753931610804,0.3548676799335513,0.6904708992080401,0.6734378929061104,0.5822856946710238,0.16521890594607563,0.6492075383630167,0.502832549188245,0.11148380959173636,0.017254331810339744,0.5978371518013618,0.441419252056129,0.2878646544120782,0.19562700063717192,0.21191765000020005,0.4768553964240734,0.40332480420099087,0.20357646945928956,0.2049675268892826,0.9491697347768792,0.5083136586780164,0.7998645249159461,0.3770612150445655,0.49679612590701083,0.6891351965233466,0.7826822991714948,0.1735649922676038,0.5057943369638147,0.6105471948400676,0.05027468090501164,0.6182459876700408,0.22003675548045015,0.2809717432242118,0.2646730758951189,0.17825851010618993,0.6838034690007537,0.12485646196041982,0.6716015083779215,0.22756689349426043,0.37132387202524475,0.13347504230179957,0.09275861742860014,0.2791097659362865,0.3016912840632365,0.8693951747581168,0.4663115045274403,0.18301667440308317,0.43128748478664836,0.14034887174824565,0.05361992858663817,0.36928178001271833,0.34688917603434755,0.4384778648036499,0.08547383266268722,0.41452240278742136,0.7429188031228293,0.6893390702599392,0.2966145175792764,0.1749824685269144,0.6646090399814907,0.4640669618110118,0.3693725605459884,0.48358336675384617,0.9615246179730448,0.6932189914101885,0.9631988663658032,0.35746343258218,0.5117438989268159,0.3099776811867071,0.46121324567018734,0.7266550802374281,0.4664520139107057,0.4002349242345019,0.2796649614513657,0.32865514983838917,0.37927210020387614,0.4550150920885508,0.3719315925054324,0.5184398667201756,0.18772320679485105,0.19325713148911589,0.6984703757152252,0.29405315798399995,0.19077830886210229,0.2748095876193144,0.8250544058132475,0.6110219158347997,0.11604841869874118,0.40205194719422216,0.5231133118675763,0.8246781711306068,0.5374258970734933,0.06385203163787186,0.6875556825060564,0.7662087185843311,0.3299260101755102,0.49885075654725936,0.7430904047847083,0.38680980667173814,0.4448668636926196,0.2929772251893994,0.8555138116284434,0.35094079689458707,0.5621727506394357,0.19579276791863687,0.38779265727930856,1.0,0.7086349157335692,0.3079982605776945,0.36703008406908055,0.7630981326363695,0.049289648323252666,0.7738165945507234,0.3791077795625573,0.7504480437975362,0.6966652252448153,0.9248879787632619,0.8126329699720883,0.5646859911919226,0.3945148700768837,0.5663232238131183,0.31552156882883275,0.5744079131007725,0.5034290756972518,0.5477979015929705,0.6750911686226007,0.5387882040422416,0.5762305024549852,0.5790022978466075,0.8196663321151014,0.556950494749949,0.5415266076596184,0.30232587002832256,0.7040434922170319,0.864223118243614,0.55413793957567,0.1576078706888334,0.45809301145320475,0.7302050045086315,0.5338139722011248,0.6617854056850359,0.6004643333564079,0.7596618323402238,0.7638092004932978,0.45256603649020516,0.08223537123589571,0.48093696520080575,0.4290796025523218,0.8829264814932163,0.3749513354140784,0.33175125537054084,0.4860034413696928,0.5584056334267401,0.5014275811368623,0.5268359811457932,0.5517675545592832,0.9555704298432021,0.9526864219078884,0.9440381567933176,0.553412155371186,0.32241366247811926,0.4807659772656026,0.29935701072430704,0.49424456258465765,0.44423236635998503,0.7199889411653774,0.21920554816791035,0.5872188546181407,0.18234828405953504,0.3293240010319402,0.48433822099195306,0.6288710030835318,0.06724165747903056,0.7866275428361458,0.41642961511700965,0.4804774660445285,0.25755748084284963,0.48682591336574643,0.4053135087469958,0.4446837408132337,0.23628975080960188,0.14160014007014757,0.1668479526281086,0.88895632554678,0.25142656488778814,0.8311700573310885,0.34322474862500046,0.661608131233195,0.8732861777352308,0.7294819860393722,0.6873252665773806,0.4446110601233945,0.1749541090822049,0.49543676813673454,0.5749683717058239,0.3920056229159449,0.36609978087260214,0.7738650583364934,0.720572549591703,0.4875207291346281,0.6393444012620525,0.6059191512187931,0.6437914178908657,0.9003624831356071,0.3510480494654253,0.3053339624942752,0.5298075614218778,0.6694495174688921,0.5133546639807554,0.19597381950295384,0.9467931152435066,0.015323777198107699,0.09294328005024141,0.7888534200119702,0.37429803277784746,0.9536591783124007,0.6777197427355452,0.9504335145739347,0.657211635477627,0.2612823244739287,0.21957708820691121,0.26080780584870233,0.34549090473886923,0.31808593750015635,0.8552656766204757,0.13386932145103111,0.13265222911664512,0.43695891366666156,0.7192025687112483,0.469736187012121,0.34814399364906384,0.11281302500984551,0.1193923187098285,0.33579887848749473,0.12193736495981401,0.3493357132256384,0.04710038738899074,0.05220844298587202,0.11431034319888266,0.045173694812457775,0.738646346968727,0.10065372080449228,0.8552359372964591,0.537055999699599,0.24641041524226487,0.5020609117499923,0.20171888057617232,0.37084161954893957,0.3622948134952395,0.42135573705051854,0.07851023553338124,0.5605994981564345,0.8606350288819095,0.7537198827557079,0.2963978020287322,0.7912397593373368,0.5286225490743502,0.28886454508436243,0.36844312574984917,0.610332528120467,0.389767528937529,0.3575918172326546,0.4128561074179843,0.4886068657152209,0.3390666421269011,0.7080568714915478,0.8063161615076713,0.8692875963198311,0.39557488750633046,0.4248331967565284,0.9452478674323521,0.9222793840498298,0.39451577554835887,0.8671149109344757,0.7176713403026487,0.5644744414437753,0.5972999048190268,0.7288209590709811,0.08851878981243057,0.6177109678429227,0.2662888516369633,0.14262390234110844,0.17153930729439493,0.461936629766159,0.818858449775355,0.3088152544298715,0.0,0.5595553618788639,0.1637399322938681,0.6696118254440517,0.37981980841059926,0.4310433661841237,0.3911369591451425,0.6722286054330073,0.40288948771683086,0.6754692830879653,0.7773477925936433,0.6461371207431792,0.6940992926757892,0.506166809929551,0.9318131557194775,0.35730817570521495,0.3339301094579705,0.480755033798308,0.2941181782088682,0.8305368359528943,0.9447077209928888,0.6739482501696181,0.9294657398792643,0.685028356921262,0.1046375694251692,0.6947595341534651,0.16088927913676815,0.7043846971063206,0.5888441388617829,0.3727142052632351,0.23151245434142675,0.5659386324038008,0.4743982768828369,0.7144725036029176,0.3378448023967255,0.2519545326791378,0.29623080426233267,0.4810359906935452,0.4526833050665484,0.24862975266844486,0.43422497639573887,0.25342754762782876,0.5823837093869583,0.7714468438766229,0.7877603779685751,0.6395305962961777,0.7759081186071339,0.5945806978581407,0.534995789856943,0.12114882129781672,0.9869491462886417,0.06182210267413352,0.9789638542843975,0.05259833930573753,0.9760403154679232,0.696770222983985,0.6938214430246724,0.53234678273701,0.2542201747212016,0.13206647774313324,0.18115464172519494,0.5946979639479765,0.8780640359201819,0.9959054522996441,0.7923695287455237,0.744111219996025,0.3725504645933524,0.9348557978140958,0.8995111846956675,0.6635293505300086,0.45251209058067215,1.0,0.08830096706435565,0.15697614585610828,0.7784372615094709,0.7664602164860334,0.7034792478169298,0.7581955956711259,0.5425706380915107,0.6758046086909238,0.6614085985092479,0.17195820940120501,0.9956070630778062,0.34425647288811706,0.337160401937349,0.8250894191163103,0.22511860203847248,0.09947289514452956,0.6608392465783886,0.663010931878044,0.6475502973984157,0.605675222039992,0.5981412218463721,0.6564541799175773,0.5683719258854111,0.13926079008050857,0.2055223695698998,0.44553200740509313,0.3460305185145338,0.45164339565397976,0.8567859862765744,0.8644840534558627,0.7803857057893248,0.7565934740297988,0.6304318384279949,0.5390012134916052,0.6930449190127442,0.8593182467508217,0.9466850784329027,0.6628497955526723,0.8765588820086062,0.7788916204673723,0.1107770051924983,0.10830390650913438,0.6850936691287375,0.6964115573610308,0.7006707573145536,0.7349750361150528,0.06267330049739121,0.3934894146242675,0.8479004891657257,0.6640717237283777,0.423582331270865,0.09874047446443637,0.7162344222517769,0.19062583626750307,0.17301421300132142,0.28641385025581595,0.5360607862536383,0.09274165773520006,0.20841357627380097,0.5318910593867945,0.3895815013214208,0.18909600519162525,0.4684455459142188,0.9380822588429509,0.7376842957239539,0.527210579261957,0.21653646643504604,0.12293206610865058,0.5605052603629018,0.6668347912607601,0.4222711527446287,0.6939945481243741,0.7901060771585878,0.9426405834399952,0.38509404337252706,0.6619596879451662,0.20626228521528026,0.35897545495578076,0.767699065672067,0.2491504416885571,0.9399804406366159,0.6680068959920107,0.8320288172193891,0.34463310596103974,0.3886510277437383,0.3942467684166656,0.08066362420427123,0.46925298340037486,0.9379633825141576,0.1558991030804929,0.5910020684631622,0.9425873128929427,0.848286928426553,0.8543745786315537,0.6875127118311756,0.6585139385819788,0.8211966910280794,0.8387297932668808,0.12933417994535815,0.8280882305218886,0.9286576873900088,0.7783239331237177,0.9077199261184545,0.9169472919883619,1.0,1.0,0.7023950910072458,0.6787228584485657,0.7098759334724208,0.6735768333386736,0.7441897002415895,0.6775436487186987,0.6695265060584785,0.5823089372685046,0.6271774115486272,0.0,0.11303903002098127,0.9437413092430219,0.5447528491108747,0.7045683385495345,0.0,0.0,0.9497871092302204,0.41065162518188586,0.298421565914802,0.7036360419762399,0.446283797254109,0.7013019601157782,0.4978070790805342,0.7352909805141635,0.7077850042355807,0.6816633775871002,0.7367206927146208,0.7614937554662428,0.4514354751836654,0.8202019702645214,0.8480592632591997,0.8571344085848696,0.859414382685016,0.8857688916604389,0.8021968094058217,0.7047648759837396,0.9762586836621007,0.8984611855881244,0.8885484919100948,0.8795188241615581,0.9341157720430624,0.9459331677444295,0.323176408928136,0.5515052554501264,0.9534877881399096,0.713558700988721,0.608107455587049,0.49252304499375493,0.3471325860180019,0.9628788893468211,0.4016698592099024,0.9590437625556683,0.5146906223911026,0.6649387707638033,0.5723167896806829,0.4557397037339183,0.7735884380313363,0.76796599740775,0.2712866644478362,0.37977247740147063,0.6801464500921462,0.9348619141880511,0.46495942894232095,0.4172310239566178,0.9537157930779665,0.477243883471985,0.9374785306749968,0.9536630264969546
108,0.6565722048576309,0.3107825912073057,0.7479899817608439,0.7442020217788529,0.9530850162526951,0.6675372955215172,0.8431578881297378,0.36583846353623795,0.43493798416504403,0.3369229754971221,0.5590026495156276,0.3621608385822858,0.7821137532965635,0.619522306031504,0.16612430400064018,0.8351896613221178,0.4952023461124745,0.8190843321071537,0.4856049376604512,0.38424424272558927,0.6412559560940987,0.5436112073021515,0.3343881425004931,0.5067590646209799,0.398231230419189,0.03119452528920304,0.5019322564990821,0.6822695353564702,0.6616390983982418,0.7935753313944001,0.5036878976451993,0.6001445692951932,0.7156072499973469,0.5102454440404111,0.4974119623393746,0.5636731224080688,0.3224340944487552,0.2635914047875058,0.290941014825733,0.3658026695472774,0.2745796443478383,0.262816530374243,0.638534984556526,0.588774817468027,0.7770896132007964,0.6368909339782466,0.7282045754102965,0.5051216417575394,0.6413053072952268,0.7710098148594494,0.7074691036733155,0.24929584013562878,0.7040476733185878,0.589599770443383,0.17758740923007274,0.6445385388239357,0.48677105311459823,0.4217813695494654,0.30059457563700576,0.4581091295028814,0.22327315257202457,0.185619171086009,0.4698712526242404,0.2539936776293959,0.2375975663419785,0.18867669493829692,0.31184714891497817,0.3270858577965008,0.8638310671734019,0.45191232511885504,0.4851339189344315,0.762290067305727,0.3311446165922505,0.22215745452480076,0.7171203941223028,0.6378639008652468,0.11272203798450563,0.17618484493052147,0.49772474043692083,0.46878028089048673,0.8049363965565549,0.4137480859443196,0.6793549692719925,0.07170760365347698,0.4053706588456612,0.2442922018531971,0.43319744387908654,0.5845298179775462,0.8313699595383895,0.5933672936664646,0.8450187916732583,0.17923566787021805,0.2827929570112523,0.3720175996628999,0.6211449370948006,0.5750049101573657,0.4473645579115718,0.3047201158547337,0.29325837548829714,0.19404873135145367,0.4261678376293442,0.6025212264889404,0.3263562786268059,0.23490000191108812,0.5355014136780496,0.5898127059730561,0.5868822194458416,0.26370632203808,0.5115303711420924,0.3333921207000534,0.6230855277881887,0.7659275433078129,0.5049796802864485,0.28907727393863686,0.5270286990518558,0.6401394695413183,0.543511435227427,0.7070614598964126,0.7552132078058906,0.18793270585200728,0.14712529975126856,0.41887320550197366,0.7116626759439666,0.5173285104537898,0.3909875231467507,0.45994696174820643,0.7302056036987662,0.49419610598113756,0.8108239053230595,0.7920725899958976,0.40308516671359196,0.7444576397966358,0.4786327816591666,0.580299375632079,0.47618953499796307,0.7485047853630874,0.15401892158630012,0.7595670029886499,0.19728331073317715,0.8562424342515015,0.6655022600625455,0.9761383351030827,0.9367005526225202,0.5686348065447013,0.3810014732923263,0.7554140453289836,0.4160027955252455,0.71978302807191,0.6530581703578274,0.47672154114441956,0.6458291869429438,0.7552411210065008,0.5609612126271717,0.5677964726542769,0.634967743908211,0.528784537459388,0.5888169890982097,0.2413442926702911,0.5655269632916949,0.7184508352706309,0.6955026296837099,0.11256048112198871,0.6993550221002751,0.8298480203274188,0.5195443591487443,0.5734632503003513,0.854171860887513,0.3852295181987376,0.7635955532898372,0.33223520606054907,0.48419104161180515,0.5108325372747805,0.3134091974337302,0.8202610676195736,0.0,0.5363349979929003,0.6513372426769407,0.6005605648049536,0.5317693913069178,0.7046866623174932,0.4831002984407957,0.8351533224921622,0.8161827084375667,0.7975299982699757,0.3132849612401332,0.44089732211324656,0.4257281625233236,0.5330642048393867,0.4446663877639552,0.7576059924769141,0.8682691666209715,0.6536770647407916,0.4982091017942479,0.19018287695561556,0.36257117708903996,0.5363205921402214,0.7466159009029589,0.4248393577215964,0.7299222127584107,0.23562421418070117,0.44716755550917264,0.6862858318621968,0.4262416324854263,0.5320123908137064,0.41270022011770235,0.5120007421387891,0.2561492296696995,0.4699139708708433,0.9173791945406681,0.47260116933540136,0.7232467661588372,0.5210862173820596,0.7640879939916329,0.7251496099790743,0.575914236996987,0.5127156129139346,0.42235862484591674,0.334151202713022,0.39488213235636005,0.5518570123428261,0.4757061766981103,0.4542701938511017,0.7544671862144432,0.6334018188350159,0.6652137693031049,0.5825194361822331,0.5421096123622893,0.6220183787900865,0.7606456114831903,0.45661141831461294,0.39876132472094394,0.44559479137065633,0.5080956413310617,0.39590293818414335,0.17377342638047402,0.8362863552381434,0.1917550325826126,0.2149544947801464,0.7054859943376074,0.37262131116363223,0.7986891215561002,0.6020161751599508,0.7961266256550933,0.600597877174403,0.2299179658864713,0.33479851278737854,0.28704784306279946,0.3097245315344962,0.41859680491515955,0.7204508047979018,0.3413555466004712,0.08587134670415912,0.42942353829547913,0.6899783314840614,0.3437860191273587,0.289669870189299,0.3210397485143161,0.5507002706567201,0.35009840521924335,0.5323466631951238,0.3619467276539824,0.5952863625478684,0.577926529671121,0.09934200207646972,0.5995750595879984,0.7351897421600877,0.5100794654444644,0.1816532732915902,0.6466743870633,0.39909868179872104,0.5938151465001256,0.5355708515168555,0.49144452173155745,0.269727239571548,0.23084043345519864,0.5419184179117841,0.6220363713386037,0.7065771442261343,0.8235633769282725,0.3311568255886622,0.6139813713940822,0.31133823167154384,0.3857647910380759,0.3637178031710299,0.3329874179524963,0.2018448028478416,0.4153834274346664,0.49435898955192215,0.7465655138868538,0.47746751250752234,0.6930935945886549,0.6713187711151418,0.8589593506550859,0.40915548638876115,0.417582243577793,0.807419211108144,0.778016416662624,0.4545071016135124,0.8869389813094886,0.3598270061706374,0.7794063993412236,0.649395072106218,0.7487845685055615,0.2827661619480761,0.5093455303477253,0.2969887191618062,0.46083341810694145,0.47233341547111024,0.4767155972066592,0.7428470467088177,0.5837595000096462,0.548731937327442,0.49379888171845,0.1421936828740025,0.5768515508130442,0.7110333503830812,0.7168545968745562,0.4899624292034911,0.613177491799054,0.6000701512382245,0.6076118796105089,0.7492140748235432,0.5703394859398725,0.5468071151680912,0.4484382895316498,0.8387289773846224,0.5192199110605327,0.47644666724825996,0.5128577375212658,0.34780659265232705,0.7156014203713199,0.7982318581598825,0.27078541245444976,0.7997873493753632,0.6175025191261212,0.5911253014073428,0.6309521203893781,0.557212311350704,0.6518304604478676,0.5021106236838945,0.3559201842266406,0.5005319646247489,0.5811662212601519,0.1280232221699481,0.8013797856900183,0.44314083908462865,0.293488230591162,0.19709182355338853,0.5029679144459507,0.5216257812620282,0.2324695703883476,0.4539259463582382,0.20221077343136357,0.5199521992677157,0.7332987436922404,0.765386731066975,0.5379974351573845,0.6972496669830656,0.48819629897919226,0.43534078250674446,0.11119889254069598,0.4522740730089263,0.0716062032640835,0.45040344573476954,0.08387671761320603,0.3776452686021407,0.6626610735184933,0.7063134593902141,0.8356419245469573,0.3549296619726367,0.6628664981888056,0.6118481387719499,0.4309133983741173,0.8199131092414006,0.4327187509774746,0.8638570774475024,0.6508961446280729,0.343105276092218,0.7992219128076821,0.7946693312999327,0.7219762008465472,0.6305813576998769,0.17329275303096942,0.01010721514370207,0.14142654211069475,0.0,0.0,0.2511332174785575,0.2858108031509334,0.9899312308380361,0.2537006201076003,0.30704736116388104,0.16514434719688453,0.8405765467872389,0.4372019056962207,0.3609889094005786,0.8437954624389891,0.45547007768132214,0.117712968349236,0.0,0.006746104575204038,0.21337524259080334,0.19500577512250916,0.1064524286516972,0.15172028051926822,0.10064608892652514,0.1643494434232547,0.09815413031879786,0.5011291529995906,0.32333334991966406,0.5144945081885459,0.1347345556726148,0.09255390795420654,0.36822140323805297,0.3442279273674614,0.30474943410131455,0.2063883298322071,0.18035493595623492,0.0,0.8044871287329088,0.20587532098884373,0.1424271577730717,0.3106494420455961,0.16731607763347822,0.1129909599429727,0.09290887506783863,0.17156720919252635,0.06109299635165046,0.37488628980625377,0.05456429539712403,0.13965915721736885,0.9018486506087329,0.0,0.06421002832362176,0.43286302180090724,0.02113590405187855,0.16271509487475352,0.162922486567158,0.44162510356126383,0.05452724959220431,0.10174262740092527,0.21613772548076374,0.5272018283444758,0.850954418191292,0.777985635806087,0.6239451018998474,0.8127018647522529,0.22975714588516746,0.5194500069411332,0.3156057834571207,0.15423648115126082,0.3021344447391145,0.8198680479078012,0.8881836895281596,0.6010089689060968,0.6070715468856724,0.8086943225563283,0.3119773041026547,0.7923108656424742,0.07588659664223842,0.4528418446257635,0.7159779466981454,0.33778416043127296,0.815182104950184,0.5517611199065139,0.9165152440441754,0.6261331677517578,0.6120494659044462,0.641369428654266,0.4567220639258675,0.8193274423853952,0.8207253638513917,0.6365134339121992,0.3239976382408171,0.18654604487516283,0.207139247207152,0.1924643367757224,0.5235658056971181,0.5364849150864184,0.8616820361018928,0.8711642410395711,0.08251112598825422,0.15243476220839275,0.8198206316917068,0.22478640494679272,0.5666574902517751,0.6121011021983057,0.5966258947677513,0.5822813199872305,0.6685917350363407,0.7001193236447296,0.9318487541601413,0.903868459285715,0.9549825397066976,0.7131715334653632,0.5237568907591382,0.19687967262573583,0.6228573244167961,0.40799691648535846,0.5012516844410918,0.8749383095001704,0.545840542923584,0.7575981779659843,0.34650545077919825,0.396338641607218,0.8494740582847364,0.3437754908652166,0.4284337287399661,0.6296842675301518,0.22481467892664284,0.6257777073422671,0.3228991809873589,0.6624156054183137,0.6316430793739782,0.5783032063224568,0.705933301714338,0.703264330515574,0.362595137023812,0.665706485122311,0.8088476927912607,0.8131001537973505,0.8092372633682945,0.8213546428839924,0.8050168715128501,0.8644862791629347,0.8378268651799198,0.8647650518331235,0.8353229861776311,0.7967760466108503,0.7583290030690553,0.7858718512734119,0.37226255662589147,0.4881605246439368,0.8473354802591596,0.7525247683265189,0.6360212855358637,0.5481222669627995,0.5586465861313082,0.8102342292544584,0.5377870985746315,0.8374975387119823,0.5353596278888434,0.11024406363705912,0.5974050237736956,0.5226482558390507,0.02017466028348315,0.2990104363089173,0.5683318511072963,0.34521231613645303,0.1033346950289559,0.7856018172198466,0.6123635839444634,0.47703182039695097,0.8345151544462026,0.35899332502609327,0.755651761170638,0.7817022637152953
109,0.5502201147360347,0.1741156862656437,0.7719137642753746,0.7538437964369576,0.48300851045796145,0.6434710170551817,0.7103304121089304,0.2532822920582209,0.3117331775690253,0.241938770987384,0.4394640945556136,0.43017266712687013,0.7575570691317401,0.7353935081017376,0.07350648235277053,0.8450101317406369,0.5843085703337133,0.8152873011683606,0.3150160167252269,0.23079344365319993,0.6844078764361121,0.4010476156172927,0.20993249417024237,0.5673613187022095,0.6052091151148713,0.24860899011656934,0.38252095027106514,0.6527694136290687,0.6295982351874363,0.640223311007715,0.3507724122087959,0.6438521159615039,0.5367639494350035,0.17626634299070842,0.5129071568674973,0.5690423955843964,0.3579916911462203,0.24045574566418962,0.4126075335280349,0.281471213951635,0.38074206362783564,0.3228312350001256,0.5870051268587492,0.5341234477936166,0.8248650998432673,0.6593935592577779,0.6455347495927886,0.674329224756428,0.6597139330596531,0.7465874073850434,0.619769067126498,0.4663511087840163,0.5818108511551255,0.6357462209285336,0.407099530419882,0.5403047023333885,0.5339752328615396,0.6328695455999993,0.23872300975968655,0.4931901850099996,0.23642627587606352,0.11233881379938321,0.4960056374922561,0.39851216550706725,0.23310351137514473,0.25490387164410333,0.5433706026500577,0.7444278937884898,0.7731599728451393,0.3478655201314829,0.4674069071750905,0.671446614918092,0.40663999218241337,0.12648365298579523,0.5902166552749633,0.7160833473366678,0.44713548877531717,0.2871626216280067,0.599416173465308,0.2398399421364803,0.7995644660757479,0.28339162886714564,0.5457639616470803,0.2625324191595639,0.24178373428061475,0.47447681936727315,0.3708325111901414,0.7486376318269939,0.8456174586609644,0.618716577797053,0.8406584317831788,0.3029413903333085,0.29511746723408055,0.527289621563029,0.40432058602359355,0.6815169371784267,0.24750461972605015,0.30225479971758507,0.2844739553660442,0.1786453166882381,0.464195325661125,0.41072535531609594,0.42367599565566894,0.3306869494833876,0.5911355393954651,0.6005198947273768,0.4994866591312079,0.20631160145461036,0.5737635097253909,0.520417198118402,0.581272249137657,0.6685661414631646,0.25464041693303296,0.4497130332709722,0.5207398639500488,0.35582529820535225,0.5177056302794771,0.6038014610022097,0.6460512560836366,0.353412106364239,0.17889126559439322,0.2297419713101513,0.786991879954079,0.5639540904943916,0.5459172942193956,0.4969389584061268,0.7471140482964528,0.32329927041108086,0.8158462282584417,0.6952888743978817,0.5832555514730923,0.41793459672129396,0.47296227319313094,0.4198895972068395,0.43919538724312146,0.6163981435592178,0.26461120827595674,0.32253303562177615,0.31132766973981296,0.7892303605765815,0.4712095460217477,0.9602400746610402,0.8311567012374589,0.5675091322484457,0.4137406891116724,0.6949334759929827,0.42890248284044136,0.659203090448593,0.5004344541312217,0.47485621249909254,0.47661678352748055,0.707843762466142,0.43898363103756705,0.44571143276087966,0.6729341331097132,0.4320249505291646,0.44635860934369803,0.2636577626962341,0.4642275087568948,0.6368604365684567,0.6324993783687872,0.15087772505667937,0.5159911437032121,0.8101136233872753,0.5405481435740966,0.5169623081422461,0.8382629356947897,0.911154676800956,0.7367780127542986,0.443374719015231,0.3964611412440113,0.5275607256125034,0.4420843478621331,0.7533304228868086,0.2510447187420818,0.42555986386650446,0.7613521645445552,0.6085417213238634,0.5433602961271576,0.7514607755822083,0.35598259857385656,0.8428674555085415,0.8246270926708826,0.8063887568751927,0.2731217162524006,0.4068772879704879,0.4139217354126974,0.6769635006361736,0.42226399357568817,0.7513928430629,0.8530646077438278,0.7131666657898674,0.37671909587131724,0.18718511973536298,0.3173940847619295,0.6576835002847979,0.6179924952558155,0.4583406496312282,0.7717038611693766,0.08918662920009633,0.29792972537024587,0.5624532463260833,0.2945869133763626,0.3625342653556554,0.15418406856528002,0.5548869186339196,0.30953106399913793,0.49800944432557115,0.9376228399949663,0.41551835312454444,0.7108019220716482,0.47438138267158264,0.6712279141424687,0.7246317189843632,0.5260294782526216,0.49065033269724195,0.2199904418787764,0.5719247695106464,0.38369483741724364,0.5626127436972512,0.410370586825818,0.3656420680871198,0.7626734094564711,0.49758195037178643,0.5955861460248676,0.6456603423150072,0.5053144375576372,0.6342668415051409,0.7808452576149117,0.618665504549276,0.22276218048996532,0.24366615784180706,0.46046519661792096,0.5482531708468297,0.25369964029904746,0.8652703890970215,0.2207689080242867,0.08797995016381471,0.6633728716676547,0.6236273376670622,0.8144275644080985,0.6067010968724985,0.8356172748962242,0.5949318503539724,0.12805930608339952,0.21236101304839405,0.3971665878421457,0.1622888289317306,0.3296284512808848,0.7952400514656598,0.5895107935733195,0.1426837824271251,0.42379277078783684,0.6842982726252409,0.33000295488051,0.18670985820468503,0.5566111700669231,0.5802341279051095,0.36463898805946665,0.5482168321672842,0.37451149568655884,0.6509805325518999,0.6180356242459538,0.07801155149351482,0.5992881876559868,0.7119013809205694,0.28292424650391024,0.07194696396532975,0.41642321793578974,0.42693636294902004,0.6467915708242492,0.3131909380811179,0.25436656952643166,0.30579871139105474,0.23363107330035926,0.15775781964181648,0.5718224236944108,0.7948778054799912,0.7146965135642279,0.3156038355213568,0.7752904536051359,0.3296378852433676,0.10510081382473926,0.4771004261873103,0.6028694147460094,0.42662377674006374,0.30666185517843564,0.4990245489097201,0.8155474635992624,0.42072490604007845,0.741691253891141,0.7210064352788501,0.8822625220323757,0.4094381932602769,0.0520393815096085,0.8085215783088696,0.802725097646403,0.4172411832790952,0.8747868775705585,0.45122021876984686,0.44992244691327576,0.4716531165283537,0.6768813856752336,0.1359328370554708,0.46068048623148017,0.31137920135710456,0.16522316675626386,0.45669239907083026,0.48425700498568786,0.6557721956710574,0.4012027816402994,0.46729197975593945,0.6016537819419508,0.11737149775167983,0.626503146170707,0.5575753180793818,0.5636651007309258,0.3905030169687178,0.676548438422626,0.7714733899286321,0.670728311450988,0.7323327254019536,0.651796460093919,0.6222951569674903,0.5179954890967576,0.8563972152924261,0.4189545561362226,0.39156900527042854,0.4782468015616138,0.33336469856605594,0.7268712870812166,0.8134904096351226,0.554682490087667,0.8160931003846201,0.6821646646883976,0.5860133187037797,0.6954581787219847,0.5441965916579172,0.726753206431199,0.6311292950467892,0.3390694372864263,0.19563308524571732,0.5421641232477341,0.3695536278781645,0.6410633080972159,0.20753447813145023,0.30890206193489367,0.20633904116611773,0.5283173736986483,0.5596069132803093,0.2199601508732369,0.48619725685476944,0.28046135424257485,0.5621455048246159,0.8460136700669834,0.8263870344087237,0.5172453673935672,0.8002019013257837,0.454048651861326,0.38832503399623447,0.1209375561498476,0.5410829819625722,0.0,0.5346012418532115,0.031771054336591546,0.48316776052372556,0.6870939477101767,0.7219268181680183,0.08948672325497133,0.5374159964855598,0.6840345013442612,0.6385255060422269,0.36358251780286777,0.7191900628605685,0.5920201659287438,0.7469900853188357,0.3330621426005512,0.2664642834872482,0.8124335717368955,0.7535003678666246,0.574714104047429,0.5608159320903184,0.3454134708426933,0.02564716881310675,0.02704060371160941,0.40126009245730543,0.39259207468847573,0.531812203294728,0.5514032218893793,0.43597133802658705,0.5218575176635285,0.5369206948401497,0.3337776554728562,0.4338617313709601,0.4962819980551358,0.37018854511414206,0.79759125928048,0.54784384240262,0.03577758401143785,0.48595619487411845,0.501118020631113,0.520251042406409,0.4799078698699715,0.37751642570411353,0.34453252134320195,0.33356250396935727,0.06313704970671749,0.17195541184503957,0.36776236101453874,0.17726508578443173,0.2925818433984217,0.5303222175329522,0.5334593222704598,0.6758414211574547,0.6542556339549881,0.6315414543682617,0.44485765941945765,0.6034224017509502,0.46249069296301504,0.8293116752992596,0.590274674104751,0.5546385392909684,0.6331085312435949,0.3377748667596514,0.08575993723835941,0.2405537068440027,0.608616008562242,0.633161874582499,0.6440266041312004,0.05048063556054721,0.46175204256266544,0.6695794801154717,0.5226740230473397,0.38965565897705057,0.468223870458836,0.4128240967120437,0.12588483916904222,0.10935150977083863,0.4231940044673007,0.4668344208909543,0.11785059138485313,0.2151779021793829,0.4566539090905273,0.7397515063964135,0.7131033694030392,0.6291336762451505,0.8155835286781867,0.46118906757394384,0.38219959332229964,0.29131145017262977,0.1166157329410861,0.10592179217634061,0.6053215803395201,0.5824116521140023,0.6099075257133754,0.4736988653927466,0.822467136431642,0.09649198253017409,0.7062001746208133,0.1234772646257265,0.6062156715663783,0.7162760894004075,0.0,0.7893080053718038,0.1644447656792043,0.5598497024136039,0.6632724018516093,0.666811336151697,0.6783887557469623,0.504000862353555,0.8072653452791372,0.8255706203232388,0.476588536261649,0.4645445023834387,0.35713848006787424,0.15828971280121898,0.1552918623013941,0.4101312026545868,0.4185760723040116,0.43538269668898094,0.5008358841234455,0.15598348570948595,0.33747506778249436,0.8252274129695529,0.3222647013211978,0.5711908890009818,0.6063460647241052,0.5512728664542371,0.5199761379144837,0.5555595450610151,0.5370486119706817,0.5949211714663644,0.5829524504878566,0.6338110986064919,0.37350980660679,0.3642500219267837,0.16705509466571872,0.2573997049001954,0.6997406216353488,0.7548674167806974,0.803662410848825,0.6679113467516032,0.6758848434659581,0.6261593972964248,0.5226228436791044,0.8392525773744283,0.6164499707155171,0.6718122380588544,0.6817755919734656,0.672780333533853,0.6781667904714218,0.6427072655481381,0.7076584531553916,0.6654586384090321,0.6552112352247886,0.7673660801205201,0.7980636885859476,0.4651053105003737,0.7418852052243098,0.8498219083013391,0.8877623838018202,0.8858591391384808,0.898884814278944,0.8597053031311424,0.7508524113182815,0.8173003034757141,0.8826784509087092,0.8798375224262008,0.8170694019510792,0.7816489580437976,0.7580674056911143,0.3258300895853294,0.4876675391735209,0.8361808748077065,0.6082340822160123,0.40083867037074367,0.3142672184581762,0.24449163239233823,0.8299847343551706,0.5041564377100984,0.8277793947680354,0.4235370996870043,0.18484174420835597,0.6332231623800852,0.5256352900800509,0.4316072774729547,0.6242290590698782,0.5700725436348455,0.45633124104875233,0.35070278723378623,0.85625318327182,0.5668680055674085,0.4768309845679891,0.8289424984093976,0.527531088284212,0.7695957198019492,0.7833304772029347
110,0.2210650979686612,0.8626463866521407,0.9150255084723742,0.8914656194270467,0.5000045914710085,0.7450285404031449,0.7805174212227919,0.14015968044514496,0.6801120262364991,0.27154026760338595,0.6009973493605965,0.6537898738246851,0.7553939028682932,0.7153496016516429,0.7386818662023449,0.9510896650564322,0.3928886630882289,0.9534915359137195,0.36544091332860973,0.34401474199077564,0.7889175428778132,0.4253773078535969,0.22414337893110814,0.43872394689778477,0.7367063734636472,0.998149000798748,0.2419505442363478,0.7879423646542782,0.7690798655159603,0.775813180481917,0.357350958717132,0.3492247141921484,0.7085556972083027,0.3426226707755551,0.4512031927766814,0.3225060947794009,0.36068803395606863,0.3440305052665104,0.08385375918922656,0.29016966051146753,0.5634813300259058,0.2096737988919367,0.17555738205293578,0.19220008315385717,0.9244953027683362,0.7019946417477322,0.730131408905509,0.25171246481745724,0.7116398968358816,0.6908808836952749,0.7031422267188202,0.617539218565104,0.5548055600139532,0.30713201307924004,0.6047836982095114,0.2941280853945835,0.31803435839234134,0.3694724993116945,0.45289814511077836,0.293056433079858,0.3557336540343371,0.3507246500305018,0.4634826825939408,0.1690384078130986,0.34855497682176295,0.17021180865090207,0.4816880064650064,0.8501145616199662,0.7104610852887597,0.4357282310542035,0.6733271966088659,0.6110038175183587,0.6058815222582931,0.1815798543955263,0.5533681545401664,0.6490939710835345,0.21220806831528194,0.34715217692919464,0.4634391908892141,0.23621005363850495,0.3563087398811084,0.25515064623329775,0.6483841070978387,0.2697872193240569,0.12011045688132302,0.8409088304969603,0.7812544448049275,0.6301673021204048,0.9491303369047502,0.8222406548948725,0.939917371520608,0.29466676036092315,0.2599674082593403,0.5006152844994742,0.06442319003187735,0.7641545127272955,0.6336108827136281,0.7753328536677198,0.22577567917721741,0.7443239999064739,0.3640667146782041,0.39184280210627304,0.3760295868629202,0.3971507703800734,0.15086960773159758,0.15623255267738592,0.6008263644406125,0.3142301150634035,0.2696027116407119,0.4736961199616487,0.8849425487627288,0.5839037174086359,0.33222174633850204,0.4406508878096408,0.5722856829205737,0.5536838260479611,0.5733045545301041,0.565007110944446,0.944758767648631,0.06323909837915474,0.3663904512253897,0.33344538868495815,0.4995860832172354,0.23564243039535104,0.0,0.13790617953928744,0.9325652795424474,0.3026236798303817,0.5364433323381835,0.6340274264112581,0.4418967839666007,0.8326416007657887,0.8867824296701369,0.2867625769144956,0.22796962886637867,0.7329396070856652,0.5671503604724859,0.685285390461609,0.8099509358477955,0.7301511008394713,0.5756878476342455,0.9459161978124828,0.8917153685496901,0.6054800176140726,0.4538862523888747,0.3154330477920297,0.6664622453478043,0.29592556481486504,0.3931214451672416,0.5394832812010044,0.6313412728640387,0.35971358159266975,0.6903979909404829,0.6907290331636675,0.9140673097701398,0.6739299804330077,0.6662210269627432,0.20212583794820985,0.49510059450116717,0.7183484445488041,0.25507518929600054,0.5543165117103731,0.20839032949167544,0.717503590272991,0.1917824649202567,0.5759225711035414,0.6451688118370127,0.4801690070501673,0.7377729363764741,0.4282516781961566,0.289998308616187,0.5467874836461981,0.40367841368650204,0.7982775042244326,0.49755419405408674,0.3926504712312254,0.39459338448452064,0.6115630846788822,0.5620350120345393,0.5652838464412262,0.6197768029393141,0.9509386588602508,0.9458811163826399,0.9305667472915417,0.31982518673902777,0.6130861615571467,0.20606760784206102,0.261061215170216,0.24263511159688084,0.6496250191399623,0.793332549013779,0.3832813457703144,0.5569821202609713,0.1684799544042589,0.4109479256949379,0.5071462228032895,0.6247523825031175,0.3202367148868765,0.8134566085444407,0.6756634121559706,0.48554444431669663,0.5671186615575617,0.48367074883468875,0.3699510831563507,0.4207385631928917,0.3745718356898653,0.23038968424883274,0.2483403483777423,0.9251946447065563,0.20274750591530252,0.8070994225138575,0.20570336647314388,0.371051488819667,0.9280942278380203,0.2989133649621997,0.3041103348870194,0.3113977689212333,0.23564438488975376,0.47744019269117755,0.5578039685498767,0.4278126968688822,0.29964103755049865,0.38635975584927273,0.5974267191198289,0.6908787052969609,0.3276501185107666,0.6990880603236131,0.34725290420822214,0.9095993697567847,0.30579343353308386,0.21242340007580926,0.254093184624741,0.2727178163838419,0.2555388334162732,0.335078409148077,0.9813338807925844,0.2588785585107181,0.10992839462985295,0.7255946793946633,0.42862374438004447,0.9406372462039568,0.26336289188658285,0.9266960386943586,0.22601775799703827,0.29530826394120924,0.3252071565030951,0.41193536246848284,0.267690559229516,0.25865715869184924,0.9266566162351255,0.18452279882439002,0.19023820275294864,0.3809764217627242,0.43837436602489016,0.44280423842404854,0.2356914070015937,0.17501266489868408,0.3005163150905235,0.43860653003469846,0.2702572182514654,0.2227712615407272,0.30180649421580336,0.29140834330202214,0.09008494908144773,0.2609588067289203,1.0,0.6648827153086119,0.21570421200280826,0.6838329922550899,0.730013345959436,0.534716423556643,0.3088156706101995,0.24045567940859866,0.2694777515430123,0.3315920146365656,0.723328588886263,0.5864626117284578,0.7920485623006583,0.8644172360094725,0.2592458329323815,0.7447962628335683,0.8003045210897441,0.618420502629161,0.3250462779043047,0.8809554847407207,0.34441164988096185,0.42450372167946465,0.705489831797546,0.9494054271000865,0.6874955638543059,0.9156273302903589,0.8014630317708893,0.9609707117605543,0.40034755431386265,0.19497392463084004,0.937701790915969,0.9145505316472669,0.6694038741751442,0.847061170442968,0.7155475563169111,0.6855515614690574,0.754228603898966,0.9477617529062226,0.8613957938338166,0.2788654645328598,0.299155066482748,0.2413436138847518,0.2291535924135867,0.4590376860509222,0.7755690149150686,0.7806690122881313,0.31327951203556476,0.4095891228037382,0.37265290038065924,0.5023716669758383,0.532486088762469,0.5259502457098845,0.38768772657520684,0.3448332552101781,1.0,0.34283006404089617,0.7149567043381229,0.3532319487716138,0.46903522231894273,0.7421446857306911,0.9418879438676689,0.32107343141925127,0.28716302407255984,0.4972063087036735,0.2978132476063333,0.8508709861772258,0.9353688558648395,0.734939593343286,0.9267359529721599,0.3419501950494465,0.10982726802715573,0.3490064952628964,0.11418777399417293,0.36926843519127767,0.5411735314243563,0.34875700176621766,0.6497719636167396,0.4234287130648831,0.23719580658028927,0.8775187705963373,0.504652188153917,0.30409306137158815,0.19578657630010277,0.4260281853512179,0.43231546952865146,0.30460456319842555,0.39978960770504773,0.28090314514194487,0.6407855528462031,0.5736999190400629,0.5911058567420203,0.5032816052313922,0.5804472916210268,0.4725659761944762,0.4528879763900765,0.3000141172032776,0.660123563320213,0.010909028051890467,0.6417288864790135,0.04415583652654769,0.60596813268801,0.538136791450086,0.5185610140335656,0.5335223436246577,0.6348947644876703,0.14210888671467267,0.22858910605170474,0.34374668323938423,0.40331235783726116,0.6831720154438046,0.9722955558846018,0.7328742031014712,0.30686159253555517,0.9328267496467781,0.8390063627662978,0.8275812105117328,0.7704725914374413,0.5588124935370288,0.11474735017287395,0.12598068233685528,0.6258027942040159,0.6089209231745206,0.4617988353142509,0.4811770408474555,0.7206231418444159,0.4342492010268586,0.4321729660808573,0.11497296354748998,0.6131935730303615,0.5385213912308469,0.7146575790480617,0.9606271395562525,0.9757321033722118,0.014178632708857997,0.3451054631853955,0.32605499123101944,0.48489631719869586,0.45435117906392336,0.5861074133054786,0.5998160810023161,0.5593481490195032,0.17097999499043529,0.29502838093639955,0.5698916223566031,0.31684318700291275,0.6506553458307724,0.656559616817327,0.6490629571261335,0.5021982785888865,0.5097527610627703,0.43660422692395906,0.3398832443473994,0.2978514871573601,0.6802813990310508,0.9274039568317256,0.17673531123923075,0.7213477406045969,0.5834171016842857,0.11174806563727434,0.2288938731771683,0.05905006197615868,0.24920051227168583,0.26262004477224643,0.5585957744308915,0.05807260653828953,0.19425574339533336,0.6770562113618178,0.34753642924712635,0.20930095754712413,0.4179058105133626,0.5926404303054758,0.11165445776933003,0.13905538230809147,0.5026534871704139,0.4518726638361725,0.23172815119730925,0.24289802908355046,0.6411145868750692,0.7698702096157553,0.5895625613727663,0.9277894876031384,0.928189687019459,0.38235357512249485,0.5268406114200623,0.18575053521808155,0.0739827868449536,0.13941164626677816,0.7907584736331942,0.5759188585761124,0.9369387613585196,0.8855318442891333,0.931105299895422,0.34225845083576006,0.7193647862118588,0.07439873225125324,0.5758263431360215,0.9437980053806269,0.24937710273241634,0.896212384502606,0.6661484682493027,0.38260765677242675,0.6177446580887181,0.6845287810062402,0.7551998928116265,0.5936080416977543,0.6041008736976324,0.9359650465659247,0.6622176813529073,0.39250017606752,0.20547651866625885,0.3943026999199101,0.3751293902155907,0.12622865182194987,0.18032361841191288,0.7000371711466921,0.7669993611219691,0.14669793738363687,0.2149745287219019,0.9500687060433745,0.1974394414110361,0.40682972610416784,0.44776729362459394,0.4287195054391116,0.41539687803466585,0.3508547668603585,0.31953756750191714,0.6166538512429919,0.642676220283536,0.7573085033754102,0.5116439867121689,1.0,0.31222579444191856,0.28825236888500394,0.38410900145538246,0.6821807340345051,0.9806354549207292,0.9270915725114564,0.7195455809235446,0.38153255455777213,0.25425539620481674,0.9390694658179243,0.3897649450432664,0.3466491248140483,0.2797939218579887,0.31889238267389175,0.2791738641796034,0.413829021992837,0.2942350091163984,0.26254279397739394,0.3156089288681476,0.3077430887665362,0.314210233609224,0.2167724939309174,0.2919886948635871,0.3048743200209656,0.3043422672371531,0.2874096806474473,0.3092305361987782,0.3062134091639083,0.29974195878822646,0.9484196306650914,0.4886266714183478,0.5133701327762322,0.502101274853565,0.890237603142663,0.9354536000703144,0.5093775769986103,0.7576589355391334,0.9454663230824496,0.9093094673681048,0.8312811752991257,0.7029342503110226,0.37450674209814483,0.928797127129311,0.6280221288598952,0.9259372984860337,0.8362590733326545,0.3668836473534659,0.9769932516203098,0.6039968891015572,0.40320519328886956,0.5587059594536992,0.7186412894470477,0.746624330990739,0.3591577526255134,0.957236943542466,0.86192009035269,1.0,0.9552229759482173,0.889836130400126,0.9357244258385219,0.9262619774810444
111,0.5578453897054574,0.27984745695284424,0.8344045651758317,0.8015881719837188,0.5752918310554515,0.8017237903989888,0.8861737610623416,0.4811289288898548,0.337920148821039,0.32062496646581995,0.6979323282218706,0.507236349359415,0.6220462658023939,0.7853303699354045,0.11259178497651433,0.8931816093225066,0.47579514124385053,0.8901267987699343,0.37270059693493,0.536002244931501,0.7115657242591992,0.4232336396443772,0.23917777391452097,0.5266829832464784,0.6386444223074684,0.4450390617717416,0.3725488737595964,0.823100274761087,0.8061550991108777,0.8560169450453925,0.3358531553029351,0.6015596452921244,0.7613844336015403,0.31959251583556375,0.43506276365365243,0.5683688973805302,0.3804055034735353,0.13624012674918629,0.07882893977101836,0.2980971144859395,0.4316730640263192,0.23060957166302165,0.3154693290190915,0.24230583180868295,0.8676139655598385,0.6293550479741167,0.8172872563954358,0.618934441319682,0.619317733267805,0.5406012528939435,0.8055503695108966,0.2913906163733874,0.5092580540061389,0.5648795686395051,0.17118490781263973,0.5654058522256412,0.43955467652241115,0.5186838856784703,0.36603819100874985,0.4067881299415178,0.7135334617322453,0.26940417390298727,0.7107256903758837,0.18205231983094744,0.3361505324646029,0.35464258101264495,0.23893900519159592,0.19630778467432547,0.7576425799382203,0.6703464113858223,0.5019552509887657,0.6566148802752801,0.3622848656932226,0.09580130697548338,0.5973251244520047,0.8226806198543961,0.355937240733919,0.3350672718064426,0.7183798797956465,0.3176210053829418,0.6081091787538855,0.37739613342440365,0.5161370687657194,0.2972097252472308,0.5072325325367769,0.6906490432007507,0.6144670322900438,0.42937840019424395,0.8912877754127422,0.5593680999758612,0.8920641768014532,0.36791715922782803,0.538339309483589,0.7671398761387868,0.2635140738528421,0.2631098060708362,0.6007014925673901,0.6726216476685153,0.22953618585545885,0.5843208028693757,0.3513646092959011,0.47191002801221704,0.33937130484930866,0.24308059470463592,0.4524741254049743,0.4404248298819851,0.72795832386548,0.42312460206115937,0.43577835656411235,0.7565518560260165,0.5725780048542612,0.4382222276125631,0.47288824878938907,0.24620728156972543,0.4952758561295317,0.5599241028770385,0.541293790728839,0.5972388675114302,0.7427052840837989,0.40722289559207053,0.11972534227759475,0.3935712124089598,0.7130523951257559,0.46749759431499965,0.7448710591640796,0.4068073558756524,0.7567454121357187,0.3382785331443333,0.5853000772248748,0.6810462323788717,0.41684403963324984,0.7901312149871892,0.5750068300969295,0.4070375803191232,0.34583100214222423,0.8587809527640144,0.3550495288188149,0.5803990288119577,0.6037188259349004,0.5507074610486616,0.41941415478804284,0.914702033960715,0.8036281598087852,0.5659762924162773,0.37253780326970987,0.669115679063998,0.6714318095756614,0.6252237136858245,0.487910601358771,0.47187443317319666,0.5254578810651929,0.5701604539071377,0.25848717329954507,0.2616861622268429,0.6723199750781113,0.24741908783975844,0.23615440736303045,0.04446789657638171,0.3590313175851622,0.8811107332363365,0.5753347781836231,0.3679456595710692,0.6217363151493304,0.544880235790456,0.25694933872168396,0.37281455055779894,0.8815526228717974,0.422791105611393,1.0,0.4656268712764089,0.2364156869821055,0.5007446373502974,0.4232623905753761,0.6796656695546637,0.3173552414980316,0.37384118858186827,0.34684420606633404,0.5865963126301135,0.5292342526024908,0.5493983757976674,0.26472014838021357,0.8848371279514661,0.8755641164330812,0.8630536958981881,0.5871076293037951,0.5520550218683505,0.7501360717346396,0.4071605533553363,0.7351482352354148,0.7412851224258509,0.9377410400789739,0.06802411100045662,0.5774868226690013,0.13808061180134598,0.383109095099752,0.5955895269691556,0.4911438409368185,0.5037524794874906,0.7023791545174982,0.36340551174748104,0.6796596698223538,0.3732161149974384,0.6820853224803387,0.13520480565789286,0.3136968368171455,0.4839549308838144,0.32544813582921134,0.3871743160584601,0.8802379476721786,0.4263323181379294,0.7595316182015173,0.5051543776829807,0.5137262101106804,0.7176952552158075,0.35257955687739906,0.25650386936928754,0.3420403345839202,0.4331893317858351,0.29798102306066215,0.582780533007783,0.375428794494983,0.3371511033420036,0.8208489598476048,0.5170117155657666,0.3379087104974013,0.5934587838737189,0.31048017684984974,0.5788396079500927,0.8428508919708578,0.5389258063547703,0.25435541795607275,0.8187390336425058,0.3135164538021681,0.8005407704075618,0.359541306442192,0.9007497432587713,0.4065859573096027,0.17108573138838443,0.617278767687684,0.5398227305291774,0.8699906658610599,0.587786802044788,0.8917649047232147,0.5599795518923458,0.2141708717591985,0.5680538980438143,0.2995091211030593,0.5386352351906276,0.3203400997397281,0.6950364004263858,0.37396762825938057,0.15428804518263162,0.6027223037674213,0.5678310020649278,0.2035823867954683,0.26018933753695456,0.34469466461988296,0.5347237127244018,0.42648836412876706,0.5176837118034299,0.5323139625199872,0.7243848389127374,0.7033825309567309,0.09670756098447042,0.6959034226901912,0.7929316293260282,0.47290929991326713,0.3280974633605616,0.5026534631296793,0.1725800282484885,0.5586095515966057,0.6087740274555208,0.5149897675237575,0.48231819990618663,0.26347072325378224,0.5859383317794352,0.5471655436221583,0.7525074920749163,0.7071077564562412,0.33952297451679586,0.6667364348227957,0.4356889080225767,0.4345580866917329,0.4822679005177689,0.8047841842086921,0.4929534075111249,0.31093173207158514,0.649834945231663,0.8484165603928738,0.6629385940977972,0.9055060551138872,0.7818157563104884,0.9634661965450303,0.4094947747824531,0.46247785971459054,0.8732852745321363,0.8670529313599057,0.5557432583508288,0.6955677119835204,0.6595592587895545,0.6453437128294551,0.6345419563184902,0.7346031032290502,0.3354770748334174,0.5122011871135078,0.2862791551849149,0.23813250632682045,0.19026417293630296,0.4468525876469198,0.7199578665395406,0.25450727123860634,0.30812423986929843,0.5803919201802517,0.09386598986665685,0.63313578349372,0.2981401534057222,0.33764474057845667,0.2996334751491144,0.608751567396013,0.5201500408489637,0.6139432337640525,0.5939075117622775,0.5931171886383344,0.6323193132923979,0.493731178334038,0.858901664707474,0.034815662971417895,0.02884656844414752,0.49706368907982856,0.34088423238444304,0.758599054901299,0.8702991502829959,0.6923507602896352,0.8681340574016493,0.6016389018047124,0.17297741694083651,0.6126880489417199,0.15880271855477673,0.6295024985568117,0.65839788862424,0.4739848763871685,0.44030156002378984,0.4829514031927091,0.3733808245661949,0.7243024079325384,0.4859700710357082,0.29445638446424993,0.00527638511156855,0.5992324183582596,0.6312436053016686,0.16609298466032146,0.5597025144813269,0.19419981951595755,0.6481064682883867,0.8733084376312881,0.8582978180444241,0.48182994207420204,0.8690234532182917,0.43679340601634536,0.41183085980625694,0.2084029850808555,0.6170860574183126,0.04253398533589942,0.6089831287647753,0.015087010279149504,0.5514119816052765,0.686820600752792,0.5898797926324606,0.5335449011269845,0.5851494739274028,0.20895735835136914,0.2293116043719639,0.15625652749632793,0.6254031370364126,0.6182373412240524,0.7906408663154976,0.5799261338986365,0.28669791552598756,0.8691281676454311,0.8341717457312409,0.6409024707858032,0.622704798230084,0.311785924772679,0.10569006503628545,0.08380791000623747,0.47377921052617994,0.459990354691073,0.554649351446591,0.5674751221876343,0.6471839840049438,0.5438643422251624,0.5634921397050847,0.04662362122489003,0.6890897743102741,0.5651778022892819,0.2678548249610139,0.7972583936346784,0.6243106016933392,0.09198243013298903,0.45449940187576393,0.45549569249953836,0.5112068101252323,0.4258020204319021,0.30213040581959827,0.14917926179610946,0.3363868821919605,0.18332387223001376,0.377509870667167,0.4169139140594555,0.36711005095607624,0.4237676012184564,0.6089424032552735,0.5959694641063874,0.6587920753695754,0.6672471059425726,0.654734220300573,0.30920551634714705,0.5516546368328599,0.5486750485464597,0.8749164964536571,0.5340834131659563,0.6249290347983555,0.6256559268813294,0.14375495703907526,0.140448020334567,0.13092306172755938,0.5365681175478535,0.5618816221283152,0.606966399255182,0.09073780294583872,0.3001016410958814,0.6667276045173244,0.44276656609159665,0.11726833085917071,0.42041782949823764,0.4694769056435923,0.2108718636974251,0.205744215627805,0.4999754894372679,0.4434686174872994,0.1214825908471455,0.2116730165163802,0.5613562061368952,0.7713667654384619,0.7824093698821684,0.8771813806243085,0.8684287159700842,0.44727530564389306,0.6470601994677655,0.2566385964426616,0.12443664140999663,0.2981202333371405,0.8566781102328447,0.5783051417400239,0.5396481802277581,0.6521518019003477,0.8625997455521003,0.3178969656133706,0.8069247527842522,0.15322330992204758,0.643258657289802,0.809814272536503,0.36258015297487756,0.8525547963508711,0.60335261875235,0.5319137159752757,0.5064945843771469,0.4471082090283971,0.4087874686280147,0.07454603114269565,0.49864263999740516,0.8718778055145973,0.327338419809722,0.4487846891958768,0.27644873932368913,0.3324502995005378,0.3087054402840119,0.3113521876107254,0.326951287221367,0.39003332851439526,0.46986543932480385,0.13547677861699697,0.30540878339295935,0.873414964004916,0.34364523268226715,0.6039214641065213,0.6241801700452345,0.46902633732827403,0.4147406856415958,0.35441696317310656,0.33187630412303903,0.35829834846164965,0.37198056460465,0.4571113565289055,0.1634448376459055,0.8734239846433711,0.29212569415034645,0.12188731404430744,0.6658305513125348,0.7122621472670644,0.9183803857821741,0.6661852882885301,0.6857967736803194,0.3808719386292993,0.5190475738465277,0.8832389480736702,0.7069352388584338,0.7621442544662056,0.5673583629105463,0.5472558579273924,0.5721138071930282,0.44608367713135694,0.5925375013908601,0.5636410938501825,0.49844529560710205,0.6681970721007603,0.6963893828331313,0.3918455293995829,0.8183869696207877,0.7330967657692546,0.732341579636962,0.7236760036068489,0.7376256280245056,0.7693381224402289,0.5694557093251055,0.862910657341649,0.8022013196801517,0.81361397287521,0.7935396641195771,0.845345298381049,0.8363035610512025,0.5864699162023581,0.8508294860614593,0.8868622204296422,0.8124741349805249,1.0,0.8949679674059361,0.5267974344332821,0.871587490887861,0.8721325984060276,0.8722424574587956,0.7626707667441495,0.2634298316109547,0.8903363246741554,0.5457986973149435,0.46859186813318454,0.6260016253266375,0.7147595690163214,0.691994225986459,0.4397076163588704,0.8468527542611407,0.9878404395650263,0.7900843593480685,0.8900952603795665,0.9741262960011008,0.8661817559284041,0.8739647253932881
112,0.41066683048555497,0.3375397471666036,0.8476527816834565,0.8235969940544,0.5172588601656296,0.7698191749062755,0.8352762052831268,0.36701815749198285,0.56075253928631,0.2671862053415197,0.6849820889491184,0.4342749281629964,0.45453941568613065,0.7270258498996807,0.0838115046276267,0.9049975341928845,0.608388427452721,0.9219524872453018,0.21998244877129608,0.2893817149651867,0.7398308065501401,0.45393692043122774,0.1672528179680754,0.5307018005789464,0.7149804906644316,0.4317345451921992,0.3761345288489198,0.7824474577684483,0.7687294112686667,0.8071940813397579,0.1783625310109238,0.5720018364671118,0.7150874260183003,0.12675589157868847,0.4218990240561443,0.559026279295071,0.27171389288560355,0.3387985376226254,0.6004903111776779,0.21469037770627736,0.6488018550161083,0.2903692506626517,0.3199558951204752,0.20184908117349815,0.8620428998708348,0.8346633844561049,0.7449788381921215,0.2928034279074503,0.8224395114649583,0.4864095817250863,0.7224368890208569,0.15416706671411748,0.7552667272473111,0.5383258854525332,0.5220069369056085,0.5580876468650906,0.874709586146646,0.8703650881894595,0.1574113413501672,0.8600855819745382,0.4339066670839543,0.014307059671874112,0.21123257361328518,0.43557499241739184,0.32273241888575266,0.2008800024331824,0.07266224076010377,0.3695498432772706,0.03994699842529917,0.631686675154768,0.616279277499912,0.3586692264167559,0.23050710232433583,0.22990561467322967,0.4914683076158655,0.6122437017089022,0.17635962188550278,0.5295305042691804,0.45261339731492806,0.15966597742992936,0.3726299221575016,0.26338241288712655,0.863227199808135,0.21623194563053005,0.37269405846958187,0.7068612389775623,0.617864718942386,0.8514082180900249,0.9040119756643739,0.6752984070256625,0.9139061960117677,0.8212512993117757,0.28362479395342355,0.6943215019985806,0.3844197943466934,0.4172980508453683,0.5525098166558098,0.6356640639264843,0.35388110958757435,0.575828304071274,0.3361567477646217,0.4677104872752952,0.6285447014256575,0.6457727368316518,0.9061802896830088,0.9106292071358388,0.773423240484589,0.45729942164157106,0.9212712760383353,0.6654682940601805,0.17461809627632766,0.4466668737030401,0.3826142252967413,0.3773078348277325,0.5017895592679337,0.711490748203289,0.5073032340978206,0.5007850207792037,0.6825707850509621,0.47970335447124574,0.14826209888653719,0.17646484641592952,0.696844215706776,0.6116759350392271,0.6226863056531902,0.5357200849165856,0.770171693425832,0.32255313495605015,0.7597925248127245,0.5783389074278608,0.4204101237157392,0.6009337326182413,0.5711776732509972,0.2482582646768962,0.30185930053691934,0.7614886596645823,0.3527885371477239,0.6220065478910546,0.6068163526700018,0.5680410410421867,0.48988351846015665,0.9220336236097918,0.538030751147521,0.5442849260664522,0.3948090911087059,0.5098632662204718,0.5962199538946251,0.5117580552118919,0.44179530779839654,0.3528345634761811,0.4801816754299573,0.4727309302811833,0.6287298477971235,0.6369847256734139,0.6955649956053557,0.6068563058175622,0.61218570414905,0.03214912201305286,0.7308410467536537,0.6759782635735194,0.47518642039726955,0.45344041815935265,0.40985548228641094,0.5754369288435737,0.25758845106357064,0.45362561826974973,0.8799811117010488,0.766419059997124,0.6689540947837019,0.62398450782515,0.33976620488805,0.4040413272145535,0.6122324382863907,0.8264232192048376,0.4531639734685353,0.37650610762727293,0.9130445648620069,0.5508728956110771,0.48038397804116095,0.6129177983764386,0.5723982303112483,0.8984443751205081,0.8935120738238388,0.8532761018302063,0.48209981106923044,0.4454766845440445,0.37669495945125575,0.5791842092384074,0.38832210432049336,0.3251320507843922,0.6355351429694046,0.6790847591518305,0.4702025192628004,0.23414719937619569,0.3373270803920803,0.7678311174350295,0.8720555348141655,0.616490160962739,0.5903829089406543,0.3122124179821504,0.5164604976980594,0.16941104614160002,0.4945864954841748,0.3218843459689451,0.4406920855137127,0.8460463548586296,0.21973661619938437,0.8301814687879244,0.8481144222442365,0.6117781669130528,0.7854162337796191,0.6550138609479469,0.5682805763161992,0.7248801405298958,0.4277325731656107,0.3618977479665914,0.18673974321967107,0.8531432143496107,0.38471009382834975,0.5566193610869115,0.5523759476670208,0.3714423948097825,0.4188617082084742,0.4308092029288852,0.3653486137554309,0.56223012195012,0.6320370064293496,0.5862300163959647,0.8235629243131009,0.40429318263517927,0.2683186784794353,0.6217775836636504,0.09781668474624056,0.6002782593986978,0.8077702602898174,0.9040027120078954,0.8733789727243726,0.31457443318813527,0.747909007656435,0.8931768206308117,0.8812026577409684,0.591518792523111,0.8344098448379313,0.48422920651611223,0.16454300796783494,0.6139451724671766,0.2749522212374508,0.5935848829974424,0.3606610457143344,0.7307984212309782,0.8678733488603254,0.20268998859848963,0.8010888244965491,0.6751435519334248,0.8280118701902123,0.31986911085826275,0.8579670587538006,0.42765608833005675,0.23294933370546872,0.41554754439212727,0.4316285456751262,0.5038117064077023,0.48750396525378925,0.23975356340346152,0.49620252131941417,0.7933838529170608,0.49850647538022597,0.25121428145256847,0.512555669951644,0.3618412960599118,0.868022081940228,0.7811891330342888,0.8202141062730527,0.3708289825120893,0.24032085327534758,0.6356440936352997,0.6734592865845167,0.8027517454081543,0.7935249345185058,0.38988096595450444,0.7138285614161622,0.6785103499924141,0.5177414462610413,0.8146328036796002,0.7979250516470542,0.1891625980217598,0.3364996953935319,0.5374910785697903,0.9084071534195253,0.35919405093719625,0.7381368416863695,0.6917566605773263,0.88531423988726,0.37757611269378094,0.5033071329182314,0.8791036681205734,0.8774510851342995,0.3116404958055071,0.7516640825400078,0.8386468171486905,0.6699866024499275,0.5469912294299001,0.6955331989307785,0.33583055845034276,0.21447688037668855,0.4839331122832501,0.2755766889248042,0.19926982536065907,0.46247064376762625,0.602537773301135,0.4196959784904411,0.3486412874101187,0.5403618059260648,0.2208072979511495,0.6478935316204473,0.5061725945525752,0.5046877035794256,0.2799986692177652,0.5874481621553466,0.7958681105265414,0.5963417972142439,0.6525774092423985,0.5589379193183125,0.6136577700489052,0.2886477103316675,0.8958584394413373,0.5427496268910403,0.5038291664009374,0.8670272878258201,0.8109874391355955,0.8002972320325223,0.8755992297584394,0.6877416489884297,0.8626803400357166,0.5847306860304367,0.2706817469376968,0.590620360472567,0.25731574129599066,0.6313661799432497,0.6472332635422351,0.37820917331190707,0.618175533204405,0.621231152103502,0.42439342122830237,0.7015434202846416,0.8298163323390726,0.270963643694122,0.23698045860326428,0.5567178239051057,0.5826221682587268,0.45455139080473417,0.482669151579232,0.21660668731581073,0.5487419616112785,0.826709304705802,0.8230696423065567,0.42440547822464114,0.8274533711024926,0.4082714184322158,0.40237609627093046,0.15716774934245326,0.6244294520429036,0.19251749845471058,0.6167976924129674,0.2502211710663488,0.5704111445284468,0.6765869599557479,0.6864529314635932,0.5336032907260453,0.677978341605231,0.3417659887131319,0.3031339904342125,0.35625988990902724,0.7204931636857755,0.5825560353622006,0.7690210076940078,0.5465380780214937,0.2712873104278549,0.8695359853360718,0.8214567742023686,0.6784955979716747,0.5874588557508859,0.47307046032705435,0.11393156215029372,0.11693401586648274,0.6569135681700444,0.6387200705362108,0.6223517747467652,0.6194221136724688,0.8091383009623772,0.6404736975787723,0.6147916235864961,0.5616759180020889,0.8793148897969084,0.702990331515405,0.5153292777630067,0.8435964993758066,0.7734377168385183,0.370272518569667,0.8832785597114667,0.9081798188953123,0.7868584774197609,0.8041611350939005,0.6631007155114574,0.626538725181339,0.32385784328781236,0.19382249984265162,0.1379715455588775,0.43147631291994526,0.35841944966539807,0.4957485851118353,0.7759741225643024,0.7485133077433261,0.7233936136327374,0.7105761608692109,0.6432923078873591,0.3607442748973427,0.9265852272853803,0.7545230077893766,0.8744058961046309,0.9399115044000962,0.7777507852279514,0.7450617178261559,0.4956794255950672,0.4750411159685364,0.389903174827044,0.9273085848000289,0.9419396103683784,0.9049837173080233,0.32189417614159666,0.8206862141946368,0.7894500201811099,0.9083586124132373,0.7533181145173674,0.438096430011776,0.6480967099877066,0.21507968446376755,0.19153066224803827,0.4887316990352836,0.44164503206095107,0.4558371429821593,0.21294141710255832,0.42759761224270093,0.9535531389897252,0.720584288150025,0.7433501519435891,0.8746673422874054,0.3064291213606731,0.535648599937355,0.571038589726623,0.140284419021857,0.29135019486118646,0.7221408226722486,0.7737292919561725,0.6848427663348046,0.608216433184256,0.8757115298305181,0.16930397878992254,0.8132321129629321,0.10771420018214665,0.7386625061933552,0.7181102672642422,0.34340579742256894,0.8502242767492676,0.6531661982339596,0.5842709746452953,0.651633394817956,0.6944103651816829,0.5137135165931391,0.1852798188541991,0.5531787470683467,0.8769964537345397,0.276305494337795,0.45430197297106084,0.30476978034090213,0.3969561530111227,0.3774831273246406,0.6934559148931755,0.6818055568112997,0.5421548599017707,0.5686668960540051,0.13340138913358493,0.3500550158742395,0.8703042268778715,0.30783965817037695,0.5055421747342523,0.553864978094819,0.6098793546697819,0.6255517552909265,0.735915427070744,0.754038863626317,0.7214966500767985,0.6361731176149068,0.7062079981787802,0.26412690700908537,0.7514192407109576,0.242095256743124,0.24424218167769063,0.63267843216352,0.5134684556058925,0.7727470058380971,0.7143204515931735,0.7056752272984347,0.6137942062882049,0.530694291102957,0.8970136905541279,0.3134040165004262,0.2792088275682079,0.5490904194828283,0.5150301217580837,0.5518572669091334,0.5302033346708106,0.579690627337093,0.5392565416577595,0.5408495225419339,0.6591144339425915,0.6746444089919285,0.23410807726014787,0.5853599067663667,0.74276083792986,0.7498811618258523,0.7421054636286771,0.7470301913838794,0.78935837948361,0.6781591936498644,0.8985037962830635,0.7517397760797718,0.758919990609287,0.735501749120563,0.8573913446153058,0.8689657833414621,0.37372062567215397,0.495884737680249,0.9022704735812238,0.7915749076090518,0.7390200928529002,0.8260879578524487,0.33132027647067225,0.8987226123255779,0.42998564371083414,0.8949453575582292,0.8203346278882987,0.5167944946465354,0.760836342388892,0.31607054822760483,0.6044318421397604,0.68680649955373,0.5752450004370424,0.7883946034440246,0.6721440659109977,0.8633695636755686,0.8086841719630449,0.5377902386243595,0.9105376589685917,0.2624484720663042,0.8478222499014982,0.8525422900150761
113,0.4748823050797289,0.5257572651484559,0.8741140164492058,0.8498660227826074,0.6423615195168457,0.7668339868049402,0.8051099924614171,0.29529739408701805,0.4726071972521858,0.3420116351239901,0.5881163109220832,0.29025046318801695,0.6171110618643548,0.6644429019038091,0.08352878508037002,0.918087414873195,0.6620527163285329,0.9104639965536774,0.29004922657281423,0.36968133248524204,0.7894346117296588,0.46978063541742926,0.29945071065174395,0.6459695189008878,0.6063957774753858,0.42016005843237986,0.26271012534456334,0.7847456173735173,0.7722984504161214,0.7468341674604453,0.1772264430899622,0.6592082629261331,0.7019578175526112,0.10277525158350845,0.4964466285885065,0.6361909594787843,0.166097501637728,0.3540966436339589,0.47076773627588087,0.1399271098321061,0.6676873129220621,0.29561672110369525,0.40540489294510745,0.3359360206809657,0.8827161841652423,0.627640953274444,0.7052870152042735,0.5697006561176895,0.6088310120964814,0.5180524908375916,0.685616521039959,0.1401569424054041,0.6408468190611544,0.634011485301138,0.33160152139922205,0.7265853469661641,0.7348368322816616,0.9001499017530221,0.17747141349030673,0.7216644778017332,0.7560624128845805,0.040818415821814086,0.7905159274798719,0.22917957544047354,0.31631702476241197,0.2843355294721408,0.12156373717980742,0.6469623216494989,0.5769862068881304,0.7847013568249782,0.48955487329709624,0.4767659304501251,0.13802341387536277,0.13525724747214432,0.39016655798233485,0.6700914858600789,0.4507374510609846,0.39546136946994376,0.49230199799925806,0.2721259015796762,0.7037878812928778,0.39359337699003577,0.7715616884111539,0.44731934328526296,0.28050496066318453,0.5556407553447075,0.4404975436037739,0.46978964955596103,0.9144578748213795,0.6718988374350188,0.9153106932454115,0.6553655546470898,0.6026099821435369,0.6684220587883168,0.03557412922318168,0.6253025395836599,0.5846976225464051,0.6753306226617952,0.47545987922600336,0.6198237637253383,0.4146408634789459,0.21232065216191567,0.6563932468258586,0.1937667247161756,0.7937631990222384,0.8034110039986527,0.44515481248298194,0.24384762401669766,0.7794965165674865,0.6357426583760781,0.6317526513623571,0.5443688049438771,0.33634932259002726,0.4313517545675829,0.5141392766192485,0.8665439208748099,0.5392199109499239,0.5065620388150918,0.822313466277539,0.3051500285875941,0.1590531805776503,0.5818336170715168,0.7011879549155924,0.6751127171865876,0.3982783046104244,0.619344858602141,0.7722053852275983,0.3271100656082503,0.27671111737459986,0.4758048889039008,0.5961867361179388,0.6344221409860821,0.5754887935254942,0.0,0.3452729381958311,0.6851980397338773,0.30163104742197283,0.715422892175393,0.7861568247196313,0.5411328554346567,0.6134115123107418,0.9150313636822026,0.8292978454671223,0.5586306873941224,0.3996924213724981,0.5440240864748408,0.6110729908607851,0.5821590534153868,0.18460046015803047,0.4854077036135128,0.36486307279296454,0.5981985979853891,0.45658477905032807,0.4605913042853389,0.7129544237504523,0.4465777645539738,0.39862289367653775,0.12876188190759152,0.5517190805211121,0.7500482779749564,0.47219460302533955,0.3968789511532822,0.5128810674460904,0.5348931999136443,0.3696519007537599,0.44857492879827265,0.84048655407514,0.4281568951646788,0.6780534898869951,0.5976242216131958,0.3846886900592016,0.5025250060681765,0.5649369435703114,0.720337701540243,0.43584633054317684,0.16356276880344986,0.473544869351722,0.5870456761289836,0.5413320154167219,0.5756395750510986,0.2816240168100314,0.9107815169526685,0.893891422873171,0.8948800564394008,0.475076817468318,0.40289737954898697,0.5507526505980891,0.5006270765284286,0.563589553715024,0.5241934699698021,0.6704577410355328,0.6155091681609686,0.6547119586015411,0.15365888259661664,0.3262170880242602,0.659319973121432,0.5612545429665899,0.5042027524077425,0.6767630273899997,0.2414344833216884,0.42544477411719117,0.2525641505002603,0.42508239396651587,0.39959423207615896,0.1251073974125351,0.7427225150271384,0.3087014039339851,0.7221749351638505,0.8679331090340631,0.2840708874172083,0.8006254377154265,0.35459024028048297,0.685511165336696,0.7101450855878259,0.5804023469802156,0.5282295303352228,0.7149189188548107,0.8864944119311627,0.4116801832920878,0.5541241386584387,0.49867462657170586,0.23191554993548677,0.768491164599871,0.6934939518618848,0.6841675349397212,0.663931545150535,0.5127595632140219,0.6537288136061457,0.7473180695193681,0.3947221590054915,0.2503119558293005,0.4775426495431885,0.5228266254370371,0.4810132819760623,0.6263048982556721,0.9194349430110473,0.6542168703256135,0.29447380698600956,0.7798988419535716,0.9190888322277978,0.8988331895774535,0.6695228728079614,0.922954038263219,0.6418142613451939,0.1653525856158791,0.43568608716465135,0.4447379162718059,0.3939320474211855,0.28793248355718487,0.7771823390727767,0.9010405227985321,0.2145389927989353,0.2926551160904426,0.6669660369108888,0.6431639862714116,0.25271899754222077,0.8960199163450504,0.4276653686640521,0.33106261016849736,0.39683818093409917,0.32097900010455616,0.32490716202744097,0.31916745583864903,0.1942243835719928,0.3226960626741232,0.7068693343858008,0.30706312342950537,0.059416213491004705,0.41563819938798374,0.25578227643511675,0.5301052919119884,0.3551651808456331,0.23308179446065985,0.09396563438946247,0.2119740519898117,0.6658494368344785,0.6278033490200411,0.7361668005071638,0.735998903065014,0.30498370075517867,0.6973913923042405,0.42635140042974146,0.43992365165306135,0.681953997805474,0.6658438131343201,0.46036738864660365,0.2866387111826702,0.2647003014661731,0.825646910144562,0.6342315966721623,0.7693338181880518,0.7673220738578799,0.8980580592677754,0.38375233265552317,0.10973789033802284,0.8937329767577636,0.9059480556778006,0.4683720517578312,0.7064903940913538,0.9072257720031479,0.6439163094740498,0.40980455864128823,0.5986815009220028,0.2778263500776519,0.4277722417426317,0.040198599914865074,0.23656418273253174,0.16704469997093804,0.46391360474677995,0.6473433543646374,0.4234693286305823,0.24788330937411646,0.6862082948486906,0.06895219345213292,0.8130881097630287,0.30388284874468985,0.2924049731062082,0.2222428974677637,0.6792649552296619,0.7094898318407739,0.6808200107981421,0.6505127390739474,0.6571554859768122,0.6743961414765225,0.20670998960648337,0.9125703882522856,0.24326566504532024,0.20160465453752446,0.34179250403157385,0.018524013859829814,0.8181082248633952,0.8944643403380246,0.6011327276626587,0.8998753544315948,0.6844938561988021,0.24562327149637872,0.7002562193727238,0.1969668950853439,0.7142461507324822,0.6842649510468504,0.38085855352646625,0.49218726350719477,0.48841688311228293,0.37861462593179573,0.6505210761275855,0.15103609855387937,0.23933217718609018,0.08166961105133433,0.5274184262288826,0.5302868548144384,0.030209891234730103,0.48501000390411736,0.21437766629708,0.379682731519229,0.8182114024401965,0.8241608132596091,0.433105269510888,0.8223752061335629,0.4111014393214632,0.27688041157933263,0.08262704670976484,0.5268563080689973,0.1914509444970772,0.5110241769131959,0.19045606248363123,0.46086167410347006,0.7139514595836004,0.6966929501982734,0.5319897450199844,0.41713304374171173,0.2781399686744815,0.2450460623817487,0.36942666075707137,0.8248415836518109,0.519530738160603,0.7630057377280897,0.5807196765224246,0.26531623077847266,0.8901366640602245,0.8432599231364768,0.5657319180362083,0.540854286117816,0.18363131883290995,0.2561722969838954,0.27067470403154187,0.21316798345081206,0.2118155432646338,0.19327365054979895,0.21739716196328657,0.5193390445011077,0.18472214005839593,0.24911584470286707,0.43644710179709406,0.6147504654753457,0.639512292779903,0.4626985939560987,0.8122850087401372,0.5822481933934917,0.3316907592912295,0.03635290389720447,0.035973408348626425,0.38618043944908476,0.35765024264637557,0.3593218254194765,0.3935149195946424,0.1330323689364361,0.2714487961452785,0.3875108580566382,0.37370860488962343,0.011585276089446117,0.4946169369764033,0.2719464086915025,0.29070996291327544,0.3328631111193958,0.3302472108758472,0.28859148476611296,0.10737087503647597,0.20362314808248613,0.18675556331714682,0.8941519722344521,0.1269245782229244,0.26481638198249813,0.2791052754628404,0.37295516886995683,0.31372460373777245,0.16817174835809862,0.1942436884485055,0.138038145046081,0.5066568647045193,0.2971816440126811,0.2300182586024434,0.49504035236494764,0.040545001136089324,0.0,0.10227336885103579,0.16792876740224374,0.3071201276015075,0.21460174162573958,0.48310447301511533,0.2795992454050394,0.33137492771174953,0.21185791087648523,0.16019003375442062,0.7829431852647274,0.5891799359342844,0.5953001538112933,0.8975276871162513,0.24796387948420967,0.5274522053599736,0.4234692510334288,0.13477182724175357,0.33996050740815925,0.6133346985173866,0.0,0.6388569740511232,0.46737517255283445,0.8963526980856514,0.15221972367372716,0.7212730197996191,0.0393829050514993,0.5358460807518358,0.7133055738804458,0.3221761735252987,0.8853991934120674,0.5143816687286127,0.6061720610669198,0.7344058284189193,0.7288425554881169,0.6563125638698517,0.46064571167228646,0.7031946057976185,0.906879358737913,0.6940974215723659,0.31561765907074024,0.23166117759769947,0.061462115501429215,0.06881593084343159,0.25781658854171113,0.29906446030852213,0.7417405787126293,0.8037464701100475,0.12121328504539754,0.16574916807666995,0.9169184795159132,0.18273918197250263,0.27845656242470557,0.30492926262058845,0.32766593124032656,0.3257962825268884,0.3884427272382156,0.36793037311233084,0.5251737792157918,0.7437972453544937,0.8570819534504147,0.3284065243056971,0.8447222347966907,0.10788869677294467,0.23534548026991126,0.5831829002602109,0.8619880396298508,0.894742585535385,0.6835875025495195,0.6831934723592057,0.46952739897586326,0.3964420005090665,0.8946781798781102,0.25458293007506433,0.3145584996395744,0.6708437899275284,0.2651047958433822,0.6735903751621128,0.3596343766301612,0.7043564912917611,0.6693877663272387,0.6430460653049975,0.7824433766156957,0.8162420447333731,0.2416946453155953,0.7884228157768108,0.8215409834400281,0.8630342819841561,0.8577812839228803,0.8441736017846778,0.8043807767196237,0.9664887617731388,0.9330113257741506,0.8900113768446424,0.8636225939135102,0.8196110320068795,0.8689932879708969,0.8998443693289647,0.6393094219044626,0.5953319462503298,0.902316742339382,0.8043194324459323,0.7007235540627184,0.5838141865673617,0.394313296525998,0.899565478691489,0.37539437339763454,0.8913136490473141,0.7148817958952343,0.3242756342786019,0.6438324628933452,0.7262280316787599,0.2975586585727835,0.28114801392444416,0.5740126951657576,0.5988332278157876,0.24127775282373148,0.9019604906557458,0.7847073258119718,0.45198623303127233,0.8989281735568623,0.7583708866838498,0.9054637396883723,0.905124317861386
114,0.4039664770919913,0.44482750658455716,0.6242705076368488,0.646922152386093,0.25016224426483685,0.7853405888399937,0.7583345788804822,0.32372842045144945,0.3673659240758938,0.4043092615068821,0.5985341294786114,0.48110732537615114,0.6561707244363049,0.661097703471188,0.07768407686227727,0.7374393794977879,0.6214378140318766,0.6967658337270675,0.23872065461920036,0.45112339849587424,0.5474665102684398,0.2960865236754215,0.3086067295109468,0.5870240219472738,0.46854521718462455,0.06333546988979866,0.2968398527316833,0.8191658654229551,0.8029707183403858,0.7258113722299632,0.1239731001545479,0.5793622223611601,0.6466842542219381,0.041965139782617636,0.3836018668996177,0.5437502168112263,0.3839230668461414,0.26881036654398843,0.6034279518003816,0.08766711790610685,0.4315646162894801,0.10740141049741725,0.3381737931875965,0.3108814164795601,0.6871633512757023,0.6570945411634425,0.7436117965328364,0.5689180082212305,0.6730992293558564,0.5990194250568751,0.7297977189964959,0.23465042071962597,0.41106260045490917,0.543313129458991,0.1587892465261526,0.497804105168399,0.37316588659088457,0.38442993183288876,0.454842118643203,0.3429424369441915,0.578810657009549,0.36227316573820795,0.48884778787958255,0.31188015433680094,0.17294214841306424,0.3807019725185352,0.19296682667019108,0.5774304286508646,0.14846065580554751,0.7863225145913356,0.41999099936581824,0.20362821340176285,0.34598039862699065,0.11823780063628955,0.17229017708641953,0.7998441411165326,0.505950038437228,0.2897435520363591,0.7060860129696513,0.43770878150441905,0.6267802166903568,0.48559394004157885,0.6031495180381314,0.2364766530273425,0.3392896420135876,0.5650807553964908,0.4701860991282765,0.7084498131335578,0.7277454059739231,0.5309394286764078,0.734676269800132,0.530198116466949,0.32549239713293465,0.7440407148926415,0.41133415500554493,0.5766487265248453,0.7218193435497366,0.6427887838191415,0.31626850439778664,0.5726884207676933,0.3064094924968122,0.44955484448625826,0.6793012052839178,0.3006924079196748,0.38178853828568465,0.4035544978031927,0.7259487571773321,0.36426437314472115,0.3244855575940178,0.7194693806541207,0.48248452273023473,0.6136069626931255,0.5125769015459338,0.3872349353836565,0.5143345983235101,0.6726938677978345,0.5101290251460083,0.16883852477854247,0.5267511640939603,0.10252752181095064,0.30747088178442467,0.49127820323654986,0.6336999524754937,0.4570253475084255,0.22910186392099974,0.3794860708637198,0.6734476712078946,0.07229476295186689,0.5804462847267003,0.2427994530906314,0.3348331942712911,0.4755365654889853,0.33043768545830837,0.29006612230415363,0.3667890094701412,0.7766074056871998,0.08814653604240909,0.6520395068814981,0.5670658769832516,0.6857895778805123,0.5300187225343798,0.9418347376690852,0.8293171349079407,0.5555137995927518,0.36237012511973543,0.5153322503431143,0.699800487077508,0.5304386775687933,0.4681095136722644,0.49675073908612555,0.24420940886219117,0.5593586960969811,0.3758405650348363,0.3808672974092951,0.5801198341840377,0.3684251619021773,0.40594896235630284,0.0,0.553291277374234,0.45523691661467625,0.5197325822915536,0.3401390275244816,0.42943503127027977,0.6985583966328631,0.34247989117082117,0.48164593090424085,0.8418383614131123,0.3586688254875592,0.6861845886691522,0.5975487697325577,0.33236959793374,0.5100259524210381,0.5754186511018935,0.6934050992478971,0.39942553700074057,0.2824939341515993,0.5579803583075823,0.5971437006168362,0.5490122537418798,0.6372584030641087,0.3380656993070054,0.7161573843706762,0.6972640086167109,0.6834572249291798,0.5620513279513072,0.15203884570224724,0.43973625762366486,0.3461365128292749,0.4618345734854983,0.525434652117226,0.7141223349466952,0.22873144150331126,0.48414772044821736,0.18645378261580461,0.39245596001113686,0.7330114671331258,0.5101371579384466,0.6000825069512001,0.7491575614952842,0.3715615091951762,0.5555111708223227,0.4342258224914033,0.5588816672044271,0.21205954189809614,0.22866895632145123,0.4258092150669637,0.42383880991266143,0.3779715673065157,0.8641883944963713,0.19716544752741189,0.6413122578554269,0.2560222269830816,0.4000242783184056,0.6368473191066353,0.27768194212595354,0.17602457142951541,0.22432539358519862,0.27144425299235597,0.5393431412063352,0.5404767575204008,0.4358963258722453,0.37067514518438643,0.7253470087738374,0.5848384662678826,0.36083898102324913,0.5900375393166397,0.3992868026526007,0.5545568299661446,0.7740638375131605,0.5197394532546802,0.22935275797753749,0.455196175406446,0.20336193896842344,0.42050863125948973,0.21361436378942467,0.7947542885125723,0.2440412418721861,0.1632667148538565,0.7415223953246599,0.37293859266017254,0.6840428122158837,0.6034144496231298,0.6812420721181872,0.603252846314068,0.23756636377969645,0.3856553225637971,0.21973750016918606,0.32479893181331476,0.30703976956785495,0.6187745225289196,0.2343924006807908,0.2194499287500559,0.5352359761047627,0.7219055583915217,0.4683250682822988,0.345926963776029,0.21393946782997747,0.24682679920363737,0.322805464086766,0.24886503358776943,0.20933324449025215,0.25994300227196554,0.24449983164780129,0.1272897320688519,0.23433452529666637,0.6890180711079168,0.3044475988634428,0.3031297500546007,0.4035644826381649,0.3252820959112721,0.7237390385767924,0.6398888764009864,0.6266927842754648,0.3883336277263659,0.2554718717297821,0.6042883811158205,0.619651971949781,0.6149083999811156,0.7149697948323985,0.41927471993732013,0.4425585745465984,0.4389581136503573,0.39808461141698237,0.1980837426585971,0.6868634534256969,0.5962149063375529,0.4013588591677783,0.6529416458109607,0.6886299806253618,0.4581783150969087,0.6626764094804336,0.5439605453247491,0.8364688940687918,0.3837227101334423,0.3733767865297748,0.6996808034862586,0.6916593579554488,0.4326599423544361,0.7868769419666951,0.44649184474591774,0.59481337949641,0.530052478451539,0.6732896620017981,0.16458927283511246,0.5335007773366272,0.36561736120085325,0.18202347314994635,0.10903787940516206,0.44753682425018987,0.8383850098948248,0.310010200524484,0.2657298948360019,0.6258216146471934,0.2491823973194254,0.5175260585018583,0.18936127043257034,0.1860597051332059,0.33785361879885156,0.6184750589977936,0.47118919449363406,0.6145450589943908,0.7369982611266523,0.6053407663716728,0.6060385129091677,0.48201251948197504,0.7863865400606654,0.228485347017518,0.2049594854325967,0.6223737347167457,0.5375201418249484,0.5919538610099765,0.6836000773214047,0.5966895960037081,0.7088937875177129,0.6517798034792243,0.12191024043362973,0.6607137362638025,0.10545401300127101,0.6935339312446659,0.645099542211853,0.42952196231300577,0.5015076136818388,0.4563163147271602,0.3727278817759637,0.5833974103019803,0.30589666134053384,0.3231353244704488,0.19173698032529482,0.5276738737142518,0.5472474375105116,0.24639759820960747,0.48892003992509364,0.02528623747553747,0.47136441860162426,0.8649900625187749,0.8667418756516848,0.49368154793463165,0.9013607873383025,0.5224078209033056,0.4955636382247449,0.16850182716465076,0.5729731403295997,0.11027113812760969,0.5631108723252451,0.13407874108729914,0.5386104194721005,0.7318523746010035,0.7152797962835924,0.5331268625115826,0.6060151165886188,0.18820195531699618,0.139485386505213,0.5292697664253004,0.807794064434491,0.584307560596477,0.776556732980057,0.6312053347201834,0.32695511498326907,0.6894961119401443,0.6334791516367853,0.5617185076922954,0.5320703217631855,0.31850251567531335,0.17142600889026108,0.1705943814939326,0.5954641590184523,0.5783756185512526,0.7631690707101862,0.7634448968299817,0.44123550842245923,0.7496662480734859,0.7617617753036718,0.2598316038586128,1.0,0.4419713960648261,0.462759804690447,0.7855898198665097,0.6369281589850605,0.14351399953441402,0.7269769012402902,0.7502365786381164,0.6563126151379479,0.596812417646578,0.5144997224844866,0.5210968462333672,0.49635716501478855,0.20974031288374775,0.23016091648337095,0.41002451128003686,0.24062711105332682,0.29181389214472203,0.7258656623211145,0.7056493166276713,0.8549283189434622,0.8318878599494512,0.7679624890789717,0.5783358926794615,0.7996751449895333,0.6988236980988158,0.6893323468702262,0.8078503727771796,0.7414199099306363,0.8410503919801111,0.1249291055071411,0.12442998767003234,0.6773208462664351,0.8054086227135274,0.8218187108018765,0.7499559484165936,0.13972600912003755,0.5676384577820862,0.602539995907513,0.8133528990242003,0.5588392164656781,0.386580885298948,0.6056297211475765,0.26772860684713307,0.1364482979156435,0.43601359925952793,0.6236849435544327,0.10121618564973363,0.0,0.2758541559752046,0.7684481162626446,0.5885444783403154,0.67378214869764,0.6890926010504571,0.7301446952546459,0.5120332176616541,0.22388606309404274,0.135446176214859,0.26105437314860414,0.5686943481123009,0.886938119634688,0.6171193806146056,0.6897148896455044,0.7223130812445158,0.3719281007601059,0.7869366947914027,0.16776481393052226,0.7352222632155401,0.7149302476845608,0.3056317526667956,0.680233448051783,0.652100272405184,0.6275142724289692,0.5911117118772569,0.5739726385252552,0.527721660314156,0.40517312164468355,0.48934419771125537,0.7314828416581991,0.25406402502767267,0.6466853762219061,0.5881901230294935,0.6491121321059828,0.6602645336365128,0.448843694078564,0.4007012940713922,0.11109097228146557,0.15346530471103167,0.1120743873968888,0.6393386371232072,0.722105713860944,0.6700115224360953,0.6966283509407422,0.7157049386872907,0.6530565168760079,0.6457225773180664,0.49842567979533137,0.4635372906258028,0.36194665621308775,0.35072559903791767,0.4147524241314584,0.3678838410962507,0.526391634640934,0.7177676452444982,0.38945013681034457,0.6340503155665275,0.5042128178366286,0.8498952564291521,0.5155946202066265,0.4136353269237819,0.6093547322226543,0.4821185645579849,0.7372969038174417,0.7533196166234297,0.7978498699514741,0.6323891111337997,0.7562952275186202,0.628039590465711,0.7730490169344149,0.6653184938515503,0.6314651717671769,0.5964463672708895,0.7082331671215902,0.7798015648871907,0.6381033723007135,0.7685996338257978,0.8351149764122207,0.8430260613294482,0.8492456483321847,0.8515549050316827,0.8290078151062901,0.8035691137493252,0.7047569758303197,0.8615165942096286,0.8799661733087585,0.653020814499204,0.6526337386110379,0.6571037887096798,0.4247695244044005,0.5406745320660901,0.7284432928753708,0.6393871882946338,0.6326620527352724,0.8354867104500339,0.380849806132668,0.7355324707332751,0.4571337875795355,0.6953290536542591,0.4562879901024215,0.4372936154655356,0.5815397534435904,0.4883136238034241,0.675203754455563,0.842897570062009,0.4071073166839616,0.5982182562272509,0.7128101013687084,0.7153854956374935,0.43150170256752407,0.4508011839622029,0.7173925514180779,0.3191280936167945,0.6875878960894286,0.6639609903724792
115,0.48287994536294576,0.31279035280663703,0.7854245765226193,0.8021434925670221,0.4812350924154724,0.5865503728529373,0.7355577784163144,0.5279507871805506,0.3508563808089885,0.2473087570018407,0.46334115842388773,0.5088813082442731,0.6249305261416768,0.5937189323706501,0.1101570587938961,0.8550229964332173,0.6622967676270575,0.8466824668584241,0.3253532389925645,0.5749388820410661,0.6877742232372324,0.25148612997256964,0.36300933128437524,0.6947993012171787,0.5438513035756579,0.6110830065225968,0.4030905811633481,0.6037523378470833,0.599497069974408,0.6963656731636219,0.19282650607500865,0.7349917638241134,0.648222663412732,0.16419002046657025,0.5028943929224111,0.7067099369024249,0.3974826973071992,0.28052979001064016,0.017148410705048706,0.22394450075092912,0.19452266967200996,0.20762365363499052,0.3387761679216681,0.335052712627553,0.8233683616028142,0.8462010623210307,0.7315657033851185,0.5688499077367067,0.8487737145066031,0.6157062069065178,0.6986139591995533,0.2816830956746953,0.37675622186948365,0.7183918101309887,0.202227929173158,0.7635013567127247,0.18544736284527213,0.23809115866614675,0.6625109392340724,0.17034630474874368,0.4663680484693379,0.6054956763710699,0.25652852825766476,0.18395905156370107,0.2813672574031243,0.2551911641744496,0.28616410734235614,0.37039659927712937,0.3578119052797304,0.5736698655638509,0.39374430277460837,0.24706871339718894,0.40429438770697074,0.1660786207999333,0.14306099017126997,0.7005786521624592,0.4277765066254862,0.41051451930563976,0.5876241563935315,0.24137443181821908,0.8446531388380583,0.3110802274955666,0.4452716251362738,0.315654460529838,0.5497130401286263,0.5795233605086907,0.39689403060892176,0.5378627972483452,0.8513465338794867,0.7798825788618232,0.8323351197653367,0.39203250630657155,0.06768162168544013,0.3795232027127841,0.45076785883976433,0.521438993474476,0.22301365546398924,0.5349680976002548,0.2663528818588468,0.4274081184278348,0.42882624709112505,0.4714152630608004,0.2637355508728535,0.6741200891607607,0.014525190336752185,0.01839255058030596,0.6396504718796147,0.3524336921116751,0.16007843078236134,0.37695330134870364,0.976324949740941,0.5858668467026744,0.28852447621686106,0.11662859532433743,0.5663292924880309,0.5197601993883515,0.5781517208505428,0.27904212541982815,0.7501611640932337,0.17783322826592016,0.761085150307543,0.44714475148752786,0.5996437797416424,0.2706406238024465,0.17038395277052903,0.17956010580528936,0.8781337794561461,0.05089806182473955,0.5238701976180211,0.24522875324538956,0.628607171060619,0.8388508347082185,0.7738865727587992,0.4176654258426039,0.2914191748174747,0.605853661532829,0.1017108257125067,0.5791344185205036,0.44023094889387493,0.7269162615870768,0.4388007669444747,0.949671468613862,0.895400083871564,0.6020359800432662,0.43116364056150874,0.5933181674702578,0.1441992490712417,0.5518079990298743,0.5778471520099067,0.5493128511908315,0.5500197502703038,0.5400234932653895,0.3807846291219673,0.38557293052208735,0.8363625837935393,0.35355783021257364,0.3132609728011254,0.3462835775670251,0.2794266622640852,0.754965401500313,0.5373954039179738,0.16289942923061404,0.46811455662573837,0.6642427132543451,0.5297994847394333,0.4034093371489578,0.8455131850630769,0.39449524855775414,0.6614184018538039,0.6133078943973617,0.2875151142073666,0.5462246661409014,0.5889595939387053,0.7777803758249034,0.5054283245028433,0.3660639003470439,0.46106645354533043,0.6347301329120999,0.5813057947844895,0.5246073497794355,0.3084893014525252,0.8458696564742261,0.8287040247842279,0.7779929011022468,0.2935511439867217,0.40336772578543945,0.3262446475502349,0.24953388677802457,0.3407961030947871,0.5488256054260665,0.6625500554571002,0.6062781285215155,0.6956511479412398,0.11510716102948859,0.3581309178794107,0.5036903916694392,0.5038755161371771,0.26892387931237066,0.8242383651896689,0.5333045778783366,0.5492545452368894,0.4085603842549736,0.5430544019510738,0.17950185030316743,0.3872699692338752,0.2306873038784635,0.1949560194802796,0.14073896891468593,0.9047350743872188,0.29348708384815514,0.7620269087807503,0.35746893207345765,0.6516066793077818,0.9061700959022867,0.551599749070146,0.48275528508279436,0.45815077647242725,0.16492824168387266,0.465065618456084,0.5340054104715627,0.39687326216443886,0.3441338725938598,0.8524015730406002,0.37128365133889196,0.9249864260456847,0.734003314847049,0.40802322131585206,0.7299219543757008,0.7433538985222621,0.41345295846992064,0.23828687126309384,0.47033889500765574,0.5013327671882749,0.4203214458138412,0.2473651428115167,0.8234995476624,0.2081782907903062,0.04307044048608868,0.7134329049717312,0.4375711137672281,0.8211541355599364,0.7407895412638041,0.839372347874286,0.6228463276284455,0.30651784764653744,0.2342279818379914,0.098759091175862,0.018166424011802535,0.36323079250190066,0.7352111276131138,0.1198407436841862,0.33980069311851147,0.6403201216355545,0.887268887937292,0.3727379510577157,0.3298151804418939,0.08890875913580296,0.38124682418007666,0.40962974606381963,0.33647946337978907,0.32379476994825296,0.3858641747475007,0.373366597869759,0.07001538481233725,0.420203615872957,0.7216019370305914,0.41252613544738304,0.7942063749345011,0.3718051751536576,0.11460202747013454,0.3364809496797845,0.48280410683520436,0.3982219232441459,0.3254829144519576,0.5369310182366219,0.5597887315120028,0.5506019630557364,0.7389090536216281,0.5806628168177764,0.22013899951391852,0.6450586003249197,0.4964933820161206,0.32458393307565025,0.22233595138110535,0.7254531733652406,0.7391954235108559,0.4249673295645283,0.3984443458304399,0.7408081394240068,0.4556207322720442,0.9767945873575367,0.7381044879547386,0.9898932449872762,0.38544303654628964,0.40364053206097866,0.8166872779334994,0.8196052470024592,0.7541932759604532,0.8892994632541594,0.5524881193068986,0.558866001251251,0.19493757256479446,0.6750842175301129,0.273296047193457,0.48127571618554166,0.2020547697938275,0.29376792799027573,0.31767223338370065,0.4518647606257915,0.7502192638260161,0.5818078915622212,0.3492011503094012,0.745176857879212,0.23487991590963203,0.7485400413547924,0.3829962533850122,0.3413090365946774,0.3092650847801509,0.7479151786039182,0.833600081876466,0.7505013474601367,0.6983468505151366,0.7329067738396305,0.796396421878128,0.9236886425194799,0.7796755912571559,0.3577419740859566,0.3089255543067496,0.4497762861698561,0.33302104768632085,0.72754321936885,0.8149494384527998,0.6478180274214098,0.7930244817980079,0.7583478257263305,0.2758390779995214,0.7662903473916574,0.24694984460487893,0.7546845758055172,0.7685673043519501,0.4145611574968404,0.5406196435533779,0.4483978543622074,0.41734696862254045,0.6389108848770646,0.33440412173945516,0.2750875123923135,0.14455364349233502,0.5325104185865488,0.5519538850733822,0.38265384023307497,0.505306077794397,0.11591267284619321,0.5593759019599899,0.8711472653742324,0.8588927894256632,0.5090454025976354,0.8784310365849509,0.47944035363277604,0.5095842654004351,0.16144917441966916,0.1565613193631659,0.09273679945670692,0.1837229605580749,0.10619935450802592,0.11172407825793995,0.7216674949365338,0.6976766740346838,0.5324896080733131,0.6312519198396418,0.26752683148993867,0.23271622467747693,0.4694158430320851,0.6784077978595544,0.16201056572152436,0.7324025469818664,0.4277101661696672,0.18382215379575959,0.830677182166789,0.7972505656570605,0.5258213162146622,0.4785393861863998,0.3628396874163383,0.18039616747736087,0.1764684171539377,0.3431342046217075,0.34883904563191404,0.3986269997349725,0.42761854917830083,0.5162709192966942,0.379460508667549,0.38802587528142635,0.21950719009119649,0.5191203607280627,0.4862591417833211,0.37911460603739416,0.7564136658233871,0.6299091284599478,0.1143561596861731,0.32420131182047435,0.3063557719625763,0.14346296746543372,0.10726332601728898,0.19816306628377806,0.28537231659081125,0.5505842909974041,0.18368763241347466,0.41131375130869174,0.34653135015389,0.08796471256063235,0.28323836606798375,0.43597677137367014,0.4491025229150606,0.46427789114056184,0.4127858514073491,0.2960077138992651,0.33209015805872644,0.2587992436894522,0.40260806107297603,0.8306719006669192,0.2218431020149473,0.44995584498591124,0.49712753990061287,0.2567508420621988,0.21192697474853572,0.09098284909527542,0.26447027519501215,0.277877727221575,0.31327108957165656,0.14187968496042005,0.13417281274608625,0.4147778656651657,0.39518731324442247,0.21562411350767882,0.45849695919822253,0.35172176926148513,0.29000024446766187,0.2642763564197113,0.4473608441469809,0.38185753177905746,0.19788436007749496,0.21176061409189173,0.21319656424451844,0.7337596598592044,0.5898469458252944,0.7019929559466409,0.8251892795474749,0.426518149052724,0.52527618926612,0.3375415765819342,0.21157898214833928,0.42261219501296016,0.6312085550772559,0.5915348785304299,0.5854284651105457,0.3610413624857946,0.816816493430754,0.37033156510721166,0.6164241459875283,0.22158579637710724,0.3908755246001505,0.6270275632181254,0.3981504150426754,0.8180987886635945,0.8248332233820759,0.6267042414704488,0.5615942516547432,0.5974503906778621,0.7460152926788218,0.6519052880403038,0.868321792259946,0.8367546934971064,0.6251895471696728,0.4401531499967212,0.25946509854657673,0.5728872265696269,0.5586535153864246,0.5307115797119496,0.5351411689322383,0.8541871100814742,0.8689377132863629,0.07860511331248936,0.4809345112464156,0.8202239914346849,0.4680550644349248,0.7728682548649962,0.7887664912747782,0.7373366998673014,0.7347817260851284,0.7820587481422369,0.7806018127364406,0.7514483556876256,0.6819509125763757,0.7287240155269135,1.0,0.7246683303568865,0.2918679112945636,1.0,0.29857767668062063,0.3724617656049312,0.8433468001438144,0.6718291498295862,1.0,0.0048619318362061875,0.09706366073410201,0.8521886687189975,0.43151173429922274,0.4788339203398399,0.7388329189223711,0.3660958993698758,0.7389950609310343,0.42416865658093716,0.7690585375190827,0.7247528331867831,0.7062521423473828,0.810821616801004,0.8715523916478651,0.25044473768644,0.9268359275633767,0.8951577719273955,0.9050075754313079,0.9083322309328031,0.9001687677264689,0.9090773840716889,0.7539833611507761,0.8296864460164349,0.934370121841829,0.9425287884654351,0.8661225563780823,0.784412814243621,0.8030461097990733,0.21944464735712604,0.5814115323395637,0.8488213848149222,0.5932298528209963,0.665428469496044,0.4723479242800638,0.0,0.8367152476915566,0.5197637940710246,0.8373405292314758,0.5064034633259078,0.18931455312356338,0.28664735580892053,0.42273358377739895,0.3732742164828771,0.45878981641138067,0.5540172383827886,0.3871861703956795,0.37715113836401276,0.8221460554326329,0.45067949169295063,0.4770127517209806,0.8548139208783296,0.462091144888048,0.7972474971469605,0.8348049476154688
116,0.60488673452053,0.47337510592409293,0.7607850205059935,0.764904374340486,0.5300670828332337,0.7277615555367817,0.8369877297743341,0.47872021732969827,0.49108874948209874,0.4321398295788458,0.5858214323641349,0.5357277417858493,0.6146906970777657,0.6452059931214631,0.2968547830632952,0.8415128630424709,0.5476795269821201,0.802096179090727,0.4773149121698472,0.8066547435542746,0.6721570682442982,0.09247924462477995,0.33822169372736294,0.5371340992408216,0.5207940263101001,0.36983034211872484,0.47612498012432575,0.7381078743626477,0.72345995711781,0.8117258422399452,0.3275517725199825,0.5240080665234679,0.766863070803196,0.20622973302448705,0.9068130310172368,0.49142970679298537,0.4556465249091939,0.25477689806829984,0.5759394894491465,0.3835662309288517,0.3780830683501048,0.24921686553898245,0.5466661303337351,0.48487901922943627,0.7854318563976425,0.5411256076677515,0.7928123828140085,0.46840243408303484,0.5543528401979146,0.5430968226625148,0.7766542231425425,0.3142491814789463,0.6638622713671972,0.49629337102255894,0.19678496713016982,0.4328441172633334,0.15235548777934238,0.16023868054616708,0.4160056973908868,0.1198706797418202,0.4265163619808177,0.3076973324728675,0.20952801725149137,0.329140531192257,0.2451773409991363,0.3199276514644232,0.36885715683793246,0.9599175845093952,0.5380322446665855,0.7419703713780279,0.5230040737163729,0.43293600640603985,0.5542242123265914,0.06481509160886692,0.30639412126213206,0.6733655155184751,0.24326766440349776,0.21089463027282015,0.5327368435247222,0.34378858468063916,0.6738339721874075,0.529801446111377,0.5948429579486141,0.28561471782539166,0.518512368203014,0.5574095706432848,0.4324822840313432,0.5440288535339848,0.8370298287928614,0.647402293387036,0.8468130632140389,0.4070675445181145,0.009852412138015475,0.7662443884146163,0.42584210276540063,0.8614664175682469,0.49828022263824445,0.7014846319589907,0.4479614032833817,0.6599271058095727,0.8824697954585302,0.4613015600916269,0.6747470754631809,0.0,0.15548990871583587,0.16043608905149112,0.6557072266444782,0.238616678538131,0.13550727478961838,0.7524250853877522,0.328883287024636,0.6281793382981221,0.7244468111876919,0.42629554795867547,0.5314823030018625,0.6472279736860552,0.5238702527384284,0.37284359630329406,0.7665387907015604,0.3150698109287658,0.228182810549713,0.16216346343095264,0.7087442368840656,0.46299623498744263,0.37120206506230435,0.40173738830981925,0.7702208887546159,0.3491252731493122,0.5721036370334797,0.44865425233865086,0.3300512588708582,0.8286196180862071,0.6434052130049479,0.44566215002639387,0.2915555054866973,0.7894416604595264,0.43605883271468887,0.6197629907602275,0.4652695415417903,0.65337669567753,0.47810428001058924,0.9381811920980366,0.7954213311464081,0.5669029812179917,0.40551401238239254,0.7089565107860174,0.49321944712808596,0.6833372338557165,0.5693751871766968,0.5409820564627533,0.6105688265979129,0.6920167478561987,0.6372320899320073,0.6407486802858277,0.7036019723703004,0.6192651074180968,0.615747902962542,0.2279321025350967,0.45883306386591494,0.7936409616311519,0.6550369296470674,0.4723879011637633,0.6987105574925911,0.5521572975659442,0.6882344283158588,0.4044271858399904,0.8815151744571849,0.5957226660355722,0.676729738770399,0.6624770828995284,0.5201151082213,0.5376202175319004,0.636254320275902,0.7267547020707144,0.5270777926677931,0.427838987854454,0.5644482249692951,0.5697305019576958,0.5333316298310123,0.5590845460402688,0.5585411827133209,0.835956909474486,0.8123671449222875,0.7983678911703822,0.34992494713301137,0.5596707761470723,0.549634738247024,0.2487060583467795,0.5554765922688726,0.5393986438075496,0.6813451506842227,0.3154319171227543,0.5314868855851067,0.10291625828743071,0.43833529504163926,0.5232200404810925,0.6963588349246043,0.29584746532974776,0.6579837978813731,0.39419879125195384,0.608875455600876,0.33241027380360766,0.6086250127790408,0.43798807840294773,0.3972822480178283,0.11505583395703306,0.28000870120248994,0.11150578909887807,0.8626278085314043,0.513862644053545,0.7434800453566486,0.5374970081029173,0.8131870916911134,0.7767857884876347,0.5181003353499662,0.45695652234309003,0.693837755402429,0.16244462083330413,0.47878756030302916,0.7451294614853191,0.47164739077532886,0.34059160310391334,0.4240318925318108,0.5178213742356278,0.6867335818262584,0.5210063627944768,0.6288974467828176,0.5266195497552068,0.7941806295021949,0.5047668115133583,0.2305075088790203,0.35859493318883595,0.4629302302673726,0.3932186903657408,0.5233490856586452,0.8689935960352505,0.466087088499228,0.22582689558466795,0.6979388277954376,0.4595129010857302,0.8040521985964776,0.5333049453829825,0.8141146070936441,0.5014735466953458,0.39065835751919264,0.47555208868040066,0.306429258471111,0.4939028487380664,0.04938439071164631,0.5081389090224336,0.1890501251052975,0.16894974974219293,0.474980002803144,0.6933880383399562,0.33419846755948185,0.27084753078965546,0.16293274654914008,0.737382554471501,0.2613938718981901,0.7059638827035243,0.45536797733591183,0.5810541859892039,0.564149548358127,0.08841752798653535,0.5533699987107443,0.7437852120070079,0.303431986831242,0.053018980570319604,0.38834639056587894,0.16716306578295068,0.7064088709269257,0.5373958895092007,0.529331625267309,0.42724153094434264,0.21042797219785472,0.551363905157097,0.6175155502977335,0.4035735694276662,0.7013914700304118,0.31711024669818566,0.6554193987540892,0.26042013321156743,0.4475971525591944,0.411372096446848,0.7101345981465836,0.3465337244773669,0.5878320574510537,0.5065591907715832,0.7547685562739902,0.3624878598202464,0.6242403446834871,0.665283957652795,0.841533955509005,0.34129026618783337,0.3123392999614365,0.8049925388844369,0.756824702685732,0.3122183193326768,0.7136792704931112,0.6096645488251798,0.6231886372440533,0.46226567730049156,0.7739012221900519,0.39747147173261527,0.3346872213538343,0.31820662817327994,0.20164636891529095,0.19939341398250227,0.3464950908512961,0.7995405077682451,0.49375582194167633,0.5242318863104545,0.4583183618742002,0.15558447200548411,0.5509766917128435,0.49539538102768077,0.4833658190944879,0.19373409743095416,0.5047995287511012,0.6606570269603568,0.5035073770434255,0.46006086519697287,0.46101850570273933,0.46849499703197656,0.402297799336814,0.8126837538518621,0.36074280463551744,0.32646093259243597,0.5112963355097065,0.3769365201782748,0.7135819467658225,0.8045506041212385,0.6292719999497122,0.7573668223275856,0.5434293270864176,0.1716706103043568,0.5511916019725381,0.17690518635218364,0.5861673809510257,0.5526670924987725,0.12634308197887134,0.5243596349666948,0.08331561512619497,0.23385686000430636,0.834603276112118,0.45420475712459746,0.25618728651983447,0.15999342067717298,0.17132366512582486,0.19359294480322103,0.23693890313659705,0.05702889576634406,0.07156600699944746,0.3075084846176585,0.3105431332305502,0.33603658595227337,0.4469676594022327,0.3984700076756563,0.4315542728307963,0.4157636798619252,0.10013733742818516,0.4625104958895637,0.19592590493401926,0.46867600088812167,0.22457634518152159,0.42141339984227555,0.5495264993747572,0.4613530956768882,0.5314261053437987,0.33289693846160545,0.15573379715831664,0.15772700495266873,0.4648509657976706,0.4640253722079087,0.46730549998619386,0.7434102568884533,0.6785872914551673,0.37643902946849456,0.8088601584414876,0.7702572007846249,0.7758635541349738,0.8785859616331724,0.24236574492355586,0.2522229539954386,0.23639005968192087,0.005254954252436785,0.0015260589242848516,0.408763377458261,0.444163631022741,0.5785881472002635,0.3976609202626231,0.4208242287333293,0.23356994841612355,0.6318834150111419,0.7694682667130348,0.5602998991169714,0.7276807454150676,0.5446453375223641,0.1460663238287794,0.14174183058257606,0.13170344691046376,0.3278819431058213,0.2991299300793713,0.2616519566041009,0.24074406488408628,0.28988384180100424,0.23191407796816546,0.20251683873091586,0.4909257545301739,0.29461808162148095,0.36735725755180465,0.14917403257891318,0.1465570036549352,0.5345163880588414,0.49204568353827993,0.44348264345125465,0.31234414389001947,0.30193395961431124,0.05356578446199873,0.8095975323145083,0.25770831271065797,0.16893951199030313,0.4628682381909675,0.24837305556342443,0.15623421794970968,0.1605454770209919,0.32149789182524746,0.2700516636729344,0.48548938489526633,0.13770914710603285,0.11055100605659829,0.2289037233241394,0.153626737383152,0.12163255343068999,0.4005777111466589,0.022808711632343322,0.24971197456629604,0.24587708126537527,0.48090911035099815,0.31160534360607706,0.1409886138320035,0.21352567438904133,0.28405657430676534,0.8686915177139508,0.5885787817789969,0.5800853460051879,0.818449271562469,0.3157614777530991,0.5325987585812726,0.3123119622862238,0.19417291563201863,0.3203026907097731,0.39800725439816,0.26619853065473886,0.44749764962214444,0.6326780416516545,0.8154080182488723,0.3685600999542434,0.5797492060993912,0.0622701729757629,0.3298484097011045,0.7418199978853764,0.3938269718311431,0.7622207704089606,0.8047844250693789,0.6177050632933397,0.550198702414034,0.5682827358090444,0.5509539910754622,0.30222683416612883,0.4756449767026004,0.8166066299929607,0.33113535738336974,0.5095367415442748,0.30746239453476104,0.399467506376266,0.3796788746423541,0.3806485698843866,0.38587621411921724,0.55701748061926,0.6338971942317184,0.13600179995409165,0.38412186260640957,0.8030106383772972,0.3407365124947385,0.7204609291273536,0.7339009055832678,0.5363055147801942,0.4885458741838325,0.5000233295676326,0.4744630795973138,0.6362851623472123,0.6443877358105852,0.7326873340451753,0.5634071026451223,0.7674798038167027,0.2489561551802155,0.60436943983074,0.4386891707507148,0.6439054868771037,0.8852654797208567,0.6540289406042153,0.6935483684796404,0.4187735404672915,0.2863682777170516,0.832388528150367,0.7359570759531222,0.7845043705997181,0.609989306705504,0.4746285517178472,0.6002151425270341,0.6361983678094469,0.64133764513446,0.606164341791364,0.5745186524412413,0.6646988669698178,0.6115257062522206,0.36841183166672387,0.4141952352830846,0.6914740066725158,0.6965315728928659,0.6978765872881849,0.7150683702232014,0.5709939465042849,0.7745759566088632,0.7962521179661908,0.5857820800839828,0.5857838399804088,0.4537114077247007,0.7695383058410233,0.8193009205998896,0.6772030097431224,0.7118233689076313,0.8378152874120813,0.7770348080918338,0.7427339716259166,0.6721374026449385,0.38415123335032586,0.832363165439207,0.6263849948158065,0.8169608035377024,0.8657200616576712,0.22934705381560985,0.8061251216879153,0.8713080294517785,0.1187856965354938,0.46060055508683,0.6817288929749405,0.9574729648003759,0.17064358064514007,0.8017644107482549,0.8352595607739338,0.8229091002470668,0.843378396415289,0.6481822533336614,0.7718220386947464,0.8061206917513941
117,0.5652068183401129,0.5009938189970504,0.725063757922075,0.6893240286121256,0.6883060052856708,0.8609419246954212,0.8922808116013128,0.49312306103330866,0.5411361711718803,0.25328634558505,0.7076050977673956,0.5554777366263633,0.6542693446196293,0.7213964650568535,0.11056791466458442,0.8006220459330059,0.41793083812796733,0.7949632679242455,0.44481450158129904,0.5539390225624597,0.6289833522882254,0.4088015994326343,0.2896971992621386,0.5630465876944312,0.5652012831287684,0.45223017146697436,0.4905750311810432,0.8654852168207394,0.8607383451668966,0.8740106954770699,0.13782185735367702,0.4795042591676721,0.8262072909780499,0.11610766584028105,0.5979917061038783,0.4707376610166882,0.4515763998142099,0.27651576440159675,0.6692150013681707,0.37708170493702864,0.4770459828739654,0.30213031005418584,0.4417259655588635,0.3876904713454807,0.7711661169548074,0.6283573943016869,0.9216882277140253,0.3370435235663937,0.5947635276342516,0.5177062797005525,0.9183523303405071,0.34165670457815145,0.763277967378453,0.48553654611697633,0.33146719248132994,0.3579116012327196,0.48496007374592426,0.43612385568459966,0.2370950897481167,0.4638110034719726,0.4351212789546181,0.10708866403823628,0.2111500205569599,0.2918431472041894,0.22444340747286146,0.21004838735264497,0.3451230762854345,0.24525759849754475,0.7600488109496571,0.5693478642825874,0.3676543048797763,0.6604776679602676,0.2105239681688948,0.04667892022496084,0.6079741917527002,0.7835808507297698,0.23916374408395757,0.21032054097994235,0.6615393754750085,0.258551602130112,0.9872608213524657,0.2529220932662827,0.7663598745636485,0.3226872572219081,0.512840857276454,0.5114263678317267,0.4228241418007505,0.5586129332264391,0.8025298510822427,0.6407748283929687,0.8064377268986789,0.5363692532712581,0.33830479773586103,0.5127724522653556,0.5049928188468724,0.40915814330057,0.5286945524538962,0.506081729752272,0.19220134912111955,0.4063505959841946,0.548442625753743,0.459253300159882,0.1422281093440047,0.2660804153548216,0.5203545021028887,0.5467051667086944,0.851999282908829,0.38198667174623596,0.4720941213689481,0.47155182878939406,0.5729176928585695,0.5466781748754437,0.19610417096555938,0.3925796822476331,0.5625849457871841,0.6177820549083376,0.5766775215826278,0.5747989270316687,0.6319211456418381,0.46079842695045026,0.18562590732262216,0.1933963008430569,0.8486574955654679,0.5172129035626643,0.670502171526547,0.46223716551140415,0.75216405957073,0.24552056137696807,0.6783256930560891,0.6816050999702752,0.08463053625182705,0.8156651774137438,0.44503391469554815,0.4160466288032619,0.3880695670962962,0.8624643497062499,0.4398440783485896,0.5932098805926693,0.4881603912630183,0.5500702638724573,0.4605824537313025,0.918198244910134,0.8127581633912085,0.5978209006346548,0.4279402582613962,0.6583515646693634,0.8007066318143576,0.6581623871410865,0.4813724611450054,0.5318100937202813,0.4703131185607166,0.6309640078592927,0.615252254718419,0.6247934358875759,0.6715376989210033,0.596057262142097,0.5722244989415977,0.23639048188776163,0.36130394819469647,0.6380871302959753,0.5725059109111511,0.4638437217004726,0.5609802821893514,0.5773010806210319,0.40826697263349565,0.4692416351917074,0.8368463483428087,0.3956078872081222,0.649155236926451,0.78007588501174,0.19578581941251322,0.5306509401572796,0.7650324286178937,0.5900447257576669,0.7566930913880706,0.40974755832804327,0.48747203021352903,0.5835815366285454,0.5228892420603015,0.5561292286697921,0.6249382970525759,0.7878832612209226,0.7581247599406532,0.7195986986190216,0.5635105623817153,0.4843231977234312,0.673398929336339,0.3470936259920005,0.6609290990304236,0.26888854666659306,0.6447709025008429,0.10800775789423192,0.4219886873540272,0.17934780178919252,0.44701487789915545,0.3790486136281582,0.5653821585986605,0.09645696522401136,0.49601628685449894,0.20528094036714867,0.8379759183381101,0.5430497363301682,0.8368742103183489,0.34072169142751113,0.35900334294105335,0.5162482626496954,0.41718351908360773,0.4683558980551584,0.7606284613346016,0.6929350989957482,0.6866814546429713,0.7153910512146204,0.6363048358451281,0.7778263742193069,0.46400697608604746,0.3609621462922168,0.5262387602533349,0.365550944739932,0.46847846157716855,0.48342426570661484,0.5311765202408869,0.35829678882766103,0.6016098756448188,0.5266104106950197,0.5495212608762403,0.48238995679042085,0.6344573481389923,0.547231972893435,0.9034034065960443,0.22716878550244252,0.17000200749433245,0.4120910745588192,0.4038937228972598,0.40225914557763215,0.2844979599702993,0.8259053747708215,0.24108824741644733,0.8131438356107253,0.7681503364086907,0.0,0.7649046654343146,0.48306359002126814,0.8016469770126048,0.48428716047408443,0.445180293427199,0.3564485569569627,0.376010439952186,0.3059157650639212,0.33442427333339614,0.7850035323589034,0.372928314074272,0.16855869497601883,0.44031686100573725,0.6941465157567966,0.2794371204870803,0.29172570460668656,0.3405085000881721,0.7004154432631953,0.32113429810997446,0.6695356406412484,0.5544822727433208,0.89026994194251,0.8863658817741933,0.19189808901578295,0.8706442069519887,0.5688787987776709,0.5754276500985555,0.21354485598565304,0.24608064607802535,0.19923194251654233,0.4389232269563653,0.6563822330470966,0.6055498191858172,0.26202337635188033,0.24151427055257682,0.6247053909744015,0.6862085171912007,0.5173701620096924,0.6074519080946473,0.17558938282826841,0.6129446447897519,0.4563672871079405,0.44653827176785305,0.31327011632221635,0.6601330376973118,0.5608058195282292,0.3920882840614117,0.4017034456515453,0.7573992963109301,0.23044427772237056,0.5760285099690772,0.6394604156610249,0.8003572497118492,0.33479836449192296,0.3792052448791506,0.7596311530559358,0.7208532611286261,0.1754082098729272,0.6325927677603401,0.6000594838885203,0.5701487325907785,0.0,0.6850204022397111,0.4228623938756989,0.29462358860959886,0.1582499720712525,0.6417136052816776,0.22844357962748338,0.38693817640209266,0.35633175454739224,0.30657561559985136,0.7342663306611585,0.437234996756979,0.0524840156623392,0.5528039859419739,0.7387133691502747,0.7366680907586718,0.18032925677526088,0.47678218515977083,0.5181352941790366,0.4738490064080451,0.3040688791428135,0.4359702767450145,0.2880312887509319,0.43687819282882917,0.8080998393757332,0.7202738148340795,0.6830130581014221,0.7274751513407598,0.5830663547137477,0.7192931196378429,0.7642847703614146,0.5974566831478396,0.7246214263257176,0.500088194869376,0.2324551237357593,0.5080941731297368,0.2473821764276746,0.5433838493374883,0.5062434240165595,0.2131407735509372,0.5141463901767703,0.4353251764368421,0.3854241903406753,0.8018320370461047,0.4538742901375696,0.5168587618511474,0.4116121995496646,0.2560036843693378,0.30209962613225566,0.5927810867220368,0.19433708983848422,0.26195982454960376,0.20648574830137953,0.3530484435120257,0.3833920312617925,0.44936181791358276,0.37232284674920607,0.4297776927651759,0.40620446273228555,0.016137035864105333,0.7210480286672484,0.1996325714260805,0.7170437884330624,0.2323831319163071,0.6696787277690486,0.5901740846537796,0.477318270953535,0.5323864664787695,0.2833852743619557,0.20986823669297786,0.1667189533614036,0.41575236217798267,0.4844069466910218,0.7062385635954582,0.6029488527852915,0.4487821729884647,0.47657729109881447,0.7706651318831074,0.6492565477384584,0.7520618567305234,0.9263367283680894,0.6050669550527712,0.24453776493166599,0.19872049065808356,0.7342435066086626,0.7199846725203981,0.6147526572392724,0.6120662859608964,0.8346739789834156,0.6027222267775393,0.643242371577869,0.19748566046573401,0.6855047798285593,0.4626766418400887,0.14948468569448528,0.5735172724497265,0.17762682075526545,0.15947221389290953,0.688395395946848,0.7072886785840283,0.7315769774581675,0.7169494620891068,0.6559546577491694,0.6334633276599617,0.4837088427990781,0.23892030526975264,0.26591906766053724,0.5481418001270405,0.30480038135526,0.4084142303456997,0.8397428321796675,0.8218736761256199,0.7488455357312626,0.7272877045448015,0.7029804473721181,0.49739522432750327,0.7613779059057599,0.8167163613984729,0.7756430054785428,0.7520675716281706,0.8395821919310332,0.7463794123299874,0.21034969813023732,0.1592708242053447,0.289071186583077,0.7732541994282778,0.7806634142674623,0.8334343160333474,0.14774430152283383,0.6352014747534555,0.07154537718884624,0.7511670872539031,0.7443596795110327,0.365559740188829,0.6841313604221091,0.272658413456404,0.21262242793261715,0.43485972573973003,0.5061688029106672,0.1593431450789665,0.212718415612258,0.1884626063408945,0.7866488588177001,0.3823273112872895,0.5471251452456802,0.7693567819025117,0.5434947010760873,0.9573568879606423,0.3159288698940514,0.24986034389140313,0.2985329762569298,0.6720142878498262,0.5843918345923151,0.317850898139429,0.0,0.7828262283498183,0.3334741772093716,0.5690246689770317,0.2435994522469364,0.6454722082746641,0.533191135922267,0.5545429459825385,0.7609439915148788,0.48664855921205363,0.3746869106613889,0.34124118774860757,0.35998482410035054,0.4008441438755025,0.13779649294254814,0.42606790756499063,0.7829623255366274,0.20048840727587525,0.5433462448154855,0.45480039711502335,0.34101467505138994,0.324186122850539,0.4781168704336762,0.4833998588642968,0.6103372816383069,0.6796574769672846,0.1440054993157877,0.4139307444677279,0.721695368727635,0.45228580317726985,0.5927377087247989,0.6314287078436965,0.5358480795280325,0.5151349455797608,0.48353436513035825,0.4594643962842878,0.5221467263686395,0.5160761269833816,0.6373176793749888,0.3137469074639121,0.7116796350420206,0.28520060516665097,0.3711268622509336,0.7356766797157573,0.7860152932334479,0.8781140262366309,0.7777274380548895,0.6978886780665188,0.5612366312287915,0.44148973377557477,0.8080176541799861,0.609624775362248,0.6420545440664485,0.5652790232501924,0.546076335170775,0.5532390821868426,0.5519277742789488,0.591861339799772,0.5611041853765398,0.5808096318211463,0.6130246094252847,0.6476056212920657,0.24922607565425683,0.5648927012334602,0.667693254233071,0.6825280596141965,0.6873160522832379,0.7183686536373547,0.6381536354319991,0.713409890155801,0.7533841976765302,0.575206486288647,0.5143936164645743,0.5572753758322326,0.7309862522032314,0.766839635736413,0.46664818792912816,0.2869222873548081,0.7801475527644017,0.6213800927651874,0.8428332707520798,0.48213480515839385,0.4621388223958512,0.7890394210510194,0.4242708265309361,0.7905267211698218,0.6459747202960532,0.652556481941812,0.36959261376147723,0.474158789564694,0.6889631901766008,0.7410506434816316,0.5468782479699293,0.5821865819472779,0.670071749712604,0.761048142413571,0.3895336864633653,0.2750772070875294,0.7871526084529125,0.5118085057941808,0.7517232045975477,0.7809211057467408
118,0.5646882762629523,0.23303647172263572,0.7469193625864653,0.7323146315300821,0.6147818140175213,0.6447457249222858,0.7878954353730845,0.4179962279986152,0.2624181873345636,0.35621197649957387,0.5053974473871473,0.30694659436311106,0.6605194270838438,0.5843945023710986,0.19324297192857573,0.8219531534595019,0.6321331469512373,0.7878526929140433,0.32918694510749974,0.41965702516581904,0.6681039854916008,0.24020260288019651,0.3600985464644928,0.508916746023816,0.6793234892990114,0.47823222606500637,0.44517504200140173,0.6360377843630953,0.6294079795711911,0.7527015483389786,0.15739080357288668,0.6173825035798413,0.6812845299372143,0.1494437118520008,0.6130041115750723,0.527563786836109,0.3469235241725151,0.195317868720952,0.27679752326895674,0.4690659320726273,0.4237864366006945,0.39020553737238983,0.5687878123031322,0.46928347164297896,0.7865269851841233,0.6958903619847422,0.7063947268600892,0.44192306980221835,0.6916684767588854,0.6660616834938032,0.6670682043511095,0.40189949918552226,0.3087761275396196,0.6013065705748974,0.3640627421610547,0.6113553333296462,0.37607769902027577,0.43006872125378354,0.1740674377935152,0.3226402756903036,0.28231318738790984,0.156211950969109,0.4722017915066678,0.36494134350337093,0.22817741387932447,0.4436342213953852,0.3408479542879119,0.20062817560221535,0.7851052605525037,0.3702404007173915,0.20623376913023297,0.6838891740316916,0.31072930334758636,0.14393165542352604,0.6271418042321963,0.6934309113791205,0.42167822600232957,0.2608847123486664,0.5645243136280333,0.34908307218755263,0.770079604857327,0.314206303821806,0.5867014989744991,0.4527632064125761,0.44472053387896415,0.7507236426238573,0.6532586568655276,0.8212824679990806,0.823809789986477,0.4372468788031542,0.84549341251466,0.3651106766953073,0.3666328852025511,0.5131336372181209,0.44419699260086515,0.4584865915643228,0.3472653010221017,0.4624333436104353,0.33270078012267135,0.38698299376664713,0.5732242599093917,0.45739539274491187,0.2558998982240944,0.39933770591497053,0.4328399717048848,0.4419716036398749,0.6745000855538678,0.3045511285698111,0.37604420629574586,0.5039690539218258,0.5672228857382545,0.6817117427146727,0.4294519138090027,0.08373074161135388,0.5592230002083257,0.43418703829684624,0.5739793975677816,0.6109195485177835,0.6109865807352552,0.6640206777668457,0.21389692467889537,0.2962363039946834,0.9095124726047228,0.5702266118551415,0.7741421326203989,0.500458713288856,0.7018320447807748,0.3412927001639083,0.6888866533475508,0.7099742830612504,0.4478515002974014,0.6797877726497067,0.39183548469858465,0.46111589602370173,0.2728082976762648,0.6862980917251661,0.21295989658008396,0.41001013945217823,0.6240435074597406,0.7664138180556587,0.23556044507935048,0.9563766558083729,0.8893881355072657,0.5988165547016154,0.4192690653363018,0.6770580017194968,0.26491052786004243,0.6392376553569107,0.5444002724968022,0.5180621577316692,0.6343962691831869,0.6181171908305353,0.4191033342879117,0.42679960223022373,0.5880163444140686,0.38666213712908964,0.4612927580879484,0.28652490591913676,0.5321127554966292,0.6098741833382757,0.6080470872922127,0.2206573376511664,0.5181490788402393,0.733834882741629,0.45663871544109813,0.6623758974242195,0.8859278302225505,0.38396481917167125,0.7447398832820863,0.4486781658529707,0.19169681995916898,0.5769575067811915,0.4384003716126396,0.721265775609804,0.16804707678555397,0.3224018204872435,0.6514079897462973,0.6599305473980552,0.6192653421076307,0.5606600217279373,0.25285828326441273,0.8168162030243488,0.8074789037248401,0.8005750509643729,0.4209138038403291,0.3252408026887471,0.9116797454175831,0.39001008172986823,0.912366705948778,0.5743964342821357,0.8344378851509084,0.041741127622149356,0.39430649480487845,0.14570304063689885,0.38492399078148937,0.6716055551771702,0.6322347236384389,0.5642956266889886,0.7658258938124342,0.13014786111749993,0.46400842069908593,0.17320452532930333,0.46359040948544467,0.3928971278997421,0.14042418796174783,0.3965968268755044,0.3464955533319414,0.28441702666060614,0.9123782878878435,0.6270153619447081,0.7105139687243118,0.6697720771472764,0.6719424170048137,0.6981970876932273,0.8712802869649092,0.8349171683040864,0.039203402375931194,0.35347005189836384,0.16090262631536983,0.5222443908056036,0.38527630558817,0.351904582387225,0.7476033011005351,0.4934757864436042,1.0,0.6223985320539174,0.37301493852183554,0.6137023070191204,0.7271961067722614,0.35405823474996095,0.3048979723909735,0.29538893915752434,0.8064310298544993,0.5569194738434188,0.24011717837435184,0.7867130256998645,0.20980622303433172,0.11423974557535338,0.7438874933546789,0.3966930408453871,0.7906180698785212,0.6236569618308557,0.7283786451177883,0.6182309368003391,0.18104433161661942,0.23062525256077676,0.42403576234584445,0.17490025362076367,0.2916135923682324,0.6927402064884154,0.3657995166272342,0.2335047413913943,0.8417707399108528,0.7173198953119799,0.48846764870177706,0.0329749921066328,0.32623045009528584,0.6584147065122383,0.28511872182834136,0.6158063251788573,0.6146101360701645,0.9272483258523114,0.928450827272186,0.10966535321775238,0.9249215621588148,0.7181454877956338,0.6151858296646691,0.0,0.49082749322647085,0.2884192799823303,0.7127747891557529,0.3185757032996434,0.21523555683029946,0.33921469490411427,0.1947545714760087,0.582830332743397,0.5808532505552884,0.7601715567239828,0.7662464264820726,0.34882678364758263,0.6682314667711352,0.6073656575376344,0.397320355104013,0.5149805116607588,0.8633336109251908,0.4370350900100294,0.2812171551163392,0.48364211713148786,0.7355446014249823,0.38202903835863655,0.612931527540117,0.6786809213757398,0.8770600263453713,0.3382169273221045,0.4627174221620321,0.7895690439119721,0.7965169041614022,0.3430068336240224,0.7628918800901868,0.5922037569456507,0.5531805864733411,0.5364243367375935,0.7018670689611974,0.35319021627222763,0.604338940090315,0.30826918201752945,0.34981558980349214,0.4127883190620125,0.36324708034643965,0.6661247367997006,1.0,0.5479258805732239,0.6022334129036742,0.0593677950442401,0.7004969802562668,0.5372341517930677,0.5726899749669021,0.3822975381803377,0.6362127581432377,0.4166158216135035,0.6353894123453517,0.6195981877533749,0.636265632003856,0.6922825459849506,0.14489154226655596,0.8033361256082411,0.4167632541998615,0.3796267996575036,0.537251095387455,0.3730963746773641,0.7030062803902377,0.786122280823055,0.7269829427989327,0.7750280451230865,0.6565601871983456,0.3899266271434049,0.667912863512912,0.35646756644722,0.6719532912271098,0.7702675839643184,0.26314752756384385,0.16621406473736947,0.1548484731663814,0.4056846440463973,0.6109707097638888,0.38895655496416953,0.33829654365469464,0.20334177115920504,0.32537186319533595,0.33929118046226525,0.21272621829352506,0.23374908409644918,0.2861490105052986,0.45974539072090176,0.6583615066857051,0.6504093051549916,0.536796746591722,0.6561084962198813,0.48044933485993546,0.6939763694999487,0.2342418365991157,0.5054398757962004,0.21116233899130674,0.49494129142331006,0.18595247602253007,0.45634626401587075,0.6417474944598449,0.6489611360750276,0.5312943927136542,0.6530274603503754,0.33052385319294025,0.29208231529344925,0.499883148274332,0.5808664871437643,0.501842539963874,0.7161295185233966,0.42934943135417347,0.2912062356926298,0.7921661125177404,0.7151138646660417,0.5802999990797301,0.36798424400177526,0.3780855131000516,0.271764537829945,0.2903128372085836,0.5805706836834883,0.5694429693826172,0.7342745527124572,0.7371511566817747,0.34835913043385913,0.7204711012425381,0.7291460276247653,0.31516238779017763,0.890983425646038,0.4445328860903805,0.39427010753456787,0.79875122528208,0.7227719330997394,0.16936031021398218,0.7349873930944089,0.7616350370267392,0.7807440999158615,0.7830023529623956,0.6457108627776325,0.6081980991867239,0.37597699409967367,0.3191987910820634,0.24327850124630704,0.40618877733127096,0.30060680587394567,0.34773920056890467,0.7114715981323381,0.7079625180229615,0.8307844977523401,0.8105797494690944,0.7778332304549375,0.6218269467938721,0.81792218934906,0.6846428967644229,0.7885823878754745,0.8138956262718235,0.7315023491089078,0.8235094671192104,0.3216944332208213,0.3036617436018237,0.2062192334310598,0.830822294999284,0.8304721586269759,0.87716402448069,0.16430717217834123,0.7896308494609647,0.5428478591926965,0.800450318332241,0.800975770279921,0.4288212406984555,0.5640632135021477,0.3429799244775437,0.2828072220429994,0.3896044117918627,0.5526542816489144,0.2976961556968996,0.10486507099314384,0.35173658978633415,0.6329548372191208,0.430831610058611,0.7957159635581639,0.789645847184151,0.44186970325921654,0.5313193142141284,0.450772177697639,0.1651821719099083,0.3942141987527586,0.5951322789333946,0.5948309643335512,0.34718121622657766,0.5757834161933957,0.8040413448121574,0.09893736456296175,0.7939817545606395,0.12971468973854636,0.5995137112448821,0.6162933096572242,0.3742727301205146,0.7449069182936662,0.6041391263818261,0.43428658625674316,0.37998487009178444,0.38535946729467,0.5472737157007234,0.3540286133738161,0.7757746920709726,0.8031483614888781,0.38426914641400844,0.2859261862483889,0.24909506533150247,0.3539373278283034,0.3321336604148934,0.6685460438490308,0.6666332766232612,0.7877433088111161,0.7956837961868423,0.0061472315957949416,0.3004774339435563,0.8119725367494791,0.32893606443412243,0.355154907799945,0.4080061428615024,0.6726075806123976,0.7016980248525522,0.7893720308408794,0.7911018487846185,0.9294861553411362,0.8843283626480006,0.8663363648235967,0.43477981292718143,0.6388337551805363,0.2319423500864343,0.36950503422228786,0.8158738592977816,0.9533031763768344,0.8044619295836758,0.7188423460628625,0.6751479920892894,0.7623229840513677,0.6281122694009142,0.8074321014266655,0.1604454651213496,0.10761369136290043,0.6240685631656614,0.8099852964732044,0.6194529707714252,0.7838455300131361,0.6560482221823323,0.6260247730350478,0.6000831015463466,0.6821256813749285,0.688182287790595,0.518199466548022,0.6520123332353747,0.7553686027142096,0.7597772125823405,0.7590953883526039,0.7931322303354655,0.7955741977290793,0.7181176231526699,0.830474359045856,0.7845110383437557,0.7296971821240279,0.7530854844215835,0.7602972177288005,0.7812078074666781,0.46093642043787036,0.5556968610315188,0.8258598830174393,0.6369272274245937,0.47052662877148477,0.0,0.09376204329220467,0.8514296362363911,0.5189145849030232,0.8088430545372656,0.6091645556292173,0.4293340886124748,0.6316151975334897,0.6010466427503146,0.6738401247164051,0.7961526237364145,0.7456653328188467,0.5834080953442127,0.67920524346191,0.7961605097359219,0.2178426416568254,0.22484524616904553,0.8433012924565353,0.47210823613806563,0.8018746664151075,0.775756760248697
119,0.5641694148350883,0.3085973055347804,0.2548510676737004,0.2671281881317197,0.6165594261103556,0.6006700348596177,0.25158082024232614,0.37351053123591543,0.32673794871774403,0.2802471161440712,0.10890203389094948,0.18313105349705297,0.7176154369799758,0.0,0.24364524525924508,0.34558048233148325,0.7392885623206074,0.3025705786837202,0.4570893838324143,0.4243844748616103,0.20751452783167562,0.4056959801925901,0.372212288444999,0.5775608026902183,0.542457391360401,0.2965622784888884,0.43877618599944607,0.5733280802834816,0.5705427899448176,0.3629014397003913,0.1899885057133037,0.6548322477834253,0.3354431530743961,0.19635529062679455,0.5813860360016498,0.6003482477915235,0.5086925576588507,0.3027974009531928,0.48201999162733467,0.3604060303825841,0.42225958914570866,0.3281620405646211,0.39562821233080836,0.3858830927850551,0.30936048797110055,0.5446363713403964,0.3052894441188465,0.5286184025130016,0.5251723664792811,0.8744811163484789,0.24851531484325423,0.46824574421608284,0.6918173185497786,0.6065607038673357,0.4353578024259895,0.686114105883028,0.4386637593219492,0.23203767517834986,0.39946007388659394,0.4030389189910715,0.5461486462634741,0.2952541401257537,0.4234936686118829,0.3967837111253385,0.7042595503272198,0.07112013003624441,0.3469007149797247,0.6015650120322216,0.4428102492657851,0.6666214715101435,0.47238793499963017,0.336141956992092,0.4121206501395795,0.16026023876787426,0.2459388783503705,0.5978784335215033,0.36145238832848275,0.13623897236271482,0.4002773233988532,0.3465308351662241,0.7068954710681,0.3436055690963367,0.45537014696747413,0.472984659850975,0.4212107760186184,0.6122352140079975,0.4929633458103065,0.5299128116772733,0.34165315894549236,0.2982408067610308,0.26356663726771845,0.4764608052332738,0.2754163619694757,0.6977647545614597,0.16556502107768908,0.5974988006601044,0.3599974160828961,0.3760655055078653,0.2582069654383067,0.2523422000924078,0.5248134359240363,0.4697739904624129,0.4295608225994653,0.13001975163727192,0.49465882449835596,0.45967849833041563,0.18107437925088532,0.2955322415290907,0.4477988554228411,0.6812871088358355,0.24502462316553203,0.7814925679907064,0.3867201787194531,0.3121756325343998,0.6264089910380226,0.8065514591170823,0.6320746955586625,0.26008218680089834,0.033625177541116984,0.274902645806145,0.15715884098779118,0.2962614471460638,0.6977479580921206,0.5934816921665794,0.3606059005926423,0.5259683828063084,0.3346289566850985,0.34728062699627305,0.6648537162992031,0.338689903319583,0.2504681566395863,0.5481593712266561,0.23262831264863143,0.19526336860201435,0.3685944207131535,0.2542014400560809,0.2436666089335017,0.6936077820230748,0.1526127349872917,0.8706270122598612,0.5911060193164841,0.9255038863183017,0.9574450808512,0.6604790975498517,0.5077408292591155,0.6930976548508153,0.3167371719046105,0.6763497878292875,0.5043282551260271,0.6264509699250508,0.42587259949376616,0.6676970475472086,0.3995114754178542,0.40806530831931165,0.1116115174688109,0.3820996218317221,0.39741358110938046,0.293842729376275,0.7768996843750504,0.23212678764290845,0.5999004251368398,0.23802431008506947,0.6068856894998553,0.8392693484553008,0.3689427542399585,0.8140760877567274,0.6522322171965598,0.18907307101448628,0.744258998911519,0.5578722436183787,0.4160771182234036,0.6256640016223447,0.5338183081380515,0.6624004310097759,0.3705550013432737,0.4115116387929949,0.6289779013161891,0.7101723418178395,0.6719292216347938,0.527021072191014,0.2951226113766344,0.3434413116625968,0.3432554101433225,0.2573596740539366,0.1689228551967766,0.3461518718264713,0.6495714145976541,0.2971310779404932,0.6409802606246102,0.8260138311177171,0.8335483200435462,0.3637062195299782,0.4845954892902986,0.28335192316244817,0.4615337867043933,0.6275794727047552,0.6469891223540796,0.44066241844722404,0.6698507864888369,0.19845119877535478,0.49551889208461175,0.3174517675759735,0.48964735978136675,0.4208784982219614,0.14943128870131003,0.4623062222784037,0.43133085563331514,0.34970077205038513,0.8340706334422897,0.5375747189483274,0.3330857194879132,0.5834263687451018,0.8129240423825113,0.28876812396127666,0.0,0.2652236786059467,0.31456011044978105,0.2882835617236885,0.22912099614184883,0.5616800214068028,0.4568289689865929,0.29247114693567117,0.5255872665182508,0.4488401479313874,0.10308394289501197,0.6407384390592963,0.449016513197637,0.6622018106311286,0.276574726348764,0.44189994171136326,0.34803127806988143,0.05818043673823727,0.3269981275240629,0.48716649933010076,0.28619024297882745,0.6497923708000822,0.30863186078290616,0.1287698163175772,0.7449287280730308,0.1700733575823556,0.3190993534118153,0.6394066357637913,0.2985699363704239,0.6365536135392446,0.31301038262880776,0.2683092912973379,0.306558371606204,0.1891908008322389,0.033151998698967136,0.295658455889262,0.13915353551667003,0.09655300170214694,0.48210531971819737,0.6945438658753281,0.21705889864166544,0.17811531040815826,0.11018396214069351,0.49689215327033337,0.4002241555206971,0.4760527942298345,0.42330437180985725,0.6303810973628727,0.6069110458125783,0.12088034237302774,0.616027881645884,0.6206337154792477,0.34422633795558005,0.8496066208259213,0.3626325245884122,0.3209967756184409,0.5053113125472588,0.26641318337459097,0.16505080480016165,0.29269392255638643,0.2003103453589251,0.6047179329377069,0.5964799483033257,0.26746588235938695,0.6580748903860449,0.1888438506095341,0.25887407315437483,0.38882779464618455,0.260806977939981,0.47792044501549225,0.7380489659191379,0.5400141911757403,0.37630728845787803,0.40689007677239025,0.44983928095572095,0.2843176634700598,0.6583637793326742,0.23029418629676135,0.8384552612473486,0.3551185074897906,0.5677798646869141,0.347639450888883,0.3132701860459989,0.2770585003284547,0.8429819892565318,0.5577252916904297,0.5217380575548614,0.2528439375841537,0.7246501465503496,0.5201950861882204,0.6272403079581609,0.16308956640702033,0.3746668302255707,0.4642945029892808,0.3510030096091517,0.8925139783483652,0.2990441278050521,0.44636087479464975,0.675456502160349,0.23516867694422763,0.7079386510835434,0.5487182140227009,0.5689786117331185,0.5241331859065715,0.6588833348643193,0.19678056538468278,0.6587409444095672,0.8789123888022647,0.6287800980683719,0.6812042580483966,0.505803892479188,0.5623396981902351,0.4741364928100293,0.4432932658997259,0.4566561238344272,0.2576668095488595,0.281235785091389,0.3392248097026632,0.6478476816950087,0.3012566840788703,0.6757162537411708,0.5656745757888902,0.6845417933659675,0.5323247114688486,0.7021770319404985,0.698563801819526,0.4053613410339494,0.26890858908294146,0.47095781748766435,0.6209790245394983,0.5467200159630705,0.538735877436395,0.3611179135785208,0.20179581666024735,0.5394579430154872,0.5294772140874023,0.31361581028937546,0.5006303160481738,0.40445539657378293,0.2603955897540496,0.9007104726900568,0.8881204093001606,0.6845608867377868,0.8786727502636345,0.6718126527086338,0.62124048695176,0.2054326989592157,0.741280297480607,0.17619003636539196,0.7310558726729626,0.2239590485057302,0.6911307585877022,0.7579831650454865,0.8096938748116522,0.8181084463184244,0.4169845385295128,0.5168072922740791,0.45111810438748784,0.6099577776191,0.7765425469076295,0.7240724614949735,0.680214142228179,0.474232638864313,0.3288699955235894,0.31852049520418885,0.26480278337798224,0.6789373830468275,0.5546565098086529,0.6393154063642883,0.23844939850850866,0.23180539940504752,0.6823472987400412,0.6696053316539535,0.618301300442957,0.6202087148023865,0.3896331227519827,0.6000631258739004,0.6018421121381828,0.5476538506181597,0.4487510083374361,0.7079480064721805,0.4037073858142469,0.6385094936759725,0.3275218140065921,0.15133852032103698,0.7323989826230127,0.7524768419395101,0.7539346325591495,0.6784410127310994,0.5670754204960355,0.5637485095788024,0.5218713808460551,0.3177800863816699,0.22759420356880414,0.468976953723541,0.22517877526595176,0.07185396028894439,0.7961855285609916,0.8109738469567551,0.7257280726490245,0.7026094203484382,0.6845418500626309,0.6206228407593376,0.7961874458670852,0.7713673693830372,0.2935690245226111,0.7932813515671927,0.8182490670888276,0.737137533607868,0.560181451462262,0.5591841110020329,0.0,0.8123996709012359,0.8307770841416762,0.825812939687194,0.1631933605759997,0.7339014235875774,0.2751194098497752,0.7607335537984321,0.6346591236160195,0.2779798999567176,0.6281006941776894,0.3678867789988743,0.2002602188076444,0.27273280654575194,0.47845083444777703,0.5792241924098742,0.2187423543042646,0.2600494101634727,0.5574621331110993,0.6128141791604078,0.7248586005173124,0.2948819559903272,0.5614236911034373,0.4768065059816806,0.7457758118421685,0.21555628533604934,0.5365865923090601,0.5383740620174406,0.46901950215290755,0.6093168607847137,0.32346622958722165,0.267631609626401,0.1995565857492227,0.7188919692589327,0.5645268383992399,0.6085369934682011,0.8388534909324697,0.36286561785411753,0.2609323071238323,0.5784009846052675,0.5565551342032616,0.709866586561604,0.7189518863341087,0.5693430561565451,0.3479084020661531,0.8877047247045616,0.282743991740391,0.5685085702371528,0.43701198416053255,0.1892615293101464,0.23271165079402342,0.2178528762883519,0.7249109861357379,0.7276226617192312,0.7625018989738779,0.7888633487661932,0.1452541464256053,0.2953155355390677,0.23883880044152783,0.2954627626564594,0.4550605214378507,0.5015449832217757,0.5749468499314462,0.6046978726744253,0.6447645390336899,0.6552807468859437,0.7141716751248399,0.6701862136501148,0.6603707273314902,0.6099603753499375,0.6760420417265692,0.19844729223025642,0.42454899885645403,0.7319735878263178,0.8386617155411847,0.8309298015071164,0.7701377655244396,0.5856178569902413,0.6325728640612194,0.6641370429893413,0.2674918801194781,0.27374478156622456,0.2948234179187166,0.6563881755760195,0.5029458426684789,0.6534056665894415,0.47196252534172684,0.6870174004876461,0.6545771700371144,0.612626224344983,0.718569275740225,0.7712539620010375,0.15540271679807152,0.8408680816234078,0.8230159587620157,0.826517816397233,0.8182880325623466,0.8618537259235086,0.7685005158838789,0.6673188467628081,0.3101924028556896,0.8736472700551866,0.8788990451775615,0.7780404890200936,0.22082174488102332,0.2870411428781528,0.4004599168140797,0.40318968712123554,0.2954514522240806,0.6462475743851384,0.746433466184064,0.3154180168309145,0.2983315113744513,0.2951096766526052,0.5105457219282601,0.29239302745710827,0.52812820607725,0.5219006402539048,0.5912534004353244,0.870205847269724,0.6294468371669211,0.717772437399913,0.5436501202522109,0.5972494516417743,0.6511980008578228,0.29320148100781623,0.655403243189507,0.45283687295500014,0.2650109017480163,0.45421670843951856,0.22474513503368773,0.3370719405120072
120,0.4499950196581066,0.3236836907854066,0.7133292014654709,0.6890797783723501,0.5256349765523086,0.8982557948651677,0.983910933328054,0.4286662821362816,0.272584399136639,0.36964110895668906,0.7783269457324846,0.707076913507581,0.6987228393826722,0.6209874856986101,0.36205318475230197,0.807277051203925,0.6129326902255706,0.7495652320783245,0.2805394033447803,0.7558817063003307,0.6160960707309443,0.43229861682360454,0.3977580176344602,0.5049900642199769,0.5192367569816374,0.41544102452980836,0.4651643681888964,0.9102838248912988,0.902823119789669,0.9449309509847921,0.34715198678961495,0.5912364921178408,0.9125506256229187,0.3607286214687254,0.6674313313469733,0.5904407388816251,0.4069305789543216,0.20003925995365343,0.19359050599108657,0.30419935528506553,0.18312824974820865,0.21706309806121707,0.7742650360581318,0.7409940203003439,0.7548120131330649,0.603602779620421,0.8482006631558652,0.5575502068681835,0.6079684283276607,0.5796410865667291,0.8367155460507075,0.4705565675744097,0.648444038166919,0.5694906668766813,0.4253006634569385,0.5841517389377407,0.35669085416829166,0.44370320990580986,0.2327280436786375,0.3260647476683856,0.5416853947465995,0.11265751556482496,0.42941286456720007,0.10911229345167305,0.23589377796569977,0.20125017393721942,0.32709523436341353,0.7277199496189631,0.9478274802570821,0.4624513110490562,0.3764625620125268,0.8702330916864618,0.33403813622360856,0.17967047850866286,0.844526760593761,0.5527201291531886,0.354435365075476,0.26766005176488056,0.3134170919753286,0.3261188990193313,0.6205705629251017,0.43658061783829094,0.6742157137645487,0.10289673327201522,0.4693291348812905,0.7215256702340409,0.6464643648404993,0.6909690671343629,0.8065180531348094,0.8460441083588041,0.7927257648145588,0.3032677407832206,0.25736301953901464,0.32667419443140866,0.6205643233514095,0.7219246540304443,0.7200169393537825,0.7627777740379881,0.36960675158003625,0.7126243084710191,0.6319038672439758,0.770639407136585,0.32441233773743783,0.22550479265131704,0.4042610206847074,0.41188317218442705,0.9233683163388284,0.3769057079174483,0.34713815507032275,0.2697760488557474,0.6485215245370204,0.6645933591131779,0.37013887875493495,0.4254308279331419,0.5212854963992961,0.7340348074164221,0.5347104578403127,0.8232320485655582,0.6892815504234064,0.18839892290034932,0.15008538120114587,0.45279179118753704,0.651663654934641,0.5155998890774439,0.2703414802437248,0.44706009533540725,0.9294702679530289,0.34242928040783444,0.6737611884660644,0.9037981785918431,0.4305678395790473,0.5791327959007896,0.8408635789781398,0.8298310727441213,0.21431086203252858,0.8733240797338935,0.21134745840049476,0.7877160788055616,0.4556404980036629,0.7206409948797208,0.711882703660813,0.9416699472071427,0.5594250641057308,0.5644128858700408,0.38518200703135785,0.5668707956340595,0.8963492595390575,0.5079170606651537,0.9016346743981097,0.5422490730979597,0.32163035522213385,0.5482739378925536,0.3717898021848382,0.3738076301571501,0.912668543828719,0.36464966913207725,0.3675915626936446,0.18144577090916253,0.24550587189421327,0.7080591797463008,0.4996824563890995,0.1702194060780965,0.5126884453624455,0.6681602028452446,0.3718366954451605,0.5961361187766104,0.7999777027883899,0.41881268794323423,0.7188081436845728,0.7650757150312746,0.2117988485445766,0.5349741662523276,0.7608097849358245,0.6937284375293779,0.6917030315118367,0.3300742250188259,0.33398708732331756,0.5982125634615749,0.5585686967023772,0.4253068836907939,0.31361484538716083,0.7955399393423583,0.7767119676042891,0.7510970944581259,0.41299199626927957,0.46145013334416835,0.5696715149656737,0.21301263058861347,0.5730548880745044,0.6686371782219344,0.8035405031602164,0.3728478411647261,0.46174203904103334,0.18635890720392204,0.4520129953884839,0.8828276813419067,0.44392926833945345,0.8681888991681005,0.7189870186842712,0.10982883080834298,0.6498855650219852,0.3040980773104023,0.6379581631168945,0.43030374457117027,0.3198365377182116,0.37886397331821664,0.4474249779053296,0.29498607625236567,0.869454529006179,0.38945412107723915,0.6988435458625117,0.4379166064562574,0.6946748798891773,0.9778041108654327,0.2594723494246377,0.31875656333853547,0.4250594774555636,0.35258998798869273,0.30245439063175966,0.5274965227472619,0.4866147002756949,0.3147245258152616,0.683328038770493,0.5723426763262917,0.498144254798829,0.5920324206116334,0.3596936860031342,0.6121519379152531,0.7417179296337205,0.6201063205310998,0.20565450654562317,0.49070111697050106,0.17409412936005422,0.4880444209873587,0.2204865507127,0.8340422546719575,0.16798316519625875,0.22048352542196292,0.7261791765740859,0.40125840273025987,0.7674168064222147,0.5987013413605132,0.7537268275451665,0.5262097445927779,0.2901957513978281,0.15489252669525422,0.31203748871362375,0.45590739890132087,0.26350313164453376,0.7496113396652581,0.37749537396559424,0.1646541969891568,0.5929050799426898,0.7044094034663833,0.3123858626201375,0.18850915674515173,0.3340976235545813,0.17164979830054333,0.2625433453022821,0.15445120328814765,0.33817110273886136,0.1679771743954444,0.16207717768925428,0.12662407434750417,0.17197343356649072,0.7188927900829573,0.5224241255615379,0.08849239203402863,0.4078867505078086,0.23972305989948797,0.5285157506154761,0.3445560128136648,0.2763106804781897,0.24835552340691078,0.1884154165536871,0.5738121659384916,0.637772848840941,0.7369714798597218,0.7139581465600999,0.2825504031505147,0.6388799130636851,0.43804371217681637,0.3316109200975387,0.28811464063528597,0.8267848103040909,0.5186098840226285,0.4208841212374791,0.3220423141337608,0.7084730420516239,0.4686930213448725,0.6111780651656472,0.6020001363628972,0.8268820908584933,0.3363178051412132,0.3621675604648438,0.7709168540375337,0.7162050777667689,0.4693137683726565,0.8669466253411678,0.624342142326247,0.7593386476888762,0.6355061539826945,0.7672562797302042,0.1759063249816759,0.5022213672238519,0.15221301492870307,0.18155019405615494,0.19306960335149978,0.36544404255387525,0.9847669467473724,0.5514040163784762,0.033441487904760196,0.6173706613768327,0.22727879958133887,0.5764764350640494,0.35779577494807635,0.37601861620207466,0.2826057469571113,0.6095551932901162,0.5272818811297091,0.6106893420325057,0.8179995753530208,0.6035308054926544,0.6407489324074992,0.687129182828373,0.8299500807572259,0.28892974413139944,0.27182426938369414,0.4909710274571213,0.2585454452048253,0.6974818067208983,0.760952364132573,0.7062639288283227,0.724328503405753,0.6166871312062224,0.15247406978332315,0.6265066917164697,0.1597365807115317,0.6351144547436164,0.7015517449956028,0.3647437348966774,0.2677245811701772,0.5579916354003688,0.435550168450444,0.719795616185846,0.4379871126202776,0.18625296867300495,0.08542483976346031,0.5370032740071017,0.5247383679149044,0.0,0.47036431101418014,0.2132228471421073,0.6023996430299802,0.8163986498177599,0.8038233095643333,0.5751496380888853,0.7926683047214667,0.5763123776161219,0.5319695726178761,0.23747319001919218,0.5259289492184205,0.09798763643513891,0.5263340872182557,0.14448605660194158,0.4760767550993474,0.722277939684396,0.763722118274601,0.367852833454933,0.6436269490828094,0.1418985244157268,0.25199289934404495,0.5459762826841934,0.652857397545391,0.48207895329177847,0.7790007979962286,0.5820924414448082,0.3051786112155092,0.7685706448506009,0.6071997326227231,0.5448097167368902,0.5479523795453961,0.38853201346152727,0.16107935813662053,0.17203555577939228,0.17400749733982726,0.18470076743109676,0.5059627357235591,0.4851027601853023,0.7202847954092874,0.4358937362037557,0.4853618927983121,0.29702186176659096,0.47900182719171625,0.9504347136016155,0.38149647191647396,0.7776023445024651,0.7620930492294545,0.10391863606189604,0.07562732783831111,0.07550122232951101,0.3125456121241502,0.3232309845386246,0.23618840499199728,0.28448035850385056,0.1992462822989873,0.22044625138824148,0.2524429469348008,0.46300036342224815,0.2541548471882968,0.3265825655002179,0.2987890766945349,0.30293410629554884,0.5770647399555563,0.5322678385398154,0.5396003452027701,0.34009558596844636,0.2282680579517377,0.23412346609444035,0.7777853716836072,0.2443147721833832,0.3327688593623434,0.4977272609279549,0.23388560305650474,0.2682127829039725,0.14485029447257786,0.22150017754977377,0.22825495652248926,0.48922635455717084,0.10563393160345713,0.037860508493596456,0.23588748458514766,0.09597733769135454,0.09402277854367913,0.40058039129785306,0.18259579206579404,0.2616536292301651,0.2548103468211145,0.486330069643109,0.34598717646058874,0.25024664085750176,0.218534873418806,0.9125028524017739,0.7918315614538042,0.5887134771702999,0.7221334772459693,0.7762591092518236,0.27041033102099327,0.52778861275937,0.4054254004378899,0.13534959237556776,0.31290911063096305,0.5630746221715315,0.598299153095545,0.7833187188303258,0.7989407458467497,0.7760697540999422,0.2794010423587521,0.805994193269445,0.13699592781440428,0.5770424721560736,0.7463246653876868,0.2771574552507767,0.7486580010068817,0.8418079931848579,0.5396722743114518,0.648217771891104,0.6294737471685212,0.6235591388047734,0.43978434159987534,0.7260021662943651,0.7949220909745339,0.6725182898304898,0.36453497596994744,0.2742942432212743,0.17038549483564597,0.15870794405063432,0.4262666577696985,0.4182106759460166,0.8647189532514428,0.911768461699959,0.1476788777726244,0.27280159516781033,0.7431382196274716,0.2620529137171523,0.5606962753277491,0.6050249437542308,0.5608099758268847,0.5404707080965657,0.6559898484603202,0.6527933518343372,0.5652583790221613,0.8757462722658141,0.9401884651171378,0.7593622462487268,0.8219318562468729,0.1693599911382134,0.3953747892451032,0.36366899041317063,0.7146740441630207,0.7738855211783051,0.8154544747547207,0.8720942450283277,0.35574580467974204,0.14980171408928547,0.8044781336965534,0.425455522772396,0.38810543607946324,0.5695055534901328,0.44160561439944135,0.5625283343844827,0.297583715672593,0.5915493298255389,0.5583928510444273,0.48924192101631264,0.6307418485200267,0.6909087867060287,0.19727803419251774,0.6011403077481603,0.7482352756077097,0.7517349335688212,0.755505826539575,0.7491496970076684,0.7662673894805052,0.5392521005502136,0.725337243080039,0.7756964063777725,0.7984927729367374,0.751018775208035,0.7250241471688214,0.7517656710749686,0.5329130353137915,0.5470875491630748,0.7991618139546277,0.835091624401585,0.6278969599172097,0.5656764740880275,0.4731644485939538,0.8236236097418772,0.32015741089542843,0.7681671147097572,0.7346427140883717,0.2566259268950172,0.647447947492959,0.5928373093668564,0.26448104184042,0.4819230303826007,0.62109506261628,0.5725086138927732,0.304593277705098,0.7720121192119933,0.6854370691200411,0.15977939476379172,0.7964129498170415,0.5434471429486443,0.7587730533742204,0.766817776948764
121,0.49991723674484106,0.4150959468199284,0.7202521723945189,0.7215179455955025,0.30239705162792746,0.7079910207715837,0.8053004746370757,0.6729507206747665,0.561998147699823,0.4944324722893758,0.6064791201741704,0.40065464502261094,0.7583500604933281,0.6754631892798925,0.8105355242958964,0.8089174452060256,0.5955120775833238,0.7881950837648256,0.2931231943871614,0.43844779099596437,0.6326314579114573,0.46382598621052645,0.2865010656323085,0.46401529163989325,0.7360045395748036,0.5447288950610192,0.5513245387458368,0.7040420657196252,0.6964274543600402,0.7572863362758347,0.20725850406678278,0.5744439468367629,0.7065558929735178,0.16299683914312413,0.4992716503822767,0.5713116884713817,0.3125094879712368,0.25996944049662324,0.4703661507852038,0.3352940424893146,0.3826544952950807,0.38665786764810883,0.6939437876988657,0.6562786823830824,0.7674989567276664,0.7371797372195257,0.7449476375414446,0.4682144157959567,0.726852460602157,0.6982739194494495,0.7177019491245787,0.48803562901438424,0.5183777351223321,0.5678608642205069,0.48128445258891683,0.6202973741707984,0.42350994364445244,0.2507642532729562,0.364363164340038,0.36485234511522485,0.17527617910340498,0.26418485708693296,0.44145293175609396,0.21623957798751242,0.22063256149762667,0.13027616957600935,0.3667342411069596,0.4946784022335794,0.8096809165514516,0.38958618923008426,0.3440675646705106,0.7072431983307043,0.28161344169566077,0.1287571839934319,0.6624539168831497,0.7191650429175431,0.2960585965183392,0.2590069419690385,0.602846458184389,0.42808754831843593,0.6655141494715394,0.5865304031391656,0.868877295531751,0.31659965183090183,0.7315620048270202,0.8037185320337784,0.7521457823869715,0.7545070362416314,0.809014599038136,0.576229589549587,0.7970949148776765,0.5011959263287351,0.592714706074924,0.5221194657124837,0.568291443789835,0.7040930656373646,0.435780881145511,0.7917418512231589,0.20067175387361239,0.7415203975957666,0.44356897669407575,0.5193473653783881,0.607988376094364,0.48020103561883226,0.461330580354309,0.4626929980501529,0.7138621266193658,0.5067955566764333,0.43524469714520797,0.4774877336880445,0.7594904726010485,0.7123843592815432,1.0,0.5840927705155912,0.547390584814138,0.9536550561329064,0.5590955711358748,0.6556660435262924,0.618733246676249,0.429660864354835,0.20564671197698184,0.34581705888395103,0.8391293263257309,0.5599367727734957,0.624222339439357,0.5225517963757429,0.7427427493382748,0.23800209689583549,0.6001591330102989,0.737876362680442,0.37147661245726016,0.5068345700466766,0.4772570810396227,0.510555017506854,0.4056167770505679,0.7635127710085857,0.19530147009787632,0.2735784638410194,0.47220793342737033,0.8285358740685549,0.5458278859713717,0.9686925424379652,0.9091753494624867,0.5874604598568407,0.4288927204695006,0.5972791929379329,0.47598938522147477,0.5960835615962525,0.6037845541549817,0.5128107638584462,0.6175248064038559,0.5764055589056167,0.6736995846770336,0.6707414269940851,0.674896385655473,0.6454856612066365,0.6192145800606739,0.19899422688880333,0.5680819999841834,0.7321198988180339,0.5934469942606123,0.2205370955421025,0.4961038704417083,0.8369281692964133,0.30998174255455324,0.4972743255624143,0.8049036343419198,0.3826437233896431,0.7824782406245443,0.6438744591462604,0.34359074852206517,0.5374980185029455,0.6160610807747071,0.706882767195117,0.5698394515398275,0.2578514141616109,0.6240738440210394,0.630474530882182,0.5939968979080454,0.41912588085543984,0.6457494298361744,0.8031429418363779,0.7750360410490177,0.7966964948848613,0.3957495184549095,0.3021706898415813,0.48390474782661075,0.40222316181999423,0.4994608526924902,0.714480565387158,0.897602871117747,0.36824656706311043,0.7539045189186663,0.19670671976070067,0.3732993284509603,0.8586987642146386,0.6617443703739657,0.8125045593174715,0.7755680740516908,0.13616881777666254,0.525378356421831,0.5301231734073023,0.5299338127357405,0.32916949594725636,0.6046177936273973,0.4620196681870497,0.387707383534204,0.37535348498655025,0.9072987266529717,0.6306824797557944,0.7160894391222469,0.6428184488237437,0.5811667290925755,0.738148246423603,0.35420781496329634,0.2917366460232077,0.36052515122183754,0.16248858582287062,0.5445778037559958,0.5474659350403713,0.5715126784382204,0.30424724179773693,0.9037246296156077,0.44501652858064433,0.5069104484006436,0.5712404484027536,0.6501970880150021,0.6193708662348518,0.7776781873722644,0.37328937082112035,0.14953207990420755,0.9968707532441036,0.30663067639863173,0.9925902618684046,0.22218992794308787,0.8446247114560401,0.20814000071235816,0.3618911811552722,0.7515219358240289,0.22959169104168936,0.7752780221806298,0.6020810404988022,0.7433744379901092,0.5270370608289282,0.33797297944709137,0.389110937340847,0.24061581719450675,0.38033925795766416,0.3403778174030683,0.6922365531013119,0.21488224386298826,0.11952226251289426,0.7248786094790681,0.6442994392615399,0.37841487576007604,0.345534777900245,0.19677621715968321,0.6920191930200776,0.3644855511596902,0.6620736463497836,0.5559573585269555,0.687087729841267,0.6662395265279003,0.26056175734445064,0.6626631138182711,0.694299380428279,0.5763173676482728,0.20614295304264124,0.43690052281588204,0.39140369760563154,0.713589965971663,0.6979665520932716,0.6184336739066405,0.3942860098126116,0.2348691318745952,0.6795172706472153,0.6757331003911264,0.664704960027577,0.7771410271762387,0.4222466076803463,0.541647932681574,0.6765275417604336,0.5663890507089521,0.6470504015473927,0.8932084271996612,0.49598515642303875,0.33104481346137793,0.4836742278006522,0.7622965496963631,0.2732811127432435,0.7125510083666016,0.6710634163959305,0.8706605569445781,0.35257073772683184,0.3811881579277881,0.777899745859071,0.7145378868171924,0.587751163784859,0.9308185309885395,0.690956987771689,0.4885286870271403,0.7951632923338561,0.7924844071931445,0.5847336651583188,0.5200098451347914,0.31675163623595476,0.3012014484554195,0.33216759714180094,0.3471944341386484,0.9682488072587783,0.016598480104856168,0.6090178322151174,0.6052089359223631,0.20478659831301585,0.6568854442856885,0.6647268403031844,0.6626465948067299,0.31633949722528926,0.5981945444156133,0.3973792647489793,0.602623455415036,0.8272804033683774,0.5993178411235157,0.7325233850982933,0.7341659114175976,0.8037925093205064,0.5572273752155152,0.5174796243197579,0.484599979697483,0.39828247742283085,0.6475724326072059,0.7739063868252054,0.7401599538767412,0.7735933660119393,0.6010895403994468,0.11223798602928715,0.6042548663885391,0.12076682211918502,0.6216303697160718,0.746728342969122,0.3599054203703001,0.2202879909014627,0.503253719991609,0.09728637182836355,0.6879540778851233,0.39512623280264547,0.3939764066074761,0.29854934456881055,0.49600090191336915,0.5187708437269646,0.394185369126387,0.49611898665379656,0.26050472113786144,0.44188814905437135,0.7550098277021331,0.7554711922231079,0.5662988702536369,0.7586972288068489,0.5626352773533951,0.5354555161423374,0.25738436016888433,0.5199140284915814,0.10918637864380742,0.5283526434059106,0.11472656300508588,0.5104805045766324,0.6803258330603497,0.6637964794901371,0.27472078653102505,0.7117460937102735,0.15254004013129227,0.34571750155615383,0.4766752581200091,0.4575750012893263,0.5418891910173015,0.8223213154018232,0.4695772296075475,0.32445967764296885,0.781595876059803,0.6231613355732972,0.6695000576302902,0.6039760445556625,0.37472446288314154,0.14942969500026676,0.1681943273533334,0.23019666864749516,0.24012345836485746,0.5057521546333024,0.5301576289906931,0.7042049343014698,0.4893470058988815,0.5379084454257661,0.18802000560625357,0.6300139687826902,1.0,0.5526052091927682,0.8121210861132766,0.6769168975009396,0.10247129822768283,0.4092546804233548,0.4221128183001984,0.5477776292315514,0.5587303374159123,0.29727678333555635,0.2871653627176861,0.27466511803884563,0.20006087203389225,0.28126963109157666,0.4738915193108922,0.4140379226578857,0.5460763492839433,0.3632414091322645,0.3756875912726743,0.6309141264018907,0.6237420259287978,0.5884945665127406,0.27614621732195976,0.5634336618958402,0.3114837792388374,0.7902024140578586,0.5560388437930479,0.38101160143011165,0.5795331123359003,0.12158355050383712,0.1614387491430394,0.20384334481663408,0.5556065695199552,0.5650852278931002,0.6793723982913306,0.11645056678742095,0.49796947971413913,0.6665417449000852,0.4460546420219255,0.3383496579339011,0.2351849459447053,0.24347006345994282,0.2356560967675105,0.16836481855476218,0.4922359722084641,0.4197503245597058,0.18286755745941133,0.06648446963702155,0.5010184316371566,0.7452330844037744,0.5896284071765122,0.8986742037515469,0.7858609249178047,0.2632299636782421,0.517408330076111,0.29479147152808705,0.16699922319116745,0.26644685362686815,0.6405673524173531,0.9238009431617262,0.71418501840653,0.7274787447404201,0.7796342337253006,0.4081944415875363,0.6859214817461189,0.1234424862006399,0.7941021652091291,0.7886544087457548,0.3466256673623343,0.752348004183784,0.5809681158585565,0.45869639120848227,0.48926894731796733,0.4488561466345478,0.46468199848625996,0.3275043467764481,0.5706622650819576,0.7991138998431273,0.4171202628313996,0.645483815215371,0.49020449029958113,0.5124143414949451,0.4986208557575081,0.5080175235652963,0.48484840718030614,0.6412949806028608,0.7172074544413007,0.1467321975271035,0.5730098756754892,0.7554327291611288,0.5698629243395884,0.6050886290858449,0.6437256450788312,0.5689689052917836,0.5381387789350544,0.5856959838655298,0.5777437000140834,0.7225949820964102,0.6966839355547136,0.7429538392712349,0.3536525111817677,0.7466497651615612,0.522628519728709,0.3007226560308279,0.6977106244830461,0.7141618664819857,0.8184274696595606,0.6976870513716618,0.6755657564924724,0.554248916845831,0.5464002258813858,0.8053438691043906,0.6163236372380753,0.6236909792647405,0.5201462128464845,0.5223889587027322,0.5124836057053825,0.6515553606832547,0.5521286978548897,0.5176978541808045,0.5391816044964396,0.6515238752566409,0.6970969873746538,0.39876712864986064,0.58247685001981,0.705184036220494,0.7011245180414273,0.7171523313440474,0.7430502887631792,0.6868088877714963,0.5351498610212628,0.7764675304894695,0.7245784952714754,0.7159050681017886,0.7457209235220168,0.7385011535041534,0.7361982029396379,0.375667675875325,0.5196357711422641,0.7940622636941599,0.6212986193808278,0.6392984025819414,0.37125658902309694,0.21981559184633154,0.8001617051249315,0.5936824434256175,0.7917574640964808,0.5510443520035143,0.38574451948273,0.4814730295744933,0.47034978882531436,0.31148380646724366,0.5815501775497579,0.3570471104900661,0.405209506149382,0.3274225813421828,0.7714833853271343,0.250479608635745,0.4535280615816581,0.7886547359329871,0.5662909135463954,0.7341920907423363,0.7576904050636553
122,0.6427482482810079,0.3685425687806433,0.6067381384821591,0.5911587667914975,0.5137836957712677,0.7471503520464086,0.8492471407256938,0.4589612559420762,0.35572402998600855,0.2691637550576707,0.6737283384683753,0.6169629857230728,0.738181113152381,0.5310094417408617,0.17822277110636972,0.726861169057126,0.4742221036097967,0.7053018376062374,0.6014887525646988,0.6067113668340658,0.4875854561099258,0.45025650332439776,0.3475282400034344,0.4170185526252248,0.635099171801654,0.6609365028663252,0.4683843738140019,0.7447818545561354,0.7410852609184432,0.8518478716749317,0.22132814896407746,0.4785219009625568,0.7832892162276152,0.25303821786504876,0.5305265496500144,0.5227856863610433,0.40125504243571203,0.37556263215943947,0.552692073201093,0.3178154864005211,0.4990752330753781,0.35417992404994997,0.28159458555210654,0.20495886241965236,0.6457162430395056,0.6014948793769275,0.7858946041727167,0.3803497581313251,0.6042497446029133,0.7344364698390492,0.7708776968335251,0.618691451312184,0.7002291432393404,0.4780615987007686,0.6019419532680987,0.5505731119831213,0.4689806940127273,0.504591884680212,0.40169090545104735,0.43801760998041694,0.4856151022090083,0.2958064092044454,0.33687241935849205,0.36814610737357883,0.18076700703040305,0.5671529964381647,0.5130858490582698,0.37535817381432973,0.30951294661214035,0.5689414009132957,0.4817388651714671,0.19974444533193114,0.35031245009839695,0.1570068482728686,0.10080636939666847,0.8067418368659685,0.2501799664365644,0.2589535670991929,0.6969744341034589,0.22641186640160324,0.5664163324141354,0.2892738350632722,0.5462181355036533,0.22974674417345847,0.4833837365990924,0.8195997643016074,0.7652284147303703,0.38191466297087595,0.7247019103121265,0.5527601427041864,0.7046672534572751,0.5101454353051921,0.16601186100910753,0.7896028556776328,0.0816397153269107,0.36228017448754746,0.5464812467367586,0.5396187756418463,0.23717371829246028,0.47502951394451154,0.4783635302200686,0.4784183980623589,0.2883129150100378,0.1920221423527835,0.4946107093457856,0.5087566932732879,0.7533477160349326,0.29188759658379343,0.4892914411455115,0.7573816688377066,0.09402748943274376,0.6250055603742205,0.4331418751712997,0.0,0.47969475886261337,0.5834690735155825,0.48825157095631216,0.10799307546370697,0.5361570599509939,0.2638479123696612,0.21778002093345072,0.2447351247056463,0.6956726091680283,0.6841059210211387,0.3434037342527043,0.6282328754919093,0.7287110422814607,0.14401451472786012,0.88425488998488,0.1960632640836007,0.666018772003497,0.6283201806709218,0.4389566246427698,0.15197914050094502,0.5393466396173453,0.784341202038871,0.17857256824769113,0.48205241074236305,0.4043785246097243,0.796683072686598,0.32278254667898,0.9622987548982297,0.9181643364918314,0.5233830798351684,0.3108964387297849,0.7155944944580852,0.4980597400547088,0.7578907967218531,0.5175730241346441,0.3955654481158017,0.39260069543441645,0.7614784094145336,0.4920080043160495,0.49637127994460456,0.6411283342756211,0.47055812067911096,0.47276392127489986,0.09686473965373579,0.5571079089001502,0.5287038432695986,0.7396637813496724,0.404443030917688,0.6700200600344272,0.7814987069060816,0.6161387164898331,0.6304155922557096,0.8133989637609436,0.34902279157644983,0.7096772504650191,0.7604000304224429,0.471422189822098,0.4631327509477489,0.7421555676705798,0.7076816468938368,0.7065874505796185,0.4691497537569724,0.6103931082146035,0.5486660224424692,0.5258545992664205,0.8224969265963754,0.3503342193472976,0.7132858407644276,0.6988453244049087,0.6331672234194405,0.46098545740423336,0.35408578431383236,0.5755918733043063,0.686669826165666,0.5712728159827136,0.4566988948144519,0.8241920667582571,0.18978655794692553,0.646340525681875,0.15026402161505859,0.28037631376454114,0.6156340756023952,0.7523974861227187,0.48481676831008574,0.7124885008157044,0.2029973706191578,0.659004720517487,0.46071890791834613,0.655560112200356,0.24814387362442758,0.16753819900502567,0.5034367835221812,0.4579741500050436,0.45171306753313556,0.8572619196272049,0.4257594878003529,0.6540109413622759,0.5076914507976674,0.6772771812809788,0.7252618403054292,0.494165500318019,0.39711194559130064,0.4393427436659343,0.4230402374337469,0.10593918112228058,0.5737359944136796,0.5154058620798297,0.38317941315705567,0.681352039128545,0.36682213213348114,0.5000050387936786,0.48634350121492065,0.5067685163593801,0.5160186873770671,0.6343887470309467,0.4659253702824038,0.09012470519239706,0.5352261104930394,0.4176076737719343,0.4811898618423791,0.3565211265126355,0.7785477514471407,0.3704407808611197,0.3075928492205901,0.6820744648979099,0.20975107329201542,0.674744722622019,0.4983779849781496,0.6713503808090548,0.5579194314148759,0.2601535695228362,0.4340842216885602,0.48054650886509886,0.41652648169149714,0.340380911122638,0.5309936320929972,0.19099330577198512,0.2095372907395549,0.37888898508191876,0.7738152256885902,0.24433654715468434,0.391703851607498,0.17038419376976288,0.6236388894458762,0.4181246746181153,0.5869219370207315,0.3758787671510581,0.5609465818648021,0.5428126595215166,0.19463575567546051,0.5348924308708862,0.7004816823764934,0.6047909946310468,0.26144252764930165,0.44452741058715717,0.23626895898499514,0.7322707513713428,0.49373134931623075,0.4172711887460305,0.5394771858451886,0.24251120608411625,0.6080438595191994,0.6565556774804946,0.5064560716801898,0.7576914692371086,0.36793645424577126,0.73625288421282,0.5276472239060108,0.46550423534295005,0.768938258712648,0.8908974286913969,0.5959697549373355,0.42938743671285956,0.44937345747441065,0.6667253201922407,0.4984264757099577,0.6918141129410686,0.5794414452118641,0.8628833160108644,0.3445675213951524,0.5585583020614402,0.6901501704094086,0.6796939919173989,0.3522778620942843,0.8854641255362452,0.7836708529587021,0.7767770815960744,0.6524216446973328,0.7400915946704381,0.4320828411087103,0.16204865947228567,0.21363649991146239,0.3914670973961092,0.3116706088396083,0.4278395236906983,0.8387349425324403,0.31053855646723966,0.6765218924694597,0.5123210090636289,0.10868399966646096,0.535017516367802,0.4119591513210993,0.41600717174757845,0.27670800532095685,0.4950731223018726,0.23743793308319436,0.49649459629361575,0.7324409615867207,0.496509023219897,0.6443112682736021,0.4341005339097683,0.7630697751061524,0.4645449608021118,0.4166038930080059,0.5297369636340442,0.31601201036162985,0.6028561443887341,0.6878981140275355,0.7389981986232355,0.6582712949762408,0.49673556130916896,0.4217127190339911,0.4958194438624871,0.39702378522730064,0.5368143457011413,0.6423738009260611,0.3692857686885444,0.30274060861224694,0.5408497436121609,0.4114843761223319,0.7234556140694646,0.6946728752125767,0.4494207481686841,0.29046359807194333,0.4987484964554273,0.5307648425669234,0.14514685532042243,0.45144184025790535,0.22674822596897792,0.5394077050739826,0.6832274086100169,0.7088906917169238,0.5275353767521028,0.7021264015644485,0.52163574509469,0.5365011332332823,0.27261021230982113,0.7597683138152386,0.07053875688717695,0.7509467618135629,0.0811623971429018,0.7094879491517758,0.6602263873335915,0.6189146278931816,0.366033152940736,0.5738330670139208,0.5187304846430383,0.4712278555366862,0.46556362172050475,0.542054758209447,0.7850852087512066,0.8076475705523031,0.5712938540140563,0.3638924402626926,0.6882281650384386,0.6247673248280925,0.6095184250244361,0.49558568859958263,0.6088466233781489,0.08755427328381006,0.10979462965448879,0.4834582937505327,0.47424587805571916,0.6467653932515314,0.6553571031346399,0.49192476478677877,0.6304227213291568,0.6295046571507472,0.12017174875939866,0.9353982044462014,0.8724444168154065,0.07077880389761573,0.7921381062118766,0.7222204887437826,0.06327811171372977,0.6846022126141402,0.7033178110671758,0.6656636559761905,0.6266826344558019,0.4360130249234441,0.3947447231929454,0.32987843325359845,0.1816432805779853,0.012445920118219888,0.45197995857557915,0.2076599829405838,0.39620773609810295,0.6306119578129953,0.6240220124722718,0.7688206276943201,0.7467799194216092,0.7265443346081595,0.4088529890058359,0.7793625742164085,0.5848185767976375,0.6989452178323414,0.7705908706925092,0.6652577361714144,0.7416140925587571,0.1087633374988535,0.1528954048412174,0.2606183793029014,0.7854411493592844,0.7998188872209431,0.787773540624608,0.06328373875576314,0.5494693136402675,0.6655937751469024,0.7318364933805318,0.5547064039326609,0.33147178835422003,0.4621470146776672,0.20193426212845103,0.20757684960386275,0.40970605531998305,0.5124356788925168,0.13285897913573616,0.1724257682912896,0.5181368624963775,0.6841109599408113,0.5375578642804317,0.764914502416889,0.7014599472878402,0.5278984077168761,0.5118352012363016,0.25268299887975837,0.12201480913687353,0.26692218620388275,0.6208590573821247,0.5875308566368072,0.8017287501200823,0.6214660544909445,0.7118678506578409,0.1323758136044074,0.7079491860398318,0.12701495386700967,0.5027174818152729,0.8515163281446951,0.3183781455594334,0.6187092842782438,0.03090840089105594,0.431821415951026,0.759816009411806,0.7353826433239404,0.5334887157035116,0.23721286167636324,0.6971297604032752,0.7091594744886097,0.2716203565679914,0.5809665045030604,0.4543679234399185,0.4106686238460474,0.3962259823819528,0.6249403368517654,0.6181758451315591,0.517436493463119,0.5615402242253719,0.13539665242305324,0.3932858800364966,0.6935231063391342,0.4084346826584239,0.4909111416463243,0.5395574257169529,0.6319275743624859,0.631390572902031,0.6299537548442553,0.6283338575317949,0.645282714092537,0.5941221772259875,0.6429531590002452,0.4525917318263261,0.41110782962633075,0.4058063164226042,0.31032621300275137,0.853655737788042,0.7296016375776982,0.9393030536611733,0.6573433091137217,0.5668073220445307,0.6910094524796434,0.7361989026328344,0.7316361183748581,0.4190270408265551,0.4561408639192965,0.4150169132100364,0.6166942306152517,0.41840072564391584,0.7179716852587139,0.4453586249028879,0.4283637378537313,0.3922230989890202,0.5272293812367531,0.5624608919755734,0.5686645290196078,0.7440111956194466,0.5870302979784077,0.5858361700492224,0.5748578953396999,0.5849473083177721,0.6590833371523809,0.3166075831552639,0.6960651743307955,0.6481221453445203,0.6500536636821805,0.5942965711133321,0.6350691312964644,0.6913472303643908,0.21674574384191403,0.5549319970678894,0.7186353401455556,0.451691968351303,0.5990147650265272,0.392241313578316,0.3884376110496722,0.6916354772664699,0.510740411427524,0.7215294730624462,0.4635130670100679,0.2968006690682426,0.2824410425228011,0.3181206557368246,0.5501062575201028,0.7140033597180073,0.38823486441771743,0.4828771406482388,0.5427850175952827,0.640291649772504,0.14742815952890834,0.46504751268849204,0.7236881359872611,0.4904777299091806,0.6631767258057575,0.6793521332139102
123,0.5704003144012133,0.49115992448653023,0.8470691051562147,0.8239341934656126,0.5799080948217455,0.7448805638565212,0.9698934434468006,0.2497856632682678,0.4128074188437018,0.25763539853835105,0.7406423693977738,0.6275699665588984,0.735948858444777,0.7514861373256552,0.3507080041649042,0.9010592275158522,0.4638492825936142,0.8801093763763173,0.44210751507723617,0.2756049827714384,0.750924940580163,0.44585533719228276,0.2099529860091316,0.15570786449773377,0.8408072047412036,0.7684448177463485,0.4420518964216154,0.7498016101749108,0.7424541384485126,0.9424454523011729,0.36950108390747544,0.11328485489173132,0.91236728050562,0.3415259155412303,0.47160507840331667,0.12134146755216835,0.20467144591480527,0.35991713594110875,0.5988640849380797,0.2268976726139373,0.5928252844275407,0.24368381931326677,0.6783297093755627,0.6068645635700319,0.8649933706542331,0.652062326527507,0.8513517151429466,0.052210029060903766,0.655414026497687,0.6915970069577885,0.8317765234225697,0.5762538552335933,0.7035883501435626,0.09528920316729124,0.5525494841371894,0.17509023590176426,0.6290840832882811,0.6279358488569488,0.4161154249137937,0.6012871764204077,0.24801611327311304,0.3106924080631621,0.4231962981121232,0.43342677857751566,0.29487326660649177,0.48259219819135063,0.5013758186637779,0.4819530688993888,0.7501616718473246,0.6244366829911557,0.6232161242630249,0.6514116726573285,0.4115485606623136,0.1645916627724769,0.5966831207334196,0.7936636391038067,0.0541762245956766,0.5320926281878091,0.7059661632492314,0.2975597491780849,0.1181193694837271,0.30846585869567716,0.7839004999437337,0.09331041122953411,0.24018908981716566,0.9238655056698583,0.8855522117247929,0.5340168866112622,0.9030962479805974,0.7440398943766664,0.89258116957955,0.4307904212463149,0.1483662674098403,0.5655548564117067,0.41581663008676417,0.5811313998016092,0.5422941010382912,0.5667226735425263,0.24283246895657254,0.48999833545762317,0.3980159356780423,0.44223936600105856,0.283582115290007,0.27885408292133634,0.6495763118651365,0.6479386956361618,0.7506231166643482,0.33039472126614466,0.6261503984176687,0.529950596868274,0.5836749368776325,0.599900479383286,0.4151023126068563,0.48544005295557235,0.5454673489293893,0.6164289142728716,0.5441883983699207,0.6266128094709367,0.72671240117499,0.344765962055717,0.1864069273769096,0.4721218670034047,0.7282111163150409,0.5656212679176706,0.4166519339526717,0.5150190702741806,0.8754538000472679,0.18540044316264248,0.9200473122821432,0.6745271175853695,0.6927118824649813,0.5001217914487817,0.7843466944128721,0.3706655380811298,0.3203421291920897,0.8736757444575207,0.6470671726217953,0.37223473625492925,0.4610662385367969,0.6828747604212806,0.3933830824772765,0.9392890404918391,0.8611038783754528,0.5800641749787984,0.4064967486622373,0.6704012616682417,0.5237771231915778,0.6552453520716204,0.4812416864759037,0.4865258884474113,0.4275555553382542,0.6981610647569176,0.5449267326101526,0.5505554048755144,0.8364106793976565,0.5146009421695835,0.5155976908661263,0.20450789897398466,0.4976287894925152,0.7663777944830537,0.64414301765877,0.6871607440905872,0.5283438152445528,0.6556803596346538,0.3422774359050281,0.5498730366458714,0.7144308469138944,0.919286665085972,0.7040872924598134,0.5297297200251383,0.41860301469940475,0.5305432878301679,0.49843761851784596,0.7327059719819835,0.362030701320879,0.27328207466324494,0.4762590018476824,0.5996143104387667,0.5333667604617878,0.5487688806339669,0.43453798098236407,0.8924094752491184,0.8931626759296304,0.8642913350969913,0.5526018675562262,0.8522842307211145,0.36278911293886934,0.7369066271653649,0.4160276992560605,0.5458163757271075,0.7518501457839133,0.6308220816866396,0.6379134194322099,0.41328435721167966,0.355840160900994,0.7893619741785189,0.5973759451212434,0.7206112291574617,0.8392967921698683,0.6562056339384926,0.5548348909878621,0.48454825063001056,0.5531343329688571,0.2703415816867172,0.3086456136219792,0.6488176903474631,0.31821986396072643,0.6199701426816041,0.9081444948644288,0.44952499246376687,0.7871209382044663,0.4874804368784757,0.2626851283564316,0.8861526985372675,0.1286390720010256,0.374137404764732,0.19994520952283967,0.5649259811699607,0.31665208883782864,0.5421520161414712,0.5108931529846895,0.4997954279505676,0.2513343327859954,0.5842823544527718,0.17627371170543105,0.07673119446888617,0.5623354485137668,0.10792548385513563,0.8980743599197312,0.1176689604766955,0.05927074614330242,0.45620445088534717,0.3867397100583242,0.48836319227163594,0.3635821115521666,0.8862770522692586,0.34808113627964,0.26017316899048426,0.8993352726406271,0.6129469320887994,0.8833972356041383,0.0,0.849596095713095,0.013066062440721869,0.25289851863278956,0.20756232196497842,0.3493332160722507,0.12746024657330968,0.11737086136274318,0.7985379917796582,0.586379992563117,0.2394665975676202,0.5706348646585231,0.8505377478466704,0.5368190432339289,0.2977560212468814,0.5527359193273101,0.5789722186555782,0.3792658627699078,0.5483358256394398,0.3693998579912073,0.6203300550871965,0.5996394901924537,0.1806881577137963,0.6012509425189319,0.9754160948392482,0.6583737716603434,0.21496560163720582,0.7051947497803577,0.4905318666512825,0.8956533871747172,0.43274612213745456,0.3771114433907095,0.1931942714205567,0.2728084499609933,0.5902378077765487,0.6416234763357763,0.3729966786802749,1.0,0.2665680254429064,0.7825701674753115,0.9601442296457674,0.4848587890162802,0.4248126263992383,0.9238719356676414,0.40865385523635545,0.21617163566409353,0.4539696407316091,0.8493161069528009,0.5953028650901416,0.8331943563574058,0.7363194519354167,0.9352691738275511,0.31042066170544186,0.4400565574466934,0.8792568038088765,0.8728313197062257,0.3695867154738976,0.7354035114302776,0.5924372526091749,0.847147859440188,0.7797650970257713,1.0,0.84666391021412,0.48447824233827147,0.16174870057167404,0.14753278486622592,0.44315539916556834,0.415410873485147,0.6350713799826839,0.3087583087525228,0.5993157757679519,0.2398604119429005,0.18376309976029145,0.2965959576817662,0.5671476345071648,0.5898582004142031,0.41844730523839885,0.09765522960679056,0.6899299020845424,0.0980215715983005,0.7309966504664349,0.13571830447518451,0.27849940578793764,0.22294474254007923,0.8753054529699265,0.6371287120075952,0.5998857959441664,0.50100185553407,0.3809649779951178,0.7551404384536107,0.8746494514477688,0.763584472062436,0.874056400873978,0.09036387282104413,0.5448860952279948,0.10534197682623553,0.5093551411350067,0.1004543464038823,0.40839765668686534,0.3303960552331963,0.5035407321322877,0.5184982801787774,0.272141044627024,0.9601906799672496,0.6869231545051261,0.4258952464753055,0.2810649329614234,0.38763514669888666,0.40463477676071574,0.25226400574673824,0.32582834143731737,0.30766572371275447,0.6211633181307106,0.41828530151444426,0.4277929328945627,0.49616805149208876,0.44659587852272775,0.45620108589567393,0.275685030876984,0.34932971151865105,0.5877452995314831,0.07706247931678457,0.5413292053303986,0.10677378744616604,0.49468311681155713,0.5484429711288007,0.49688244585503,0.36922302279502905,0.7421604416551476,0.6221743722060766,0.5795466096771822,0.4592516682805793,0.28582976994015014,0.5196928673803966,1.0,0.7763467999086704,0.4368396266821516,0.8734547653826343,0.8430404634674652,0.8562219000275479,0.7220632630849283,0.1244289708569781,0.1150331997136326,0.15337512830108335,0.49370660098470553,0.4657561765889122,0.4421476857564126,0.47404581566634796,0.8462039151921146,0.4260241618987713,0.47353795532567966,0.3496190645320535,0.14248055466960663,0.682152207703385,0.5265220758574957,1.0,1.0,0.0368698229310916,0.5259280180018518,0.545643996332589,0.572732022922428,0.5392496321290038,0.29200975096244225,0.31608739047531687,0.25368945286448386,0.16951529549386,0.2532857524477296,0.6322486844602362,0.5389830403868829,0.8218272770109122,0.6296321677182679,0.6367862644497245,0.6046271006776229,0.5598271627439937,0.5298063122989237,0.2993244175845838,0.6420558742657766,0.5689241039845853,0.8807680205694244,0.6384892640595724,0.6078705823703251,0.5486447130924234,0.38797626051460626,0.13123443833799198,0.16882616002414144,0.6392248841948956,0.6490629502573289,0.7133223317517124,0.07878754098235057,0.4045366876201074,0.8718232616975481,0.5512992160777254,0.35402165220961823,0.3900295992025886,0.5255504219424918,0.2112490805929023,0.13041550535999866,0.5217052019272509,0.22946888880512703,0.14361527951410766,0.3126368619033647,0.7890569761992352,0.7726365482274129,0.9893316874388729,0.864534972999288,0.875664762849163,0.31282348461585313,0.5273432491131095,0.24804855440500498,0.07568611955592157,0.254756662405401,0.7137089256540937,0.5985037344493771,0.9633751042326903,0.6629642911838325,0.8705987338949231,0.25357865813432795,0.49155716136339117,0.045297524145621014,0.8280808408701218,1.0,0.2733414431622767,0.8587508231786006,0.6232193081179543,0.0,0.5370592923659503,0.4878144608622754,0.5931357953635318,0.39629617852274646,0.7276233021907885,0.8832551592528064,0.41788595277902474,0.4416003622985049,0.2381693484418698,0.32846203216836817,0.31529847607667716,0.4241253602662364,0.43212859266918285,0.52592284220575,0.5922767315781662,0.12553280676765077,0.3195682194721122,0.8936308632388825,0.4031707354310234,0.6706495922409326,0.7021533609192608,0.5608194267374971,0.5117603982104214,0.48964420201951064,0.46319236172422473,0.5586219818925208,0.5554700132948573,0.6107794070386587,0.30633139881308447,0.7001368081321128,0.2959155932371884,0.2916909472203631,0.6689284953591692,0.6343791899309366,1.0,0.9036020254562609,0.7141106008098687,0.42792050645635044,0.38072267209607846,0.8947216882565302,0.7371244035598697,0.7650166830662464,0.0004595953896507491,0.6089141833614542,0.0,0.594238966331633,0.011530431601788016,0.0,0.0,0.019755912722788815,0.19372275563806324,0.18949147220719997,0.0,0.0,0.0,0.0,0.0,0.20142951374950693,0.0,0.8667797060569993,0.07983473690199105,0.10309326990230606,0.1120747739860489,0.8503507093428673,0.8611875510965414,0.4764203750679716,0.5354292348553096,0.9006442057981744,0.8684034955093005,0.6543027345817628,0.8351219988883282,1.0,0.9128170454233993,1.0,0.8853232438618843,0.8080439799638586,0.24799903134988377,1.0,1.0,0.4164654483006129,0.5475011969700411,0.8169396883737697,0.77795445784197,0.4251674065217182,0.8935128168551816,0.9023053609267664,0.4137273279679979,0.9052950766809124,0.8234737051441229,0.8540872974756142,0.8954935969647878
124,0.5490925311420306,0.3604045575123629,0.7430112135387167,0.6790054455317382,0.6112684891608728,0.8277588902260701,0.8434943163723412,0.3699400830946516,0.5213274835278248,0.21542987503080943,0.6800806483119993,0.3633683554088363,0.41074435652890234,0.6714387767919975,0.2576883665816594,0.8161765060130987,0.2719497934911201,0.745491365900802,0.38133057163043577,0.4179260583932853,0.6425829636096864,0.6739962589805754,0.823306525118224,0.511611228106932,0.5167869943602474,0.3912372956086441,0.3994036051099245,0.8378518665386131,0.8297458610474936,0.7974762727946624,0.33415473060086626,0.4542171806502639,0.7426289270739326,0.2478650362165515,0.529191518778197,0.3619027343369232,0.43042179631530364,0.2894412899506233,0.20521645706598363,0.3492040084740701,0.3213324490390258,0.2685902104610561,0.932137768577175,0.9176276675199413,0.7708717808238389,0.7752853490291869,0.7360740022173222,0.37139524390717854,0.7828282332259164,0.3139170491223644,0.7048270990045501,0.50961755562565,0.5466890025547171,0.4540892231891696,0.46037915779933575,0.42791500245853153,0.4252431466645482,0.35660338355656557,0.3170988029137253,0.37427103079676044,0.5055872929124139,0.194285838475195,0.3731387090795244,0.427531230764918,0.22486734978030679,0.44598139875258325,0.6113595362409143,0.2989362411005325,0.9481119061613189,0.8651337327952875,0.4023187993838673,0.8689928079875959,0.3267881750854274,0.1651379736777868,0.8492759716477453,0.6304512256592322,0.22125725252144005,0.3677958355350504,0.498755608957152,0.2549877933168412,0.6675053759802142,0.2239868264542026,0.5360074937076723,0.05055619066681754,0.37614045853018013,0.576638087754298,0.4546965654871873,0.5739170796756016,0.8115574597859206,0.5931395158516891,0.7823380743852199,0.36827109001635794,0.1503435526393796,0.014499180456911502,0.8777767093793555,0.38924165685513873,0.4792018296204085,0.44205876827482277,0.10714986699155488,0.3578150205314519,0.4717496151643662,0.7674948499327737,0.3387615731555112,0.5493686097816427,0.4830012870200844,0.49831459292011465,0.6525265594280576,0.25145736686796527,0.46443577413938436,0.005025523257535436,0.8495119124589745,0.45728245868076367,0.4203215015126934,0.37668782050215854,0.5645941405681555,0.9147714580999902,0.5849736007396418,0.843066927273966,0.616703135930813,0.3652523540299586,0.12976745568311754,0.055726767965974595,0.7592586761569949,0.5032881351470447,0.48895227987619877,0.4180841719393813,0.704158983547819,0.14535683717670012,0.8456601352679007,0.9088202978797508,0.5060825138348781,0.6315451981950121,0.48576275266260965,0.831742321408385,0.40316457036668696,0.7376565055812428,0.6161166415642898,0.42442415661000243,0.12300986135596663,0.3898321573995721,0.2561342819330943,0.884978177730109,0.7489874097397121,0.606785534163959,0.4308446688704832,0.65733559624938,0.6892625718998933,0.6349313193608042,0.9076801318640723,0.5185480644082977,0.46183833272961866,0.5997887397334258,0.6025423203284931,0.6071598884751344,0.6099182244073575,0.5752301708736852,0.478385454816391,0.24193590978261253,0.7516169191930647,0.44058677923431117,0.5667461846955908,0.641911131147849,0.5029337881339264,0.39832059026666927,0.5514995685004896,0.47337739808728124,0.7859212371805431,0.3634427239588263,0.7237192826540213,0.5977260242565112,0.2973871512741753,0.5390959487035428,0.5803831292013297,0.6649383683226796,0.3738804053700284,0.4036846504434526,0.7173457902138586,0.6223358795496701,0.5654817853216005,0.788274336042878,0.5235940755270979,0.8038182618438855,0.7879204436232018,0.7603536933900664,0.5347049674771506,0.7464627364589632,0.47016946397257103,0.6267029447201018,0.4949373054719881,0.27151609249255015,0.5570162737549108,0.3596484831472287,0.3500380750368978,0.12406930193000422,0.4475948336967077,0.5086480101151009,0.6935731349621492,0.377076280987032,0.5572042857234616,0.21887993092798763,0.3613504021967961,0.47196623115113967,0.10464463579392334,0.2559741779296824,0.293835691204887,0.4456152752900952,0.6581783510239743,0.37555711798863345,0.809764577270148,0.46558635953476546,0.705553157120942,0.4989260919025057,0.5906026609231908,0.6562861972868795,0.21524162816293668,0.35830563026646833,0.2741320779678177,0.24616566860240882,0.13921531636455747,0.5627702782501761,0.4392197712733271,0.36572022228579404,0.3967052665691922,0.5955978213438202,0.23613831023278625,0.45726480004625464,0.5590630204072156,0.44847590861744485,0.7151349606622569,0.3758915290257435,0.31806499348008027,0.30404909874881214,0.1669683980620142,0.2753418060266133,0.26937426637019385,0.8317251051761418,0.23798293569216822,0.04890130356599054,0.764806582503885,0.32109497478633947,0.778199555371299,0.463115077438562,0.7968018579736608,0.4137990803490785,0.23302336968379342,0.24723030145798106,0.2723374353497337,0.2135192565565024,0.28759011330101475,0.7048170080454212,0.2873965437924025,0.09453702282750108,0.4307939222712869,0.6900521674663307,0.1666789364234021,0.2282444134957686,0.2779810361362016,0.45066166665476054,0.34642326790086125,0.42896830055496177,0.3488488165141818,0.658691371146173,0.6307223801162505,0.10000277590369934,0.6461109203650971,0.6631412312944357,0.28268470750539515,0.3531584646460577,0.5373881305954585,0.30297765915780306,0.7478227176913423,0.27019994628672783,0.28709005865962955,0.20853203050374794,0.21728081776922162,0.6004113362344137,0.5533271656758886,0.6158177498179042,0.7086521373797774,0.3442275511633071,0.5795830469452894,0.30105508844390433,0.12787124336679384,0.46589181005468266,0.6471421677402449,0.5888637678690075,0.4519156899261574,0.2266969156334973,0.6890909935479951,0.43836992622631704,0.695722005586734,0.6358938999795557,0.8520140427280002,0.31861159977836834,0.4834092788682899,0.7767650681065537,0.7738256428966741,0.3526237660843278,0.6960460472145277,0.36099348330229486,0.47067668655717826,0.4682696696265214,0.6581319337025497,0.3853304853112937,0.4727574406982503,0.12081657829627998,0.07557505040769291,0.10445832065734721,0.34296412376690655,0.5038983515026053,0.3108920529977599,0.367443491103448,0.4190131400032641,0.21262566905934577,0.3520411406918463,0.4065259117744426,0.3926791128920315,0.13652398728207382,0.48630789264725394,0.3553196469183468,0.4855875923982121,0.5206755407789795,0.4450388843975147,0.4336983152222594,0.6549508968995741,0.8483771107515936,0.43761501594084135,0.39903052144309187,0.6116872584875727,0.5148891703049489,0.6707018696744741,0.7696142055640796,0.5858510214515084,0.7666082045101571,0.513855954316879,0.09311395150807633,0.5190585561073704,0.06294408134157724,0.5469595250630684,0.47988083882604715,0.44915223978756313,0.7933022896911616,0.5335355271504737,0.39423324751460126,0.6000223692063726,0.48317282791450533,0.1139813293894016,0.17804402098898797,0.6098893861667763,0.6135648326355572,0.34603071343732644,0.5665824792627381,0.2947684914461593,0.6619473048290951,0.8181833869412113,0.8022752911906167,0.439598712174157,0.8065936205192199,0.44172782712326336,0.35942608815791915,0.1619303711314584,0.4894432895816969,0.1960190943611744,0.48468940685122947,0.2587262860514106,0.45596833012711324,0.7326035508804399,0.7444751850244832,0.16039258877424611,0.46783598552444705,0.1332664140309396,0.15068603420028237,0.3415594024145009,0.626087652421576,0.4319321356233274,0.7511507442393118,0.4541420748539336,0.22405738486108992,0.7752614158190859,0.7332269350294663,0.5532039163512308,0.48803436511358195,0.2726204540916227,0.2561104453658914,0.25982838797761826,0.6463149923246586,0.6317802795864861,0.6122555768071803,0.6170622823516316,0.6309361372078341,0.5930022825279316,0.601515147467605,0.2111788670401791,0.7521321931623359,0.3397567935303999,0.30668256371519653,0.7783200480839589,0.5116535239266246,0.140341136876638,0.4834343709532774,0.47877174166663966,0.8017187129776914,0.8167253578307759,0.5504971136886714,0.37789136476290014,0.2859898232750891,0.2985991049208234,0.4669418812773087,0.30705763136026937,0.298130463531949,0.39518991928044167,0.7463290353077782,0.7540138820650449,0.7027736365557641,0.7134288357085433,0.7000509460842268,0.44112366232939604,0.5692703099640599,0.7452248651241797,0.7734343853760426,0.5831519733841438,0.7902363233862979,0.7319206578186996,0.2512164506418293,0.14374887892945018,0.14123651275822385,0.5535652741020047,0.5439532399726384,0.8900411262912388,0.1647436328881374,0.8279871238723341,0.4436189897039322,0.5148598522385642,0.7840110886837537,0.2180316107526308,0.6034793426483402,0.34930588196354234,0.3307662653065583,0.4496119695599571,0.4932526999643161,0.18846892719049207,0.22168432865715346,0.33945717353131016,0.7137557269795549,0.675177430668409,0.641746848552425,0.7747668391134231,0.2561432793852269,0.40341258045142137,0.3143747899011317,0.19209467500297164,0.1622321866186161,0.4263940559426917,0.5848768259932167,0.6285219367199355,0.6318157741705406,0.7871769421485793,0.16860679205190146,0.4132539042060138,0.15878518028410743,0.8085697812290454,0.6822556633430151,0.33197060817996277,0.7101000260567184,0.6649946590323753,0.4992478176916207,0.14931895970042672,0.13005906075041826,0.5520842638809329,0.3186465794492771,0.6917007217786029,0.7821987538989182,0.5005600947714278,0.2008844628956846,0.18280046525989505,0.05850612760858331,0.05467883329851139,0.2852752042056712,0.28840678566206046,0.8492807716832996,0.8676774625141883,0.1678476558634376,0.19213075514722833,0.7684216567372372,0.09219228699483673,0.36040700179780655,0.3998254965637207,0.4426426857995758,0.4470392955969342,0.5948865772037695,0.581762186066765,0.5515390285158861,1.0,1.0,0.42402820732785895,0.7198813594840987,0.0377737460619182,0.2323020485059166,0.5214245047392523,0.8843782600780576,0.9777727132240982,0.6978055798400379,0.6758733660754858,0.5063532771448933,0.3561918119919175,0.8059815906757063,0.3396954376066174,0.3331529196782559,0.49016383187961887,0.47015787010443544,0.48625411944418956,0.4893680779686218,0.516568476628394,0.48426832435889267,0.41210621832005373,0.551757296534083,0.5214612041959885,0.394992434647285,0.6146571223127725,0.6413014445419586,0.6411223311753843,0.6627713198640963,0.6366964299970579,0.5956052742657497,0.6298098970560582,0.781661156055717,0.7202943377052008,0.6741418970414177,0.6308718225261307,0.7454609211027698,0.7983652737068281,0.28774576850297107,0.4377767665478929,0.8043864942677555,0.7338243604162074,0.7216005118319475,0.790337808931173,0.5742047496376782,0.8258643264533789,0.5240163611510111,0.7889540108933669,0.6879680065744033,0.5219992966940965,0.7058713204150013,0.779475554424471,0.6497252364023031,0.7144507257448757,0.8618577043459058,0.6725439223066505,0.6188655347812093,0.7805608427618872,0.6056353277872835,0.5650401030716258,0.797021970512226,0.5964876209545794,0.7483748133387395,0.7863936079335037
125,0.5187757039195938,0.07439469752729444,0.5426621091617915,0.5528410936772833,0.4535665128092516,0.6026268253513302,0.694223054919335,0.5097561718209049,0.5734006729121687,0.2371029091626693,0.46062983795211926,0.32283443482921576,0.5829272235704596,0.5366191540893457,0.2743248196463841,0.655407017787975,0.3660054486038599,0.6215913064896483,0.4363763796231199,0.23258458199037838,0.48420286931079726,0.4425010490814574,0.051220406469817785,0.4343424684490131,0.5195689761711498,0.48521355106837905,0.4863098539360286,0.6091399080514099,0.6082417615724911,0.6782106356759752,0.2064078324116006,0.5246049127931967,0.598648121390155,0.20588438932881065,0.4916617741502861,0.5338991966748573,0.4789603837296648,0.29127647279987107,0.22859421018578713,0.2613948872854065,0.36164058507423713,0.33478267184112054,0.7118603676053834,0.6787646948425617,0.5895213994128233,0.7042543525843463,0.6325148446308178,0.5100286876410316,0.7062389935488305,0.4865195384570767,0.5866949210413739,0.6155834857263263,0.6417307111586132,0.5175388589357706,0.5779342359241141,0.4652663191769299,0.36536914841668033,0.4093200723437292,0.32282867836233814,0.32311040813843495,0.03853560234683824,0.21491281695239378,0.445520919934055,0.3524689741894287,0.1469792973854238,0.3769876676555663,0.6262270318545651,0.4981064329117429,0.8006298333616393,0.2946956734462203,0.5601069992886311,0.6962772740005373,1.0,0.180991036502003,0.6515932405380868,0.3999646341661238,1.0,0.23650260125007985,0.17433800256145465,0.33858074804504984,0.8449262595881213,0.2608679565401479,0.3655861975539513,0.5482054788011429,0.550574503817835,0.6019144108154126,0.5139145301629363,0.32374050778918373,0.6495932018710221,0.4134175376851254,0.6136198184485641,0.4393351174099073,0.3463365715943352,0.3481806939068482,0.6099756473489648,0.3282052133665655,0.2050875219436621,0.44703128356314076,0.2826855955841977,0.34369292327994927,0.4315154588725932,0.48374947342638763,0.1625967523012197,0.3808409737489093,0.4295177032022114,0.4676046191276233,0.6090260081823483,0.2554584409973874,0.41522143310430953,0.30494950412871896,0.5850668312592782,0.48553398900071004,0.43145473301978826,0.3633949099598882,0.5353543217772622,0.34803580788797367,0.5590597149617338,0.61408379034836,0.4195312299083896,0.2494676745727646,0.12151324590102923,0.3039122284386676,0.7847533513849898,0.5828067498874075,0.537677499585744,0.5249237370916295,0.5607715573073271,0.17001169357601006,0.7355132622569326,0.7271820901878285,0.4338193868072236,0.3355172857688315,0.37550949781924164,0.5125121325817601,0.4187918919227763,0.6349030263228618,0.8570281640519795,0.42973828794157687,0.3286308032389445,0.5731783593575018,0.24164979298454703,0.9178932800374356,0.828708010943048,0.581641362790702,0.4120232818045728,0.6052460110674629,0.2663334378274833,0.6417909470762521,0.6063713863085122,0.4822928409806513,0.3782704869281093,0.5977806313940739,0.595355389088958,0.598705734619397,0.4298593675805707,0.5720752140217227,0.5126128023911684,0.34927530685297464,0.42423986596640717,0.4789110839616747,0.5901616089148393,0.8682684003623121,0.5074980281343727,0.5948938956187386,0.47745286475035176,0.36916964532275665,0.7339853154980218,0.31624237603233757,0.6709828822510318,0.4613507565304754,0.3553440823526517,0.5524032342639541,0.4596997728324567,0.65348096522219,0.4142645999161754,0.1682067291012252,0.5687924646707124,0.6250670432380608,0.5834630417270076,0.6479667014744144,0.535925078147869,0.6278312908436192,0.6417968720233632,0.6045636163665539,0.26740884292057265,0.9378426269866261,0.9835691949614962,0.4594262635563234,0.9826074597397644,0.3824218464979567,0.6317301238084149,0.4238801263382375,0.35133089909378856,0.304715511932766,0.41431102563966354,0.7628614903217079,0.7618050736311781,0.6612586799477697,0.6418743064168088,0.31638120820233884,0.40614032601449523,0.49522602185321124,0.4109878273075384,0.2807593011702613,0.4207616588585025,0.3897289706096223,0.4098678409947498,0.32140006293835743,0.8719958964975391,0.5318999062890567,0.5799049222049962,0.5685970187430835,0.5940494658674437,0.5288210658931451,0.3991993416628137,0.3534726399164063,0.12681027699764447,0.33285413135006536,0.3656831186424241,0.5659342221290308,0.41813514101651517,0.18887609254386806,0.9915478432519454,0.6541704403004526,0.583001609166161,0.509594898941938,0.5791960299195873,0.5255158003832195,0.44588106692449037,0.24042152709780465,0.2628381629593295,0.10800227346475189,0.31357683927461444,0.5523658395187144,0.48401957478287216,0.7361512160747984,0.48978689773623385,0.14127007669410666,0.7258894463312755,0.37592699696698595,0.5993373588227358,0.5631393981771871,0.6272498490027046,0.6012170415547029,0.2832437374504971,0.19846876706704616,0.09894736911112947,0.3280982745424435,0.18950037187847835,0.5576162906569717,0.35202297940198607,0.0,0.677803260306294,0.7241095977696153,0.07339275564076271,0.1817958318687276,0.29368892565443067,0.3971320222544335,0.33618472756592144,0.35512692826731446,0.44497020042183044,0.6534598777495144,0.6341120941931142,0.12955258615548498,0.6377165974791652,0.6721302432154497,0.32924197254168375,0.36564735565542694,0.4451590960259269,0.2994979547989341,0.6878787943156461,0.24096005701376552,0.2866931730223899,0.2784730134194908,0.13229248162974744,0.5348925248323956,0.5606632920331167,0.5005279029460644,0.7441184389136564,0.2441204154500139,0.4875632156935497,0.7024580015421511,0.33476485371885045,0.46190719978440525,0.6977737798753445,0.5688353564175911,0.4381782759436492,0.28088400661212565,0.620677524802198,0.31101822710353716,0.5960370864265585,0.5353612628129776,0.8122997206453683,0.3349511443956091,0.4502121455013842,0.6266062832798076,0.6047619937239082,0.24535607164374335,0.705714004701518,0.4909249783475892,0.46225563525082247,0.24540921937842644,0.6120908621482414,0.34887617488822315,0.37014722577300985,0.20289320726422846,0.17117529063204331,0.3031360352278899,0.332378558328675,0.6630543228027357,0.2547503151222741,0.4507060331696021,0.5409359931754426,0.2555105116048421,0.4853127088510126,0.5239361250159644,0.544943760287569,0.2267796504402907,0.554047077218442,0.12013098737039493,0.557884689332274,0.5770069609582535,0.516083101607104,0.5941781153506128,0.28506496124735,0.7299811510198617,0.45932678854353337,0.42709555453829035,0.4532151371730309,0.14645185125072024,0.5398313373323393,0.6105248171657881,0.6158764514412287,0.6221724102135539,0.5788707817081103,0.40037994680610933,0.5844211470369364,0.3865907047804212,0.5682195249652412,0.5703323953389707,0.4279350704358804,0.4541071755619781,0.569065641926386,0.3475970557630084,0.6394446667480829,0.17187646281290384,0.17565771328501079,0.23237941155768085,0.6312088819198973,0.6664778214513195,0.1935003891714086,0.5732826902072401,0.16490009326726293,0.3708002033763391,0.7969840446460769,0.8065540335544351,0.404032837876396,0.8026483253258273,0.4036616347420631,0.5072115768613167,0.17958569841264518,0.5713104414806774,0.22049302160264453,0.5791828637475815,0.23600975627498536,0.5065908141296277,0.7525157984910202,0.7533234991205505,0.532999436559045,0.6331866593857987,0.4770931347200125,0.4349638124687379,0.3883813865611926,0.6618096024971691,0.6118386374878694,0.7490281632482476,0.401529000346885,0.2691462219250799,0.6200207238629082,0.5360667404022655,0.5187130662399222,0.38735580320044716,0.2887157658176168,0.24743943015882405,0.2660439149842208,0.4218685153688494,0.41161821595022746,0.4200467527518968,0.44910294116068833,0.546319326835971,0.4107743117399266,0.44436428664927324,0.23747826137053932,0.5508074586947272,0.7059570695204699,0.6450104700278441,0.8059383743704872,0.5062936342027717,0.155903152050141,0.491149541971299,0.5019152535100736,0.4888405668907795,0.46196078623502296,0.2656787008454338,0.21448528859546945,0.08806279457253609,0.3256585727036025,0.29378690909531513,0.3957200701265565,0.0987163974960755,0.4517080513145187,0.5698912519531182,0.5671014901331547,0.5888451452151644,0.5574820183701513,0.45683760957110303,0.31882529343320315,0.5919436542502912,0.5253709412456294,0.6275510423083583,0.5767412617821145,0.5750543873029986,0.5602626301408365,0.2234190459698272,0.20118577915881733,0.3816631872047571,0.5952037030592868,0.6245919892291005,0.6524014600251943,0.16491062271555973,0.32607180163054117,0.5513927566644673,0.5102885067734911,0.2942237864267854,0.4186721455772528,0.4012364413888896,0.3777578576812594,0.3280490482530708,0.4175379894460662,0.24852438421197395,0.21716071174315388,0.21634498748014666,0.4819689453565224,0.7143111691634924,0.8961224378557734,0.6663926321237461,0.6320714869040857,0.3530954758573726,0.6818816974145809,0.36335272577710587,0.18414636800970138,0.27895213505248234,0.6680951160706382,0.1787361312203011,0.39854955576524076,0.7375919795354924,0.6537643781323497,0.061748969724842354,0.45464266231056505,0.14680045772880806,0.8332609728731444,0.7478723578357365,0.3592390699511267,0.6005785610131312,0.5442133766446174,0.16259650832581982,0.05041035637537305,0.0935084726156489,0.17816068124789253,0.31235549273493723,0.27914854315185894,0.6341754963776293,0.13385425327436387,0.5840867885282934,0.4188217511112354,0.5911326188202817,0.5765245343790107,0.45624212953017435,0.442752009150591,0.37447722863269267,0.40146404385317586,0.15430416595836444,0.5446756671414007,0.6185940563020259,0.5298532622658089,0.5418574647058713,0.5952041908269216,0.6042697018869537,0.5961983584757858,0.48580708057526356,0.4583666874923873,0.48782262226305306,0.48320722949268935,0.5342294978899128,0.4822071537622268,0.7654343267795477,0.642089573715878,0.26716730878475714,0.6715904399519258,0.6697453987397506,0.8359158672597581,0.5216209911662886,0.6198015097068333,0.7096741269314155,0.6122765341466341,0.6657656611988698,0.6084150186340479,0.6130593158830046,0.5433026904579346,0.736539086978816,0.5499701464993902,0.7743714399759946,0.5701294784089456,0.5382404387776148,0.4833308973553471,0.6364985179291341,0.6259614820012396,0.5868898412926578,0.53681395352379,0.7553378461162824,0.7524519759562487,0.7531204848586064,0.7822433863602686,0.7378240028161347,0.5944575077261928,0.5915559227757211,0.7391830385970073,0.7884129191393321,0.6649986363241714,0.5631990703294992,0.5777298997906218,0.4383293078294647,0.7156691455781846,0.6279990201064273,0.6100392772304913,0.4673173788946569,0.30398480600788325,0.44982261056689926,0.6297695350450206,0.5811080612112522,0.6302252090836201,0.750372927104585,0.2463682653119022,0.737520141869777,0.6154248910343948,0.3389846151868432,0.5494966511837572,0.5858801491439486,0.6179011507457152,0.36008954492803896,0.6375718288848344,0.46251401703066153,0.4739786812500126,0.6240746568306511,0.8437449079359366,0.5912749456292893,0.5802812266959486
126,0.5743392419619734,0.277497737155358,0.6573425970617205,0.6379070053743282,0.5191040678816486,0.7846513477217056,0.6518297056866724,0.3003612352339465,0.568052952645677,0.3802450771736391,0.38770384477252207,0.40135825399408703,0.7049863403352098,0.7030361692216897,0.2305000979318424,0.7470564505837234,0.38551823470510305,0.722418487851086,0.4734677985623953,0.3912542637110827,0.6179545132357125,0.4351714385092668,0.20325846986296972,0.5137754894375904,0.3931919902622683,0.21190558628486414,0.46734802375063356,0.8007371111548099,0.7901527784143566,0.6326383156881826,0.33665067501561147,0.5297002841288416,0.5740658362572673,0.3335248136938636,0.566924418241158,0.5439435162328732,0.316156499927443,0.34195791176390095,0.34465879007601946,0.45330618625608,0.0,0.3589225633397872,0.48997867581237586,0.4192412597956153,0.707801133661157,0.6932034990400499,0.6389773833790826,0.40356864151464605,0.703317349123314,0.6275517967555729,0.6021779402809699,0.7459429642746106,0.767904710360826,0.5065996375997889,0.7240949861715147,0.5264363446332113,0.4053742819462703,0.3709440364142963,0.3477575583005548,0.3679242382397609,0.463683336547711,0.22686913432247033,0.24971698520720098,0.22519158582993393,0.19253596861443714,0.0530683324298581,0.6304470274220545,0.8240608059458352,0.021232631988175647,0.5964665323394673,0.5604944772005775,0.16297904271117258,0.31359894911625047,0.16367514000340147,0.1689389320782699,0.7120542354569005,0.4658687416422795,0.33059777765407217,0.5944247078814237,0.3290656703248955,0.3137939145111628,0.4271361201577909,0.7553463508793214,0.18911151345263827,0.3277764584903057,0.5245769940872788,0.3821895309788981,0.4789792099479212,0.7437986652523286,0.5679944008418074,0.7532648045861987,0.3980011850810111,0.3939005988103357,0.04642327445695926,0.42792444857207634,0.877629957845405,0.642480858162084,0.4651177104143384,0.32026261960462027,0.3575024833477657,0.5088608425509018,0.46957880534435636,0.33424104227799994,0.3563645954766931,0.4474927542272983,0.45649668817698325,0.508797362951522,0.3285595194205727,0.3886211529860284,0.03747850595212307,0.5084801128424776,0.618360802921852,0.5033383669549468,0.2026081046245342,0.601340748977811,0.5730704738213112,0.5976247406182242,0.14630717479735317,0.5196649462981004,0.5587086492429635,0.4229289751700966,0.4400404163229862,0.7484814689420725,0.5493356163453601,0.7535949659437637,0.4970813127054506,0.690704400615063,0.28924718209934236,0.8227287887105713,0.2022246225161537,0.24175770216854792,0.6453761389345822,0.4526446197386908,0.37998755693036773,0.3945393517664861,0.650890838560753,0.5156379002141492,0.4164357457989416,0.5212178700027604,0.7141934862559585,0.23434175034554489,0.9451182946610011,0.8030679136894076,0.6357491553174313,0.49505337815593875,0.6717934856267377,0.6787238972876688,0.6506859570938587,0.527853541731004,0.5926907580999777,0.6411543213076148,0.6910659876081237,0.6531491606632804,0.6429690409976909,0.5871311818102828,0.6189199459479541,0.6204819240014015,0.4189848219086359,0.5861079887410323,0.6281576246837521,0.6042927173923031,0.5907059218910315,0.5672286443355605,0.6981511792370124,0.47691689808599086,0.4740717568601667,0.759316807660022,0.34796073633449104,0.7093486151748152,0.5826326538858647,0.35262938918264747,0.6203139268744919,0.5683438636602799,0.6819855942717379,0.4040990539016811,0.3350395131363343,0.515586849668525,0.6937133352277431,0.6529385042879189,0.5943736798334585,0.5820762418073093,0.7327075521569929,0.7261337352605555,0.7134699488317628,0.47480735107191374,0.6565308110594779,0.39299233486011653,0.34506892389577065,0.41404196084652245,0.5506910034848945,0.7839571455824388,0.2724211491599389,0.5031813091214471,0.1771011322208509,0.4574024539583013,0.6898782355276808,0.5672380645104786,0.5769151338712761,0.8041103798421982,0.21060183145334463,0.41650654333020193,0.5634919488551704,0.39580016674860685,0.36973684504632576,0.2420702112110692,0.43012668846520186,0.4313405111086694,0.37430207411432687,0.9089864573447262,0.3807600088494453,0.7022831000801418,0.4561002761383537,0.6640810707495151,0.690028470553572,0.4047604579377588,0.26057638216493095,0.2540774935152052,0.2574137651790509,0.5617329888707064,0.5323634148929145,0.527915967447174,0.5253066774513013,0.6214591261748779,0.6322775966756979,0.42170830404627996,0.5249704113324734,0.6235149893094964,0.5343846211611342,0.6464240061125651,0.2813393420729848,0.18448856337447445,0.12385044872224278,0.3321051182424958,0.4924913479908011,0.3368747144114452,0.7894731807477248,0.38276566385931104,0.3332860368359292,0.7150466344027623,0.31009234042864586,0.7071880615636752,0.5327654390711739,0.7065469335764215,0.5912323524290534,0.2466801054310855,0.43916137919075054,0.34282910571646524,0.4138842658000085,0.24082373575232674,0.608242784072914,0.28352333796661555,0.20909732594381544,0.6376120134473726,0.66514580383568,0.39918618909967213,0.4480607393486696,0.2610602183708839,0.39195134307441837,0.3315983687289517,0.37223256055273096,0.3651520842078832,0.46808899619524486,0.4531718272323075,0.24752227127785595,0.44808922926160394,0.7042509203007811,0.3936356055591265,0.13108347863306094,0.4743810690500447,0.3062889043485519,0.6253765367640999,0.3148941420952493,0.06758414097222021,0.17508300877355995,0.230844076486439,0.6257305687969751,0.6745981603521852,0.4738919064891761,0.7091397034489015,0.26124599607938614,0.4972402741952138,0.4518808586786709,0.3297927567414361,0.4600154637137012,0.6783888017863198,0.5550024406129284,0.41712403517684976,0.25027744986269723,0.7174905863069642,0.46150533748740674,0.7103487551763207,0.6344232561395381,0.8688572834391158,0.31941385711344866,0.5055995956472991,0.7142926488498085,0.6720141082415347,0.3798676559389798,0.7804943117237075,0.5766750909021039,0.5313661709333549,0.3820647175435482,0.7026946135316389,0.333442851283,0.48953255846944405,0.19431129236183764,0.19752445621550277,0.3703721083902029,0.3468293142523708,0.7633146339098358,0.22432092697592196,0.44249578809777573,0.4920053981243645,0.1397945269544825,0.5667617795164412,0.5394185894068894,0.5479079213568098,0.31982998141587804,0.556694215341825,0.5802037762432904,0.5556730704037807,0.6807846203231867,0.5121612580715769,0.5581480030680672,0.4657645424028273,0.7332069561274154,0.587693331729613,0.541887532323967,0.490186600890942,0.45491541590047074,0.6175618115736375,0.7094634571541315,0.5661994791304621,0.7242378044349249,0.557192539890567,0.4771977240078012,0.5650667901350362,0.44010977430616366,0.605527698969362,0.5479310328957061,0.40991598070281415,0.5194523837488124,0.5021321171224491,0.4192066516779761,0.6558343250175617,0.47640453910497554,0.34852548969753416,0.16736155462192925,0.5892332609035087,0.6224878852649272,0.32410301408046344,0.5030272817231043,0.29939036139659353,0.5367914875108204,0.7960875019788026,0.7983813507805678,0.4773716202471546,0.78349337709134,0.42456649652272427,0.38315963840574296,0.1463352966536,0.5936960422339271,0.2940883930419998,0.5853140706323199,0.31421929096370327,0.504132358358848,0.7284074138504153,0.7379380410406936,0.5128530407494989,0.4148208745017098,0.5760566706790518,0.3937573033448301,0.442401984536978,0.6781262355200437,0.5840545286118224,0.7881500290547615,0.5546819618932218,0.36940547135592744,0.7225338956971783,0.6249661634599529,0.5766123200037014,0.5246722893048462,0.36340600467161505,0.35582733938994365,0.34903085880515655,0.6046243547728384,0.5863906009292147,0.5368711449310906,0.5533084226094778,0.4284565840568261,0.518376677638137,0.5371829397497133,0.35180496855425986,0.5669995296675323,0.3718824841551685,0.5871076434708624,0.8358916200067186,0.7218548904566378,0.2096124451991295,0.4994742231796511,0.5018920788640012,0.6307593455592884,0.5525877132754686,0.3811681035300754,0.25565013999560815,0.35583842092396534,0.42088099618128694,0.34581412506421105,0.42108127390542577,0.10903790406442661,0.3725558414111256,0.7388389962398852,0.728349461241532,0.6674110596852553,0.67302271171233,0.6589975084586608,0.3694219111438047,0.5764924757594623,0.6930367573536188,0.7324430579803997,0.597696957281532,0.7255716914803336,0.6557015008819278,0.23413870875439385,0.24094822166902055,0.16828875863232387,0.5966220987909139,0.60335472861577,0.7157219898035417,0.19964525437515881,0.41247334217274334,0.4233360379354928,0.4725251795451403,0.2880732026487426,0.4036515525088128,0.5508867677372732,0.425498219631193,0.3520268549974992,0.1736997712563638,0.3237235962882887,0.27400675515935397,0.21196452573878113,0.5025608402730883,0.8013509320050757,0.8134997860548682,0.5945770061625141,0.7155699633125295,0.41088965637365177,0.7176328864733488,0.36527665877053805,0.21317944406096678,0.2855086873605,0.5726135306702574,0.3106394338066938,0.6197430887854949,0.5406131900581357,0.7442082410464487,0.46407978293647345,0.39209346758607083,0.12305207116067061,0.8028587198850099,0.7642567110158881,0.43105923936220053,0.6641024343559505,0.802688364954774,0.5644512304227607,0.3994993265320565,0.3765696042382861,0.49199168235599794,0.1774969347003822,0.5365937484159589,0.7373132501282319,0.46996856677326454,0.5212699804321667,0.2999648636214562,0.31698000737886395,0.30221808265870687,0.4386932440484503,0.4104521463896509,0.6710931800820376,0.7409952564689379,0.13717060009978865,0.3018441318255333,0.7582350210005607,0.33273387402692645,0.542111603013132,0.589083341665536,0.6139549239336594,0.6215620458013318,0.5808460565718891,0.5774107680981685,0.6930010754966396,0.6742992915558422,0.6810020319642154,0.2644485736411088,0.5424284436741362,0.30116266346813425,0.32804677361501533,0.5788140982900383,0.8010279973142495,0.8340777003530956,0.8432810251231434,0.6603794251526146,0.43932502030158077,0.4378372767520981,0.7605687438344165,0.4935689528164379,0.5354078035220237,0.5462084544907811,0.7063212397243652,0.5525857473187784,0.7255352907404541,0.5748193475638689,0.53030748299706,0.4665356449304124,0.6394673749682438,0.6366792819024112,0.3880882908067448,0.6653729838606298,0.7347324783378182,0.7321075617429846,0.7404142915995972,0.7260194596753884,0.6640122170636724,0.6661392858872203,0.7282859279598737,0.6926779955535766,0.7276415867726853,0.7350104183084721,0.667970912530222,0.6849089192901887,0.43146546571133226,0.6870541014140291,0.7540395108157458,0.8506250209012959,0.732499491257969,0.6479461706671277,0.2262399863119573,0.7626297382811482,0.5302441714236016,0.743013099167082,0.7436825237737141,0.43305942261408625,0.6765996454456643,0.4998352410549994,0.5638546480090716,0.6187679290361804,0.6473026893179046,0.5506864408077122,0.4755795433408883,0.7119247152783351,0.7671467389266574,0.7735971384638937,0.7513598217908061,0.7928332128601933,0.6382943727442911,0.694229353082441
127,0.41709515507269984,0.4722709443558805,0.5116973218600837,0.5232441509178869,0.5027812516641837,0.4849238628672258,0.721445196946323,0.27576838532017633,0.5680601790025427,0.14713848384966147,0.5045999086064142,0.33628203531347595,0.7047722581731222,0.4763711378032602,0.20968406648168278,0.6206228362672089,0.5994173162948142,0.5841208197385491,0.3259283981367719,0.43400653937755923,0.4539813170126397,0.42979007948847764,0.326293863515764,0.6086221923721282,0.6728128699662634,0.42151501166326816,0.2589239164699269,0.5103200220975209,0.4990395693614071,0.67716663636959,0.2641791136164884,0.5655956612094678,0.575430629961075,0.26112357190647595,0.5364434995578317,0.5413873131454421,0.3665512399162102,0.375883401260377,0.4781980411628926,0.24493048797874012,0.4048768429757064,0.17607622287456282,0.3392246211121426,0.2692627605621983,0.563414406381688,0.6986682395756126,0.6417948552193541,0.4519105756398646,0.6978108369962635,0.6223332471349314,0.6134375071170374,0.7993753695490131,0.41566557060134834,0.565728319885417,0.8018130062930394,0.5663465538293496,0.45846140235842286,0.4151172448922193,0.2946742884614042,0.40910641137972936,0.40870947998166446,0.19568525008102644,0.20334311129830301,0.3714721585895736,0.13126150340938839,0.42319068008756167,0.6132380488129455,0.6893337238939988,0.14872586005906363,0.47393838898503454,0.4926362030470411,0.423216900413916,0.12947549613540604,0.1782355921617845,0.44875128420242194,0.6704672885738643,0.349341809366188,0.08180089480609669,0.48884542247173257,0.35602168297190134,0.6257591473415004,0.21880673207457266,0.40089239479615546,0.5134035105683991,0.2836821610198637,0.7542659845344126,0.6545111887563001,0.3473054490731486,0.6156500871084554,0.44792698738060066,0.6008564619880501,0.15397253676391973,0.03281503953343575,0.6547805027463257,0.39489673858247254,0.4606849725044695,0.40667798788143555,0.6595038387955773,0.1901025192880802,0.612755343586342,0.4851435890760821,0.4824828172130772,0.2691136041675617,0.40061815387604494,0.5126177059510147,0.5313101244546121,0.5513160036178825,0.30059108980261023,0.4936167271747035,0.6212807321639535,0.07118983769883588,0.629233161220937,0.40083305117994755,0.41022725696665024,0.5778339188098996,0.6367924514396808,0.5939298180058531,0.44631055541394216,0.5297669459035501,0.36777086344673277,0.09913243329792534,0.2321777679987231,0.7700986610101361,0.4721747638270843,0.4869911620313785,0.3872984137041474,0.6212486471995884,0.3424396938806845,0.7553701902751172,0.5134933110781437,0.6099570119295874,0.8087011706723104,0.28633952449629435,0.2602204001472994,0.2299097054051452,0.6090772439820323,0.4641759924017214,0.7284285614261468,0.2942257793646626,0.6735867734388192,0.6398719709383193,0.9364180818717456,0.8273644369108036,0.613897383590871,0.45936505195886024,0.5128648585909916,0.0,0.5358624576953911,0.5533849776080789,0.5895429982861934,0.8406585720680568,0.5331716371840719,0.6369197756749161,0.6340640749420798,0.5179862138609503,0.6175432892691104,0.5947410136997074,0.2285170276936513,0.9900316056615425,0.32076862430504355,0.4662573565484501,0.47665340301147346,0.42225934397399967,0.6371458766093254,0.4173558207996518,0.4289358342541018,0.6730955216622274,0.2945804190670292,0.6784516619745952,0.5328306207080977,0.265292581987853,0.5896029163391788,0.5163472468677675,0.6633585443278922,0.4523014787990526,0.34729136636388486,0.5267617454841895,0.6553242811071227,0.585112514166432,0.6402814999786286,0.5262570178222079,0.5964667309488797,0.5929194361397948,0.553880832430941,0.22376672082136298,0.5140347039867283,0.2814950195297323,0.4722715463084206,0.2971929391605436,0.5521765757839423,0.7048878169010453,0.35300572262126667,0.5265539755061371,0.2190660202430937,0.41865901646359543,0.5400025991200514,0.5553245007070408,0.34423218969507713,0.6860137959640673,0.13863161381367817,0.35143451074828674,0.1328976681369694,0.33697224326959363,0.381752210612041,0.4772009334325339,0.466898342200727,0.30526354871176625,0.432787135115597,0.8405505401288274,0.4281175494067371,0.5613760703218368,0.48747729390485456,0.6627549296729486,0.5412656638601296,0.27703630274945606,0.30625296307479755,0.06858436638286057,0.29438747014238115,0.4510832178836344,1.0,0.4669610646535873,0.25451107761562547,0.5124259427141468,0.43220600728303643,0.3330112740672041,0.570192366867713,0.5754810061612547,0.5277745859484068,0.44850884912741934,0.6492436102636364,0.25706230815040265,0.09494917213044031,0.17604403145561143,0.5805834362302947,0.3291745008974326,0.7341511392101288,0.3359020959882406,0.20337301647709882,0.6872018187393151,0.5283177286072313,0.5675087847895594,0.5532361663162219,0.5694461386407619,0.524547282529255,0.41913105377174853,0.1519374743431066,0.22378707432333017,0.38671967164794835,0.27382054522576593,0.519162343044687,0.3883833301696075,0.1670063073526261,0.762133518368873,0.6986031586396337,0.09731062721192521,0.254964038545479,0.3553093973433372,0.3899177792329546,0.34232393951363616,0.3551479840338856,0.09004013128815354,0.47770082594763724,0.45951131461461797,0.12839953646491803,0.4759917405522598,0.7196702260528388,0.5604620151738794,0.25863151373698884,0.42394288704687355,0.48172572931301183,0.6071569500232955,0.47697235475080774,0.440961303827523,0.08381928214409129,0.2011626817384933,0.9990023647892653,0.6111777726705027,0.459668912887737,0.7010759074997317,0.2873513173779015,0.47726972518851063,0.4288093193984592,0.22202600806277753,0.2804600317308505,0.8567632323688902,0.39875965492597415,0.16703532694061948,0.4563570485670038,0.6313218359571034,0.4097432626062209,0.7153750013112194,0.4527538800505499,0.8605170205249474,0.2885599452213464,0.31707209753910387,0.5819916708511823,0.5747900498036658,0.3603172761748021,0.7706535616153185,0.6298440952091271,0.5875581554209034,0.10742964625308392,0.6392645777870818,0.2960436820114752,0.49937499084873904,0.22140639848966287,0.45047729596240665,0.41692872921771523,0.28659544154020444,0.48590728092014834,0.38644139168012726,0.5238667747733421,0.5523091838157066,0.1564484142777934,0.6377718966846109,0.6384973878598014,0.6390395693895479,0.3398918788787538,0.5958132931746816,0.46098874250481425,0.5981463672102802,0.653063152827639,0.5796160637235274,0.6524803996441999,0.5335549964690516,0.6892728909182813,0.6849758526684073,0.6463637734706482,0.45262905306790385,0.4406347214671893,0.48561000229407775,0.5909476156467601,0.7264588774334177,0.5796717717042388,0.5897244003466484,0.5223306415985639,0.593333710819501,0.4938049325992972,0.5957394116141794,0.6866251307151968,0.2823789927647565,0.4906678936529984,0.4562736036952546,0.34103538443149983,0.6416942344279873,0.5280769326765703,0.42068823254118276,0.2727690743676321,0.5165757105467043,0.5047999742148418,0.444167939479538,0.4595257193839961,0.31033693018294073,0.519450283338212,0.7784476594656349,0.7683655643284414,0.435769665534196,0.7278735802737968,0.37343319804366293,0.4145167049189601,0.19756080938524578,0.38067471477246745,0.23843716929068484,0.39298213954575956,0.23601533534833147,0.3576535065428776,0.7098965074305251,0.6651886221890153,0.7966859185126085,0.6637470788325311,0.6189410268140533,0.5839501594973314,0.3360845183295171,0.6317677280745609,0.3827654476322646,0.6940246330469805,0.3914413031240848,0.4065672277014321,0.5918225911593171,0.517420112003258,0.5896880403570586,0.5312228009050989,0.3590086230874598,0.26234209748615095,0.2596707911235175,0.55398639055945,0.5331103156924818,0.5178732089994342,0.5342261133002904,0.5601441913892776,0.4923469740505084,0.5242792081325627,0.2923216935429158,0.4257771939096231,0.5096377888795784,0.4738630869932857,0.7456642024354775,0.5448183505112346,0.16493061299424377,0.4663151140269704,0.475071253015113,0.5303911563784361,0.49344083484472856,0.3222650427960311,0.140246540473086,0.3588352074384898,0.3175216668396258,0.3013955939466854,0.36629549988200055,0.13245259731962106,0.33006860364407764,0.6743566935484657,0.6771339515988609,0.645508825544364,0.6246170379424413,0.5803186924295045,0.42199390436781525,0.548504492239758,0.6488233534138705,0.5844278560354043,0.5459755268062264,0.6928435076635701,0.6388035797051989,0.28886867868501986,0.23015154681331432,0.13307757677355367,0.5546368871438816,0.5524500478070878,0.6544375571951223,0.15129484801174084,0.4177143884214959,0.6060152724625577,0.5050434116843758,0.3871032172918274,0.36494450083997415,0.504381221163802,0.43230415953397616,0.3981166199905514,0.3943671433082624,0.40297746878536733,0.23115738645397585,0.21082677369353178,0.2816722846987164,0.7106810121191701,0.9094345621336524,0.7982527469294897,0.5981111868179961,0.42222370383466923,0.47219833133664846,0.3701938730551819,0.22226241234973848,0.3574172578577293,0.42415832051611224,0.6871925928381272,0.6763813113692762,0.6450186642779371,0.6020838139987746,0.26220864747320416,0.5058644039219569,0.0698319707305178,0.48502477507003944,0.600590539982457,0.43915522582709465,0.5567812616767046,0.5551242670584691,0.512399655952145,0.2606450321915001,0.3054923331346143,0.35927643883199,0.013637411904440296,0.5231887637655837,0.610269918276485,0.20563878841311836,0.3025125357084733,0.1974689746328347,0.24314328301204138,0.24101651445470482,0.4613289379350851,0.4648842613483955,0.6885733115191498,0.7056548115950305,0.10003448342632222,0.279004027751612,0.5674083350932271,0.2860613546748095,0.5852841217796012,0.6346155492327508,0.5507716747646083,0.5388338085235198,0.6027259310272934,0.5935444802530859,0.75547576609591,0.7164217815385363,0.7733818131744404,0.42216660289791225,0.6787014559791982,0.22414059440406772,0.5213347421098933,0.6325741248716352,0.774206037502321,0.8863152816233909,0.7522744309440585,0.5500439085965352,0.5055163206313459,0.4835565882771732,0.6227407392653929,0.5476734362025981,0.5495684667887715,0.5392760821748116,0.39927708792802175,0.526337862530219,0.36835870499391826,0.5568449018076397,0.5263686715472998,0.5292586075860619,0.6281580406940038,0.6286606939285779,0.480510912628447,0.48049985963615915,0.7017040499399382,0.6987939887762814,0.6925411823084774,0.6856239491588321,0.7381529178647501,0.5842822775315674,0.5888105020518306,0.7231074434922078,0.6873965102551077,0.7038158007684601,0.5030540498726668,0.5555342929237848,0.43957311569774865,0.7087208169801243,0.5969556531351793,0.6056172135392437,0.5929865333896305,0.46118375403653883,0.5593993869001813,0.6032478318493617,0.4367367099494583,0.5943724998537653,0.6522570911719929,0.36175500954741796,0.7367212519706451,0.5232105693970878,0.5010962189244847,0.6286890107944146,0.6313084334302508,0.6538517611478201,0.38206391581726246,0.5989613931061072,0.5113579777580836,0.45269406643545435,0.6131051970953794,0.8912068568274462,0.5489851789832478,0.5673034207843336
128,0.48964816512825443,0.5466699378770813,0.6352994971207556,0.5790972200943668,0.7639476159166497,0.8757437127108462,0.8182082967258393,0.38174324415141414,0.3216716693455425,0.3636412108645639,0.7059843537530149,0.6160169196878014,0.7515924865382319,0.5647892955558677,0.30063827666006604,0.7498318142057864,1.0,0.6846657881714515,0.3153053541639466,0.541411121081824,0.6339731113854581,0.13071674932146934,0.32283357401720314,1.0,0.634373729205724,0.4372723963522593,0.40930063992300403,0.8870328141156756,0.8830279404311389,0.8253218958760747,0.5087490502554093,1.0,0.7960970920949301,0.5166838156725984,0.5471985002546145,1.0,0.3116158909863229,0.3898473195444575,0.6542294831950746,0.10672110739297208,0.7685453006321716,0.35117213041646755,0.8195416419648335,0.7969850838359273,0.6752641016918975,0.6952744055008155,0.7902027895603188,1.0,0.6996458813736401,0.738209061378339,0.7807254180219902,0.8943273679284184,0.5785990336479605,1.0,0.8908902971958396,1.0,0.772756818909217,0.8343192323318241,0.16995711868137794,0.7553974931717046,0.78350015823397,0.037446851660307354,0.8352165469380175,0.22315976315661143,0.1855621571921479,0.10201491145348372,0.5892152881700861,0.40245113574922764,0.9580740123688501,0.8931630000508632,0.43618382111001835,0.8838534162811204,0.268053401797589,0.11353758874851684,0.8606867993617052,0.6713519469656074,0.5913794287207422,0.24026729614240475,0.5717743150666247,0.3902203126476939,1.0,0.38385620870665144,0.8108424407523657,0.3336405286470945,0.40772123084775347,0.5054481048295854,0.31131431589692404,0.622954550006344,0.7451214635772673,0.68754122428164,0.7214141620312776,0.6903636877221581,0.6483562491843943,1.0,0.8345116534149584,0.6030292541969646,0.7645104620326075,0.7423536294679512,0.6424103280519962,0.6986862396604101,0.47289039594993876,0.7965879295642888,0.8359470547103883,0.3618376084612606,0.8133535572565376,0.8239831244615898,0.8483777933474849,0.3195324137286886,0.8153973541964318,0.9740609176922148,0.7946275991452723,0.6638747005673842,0.19650434018278884,0.3262973052358778,0.6386176755257614,0.623957351027701,0.6533542170017673,0.8594570604282743,0.6574749570578967,0.31038493815007345,0.26318878854108524,0.23094708395213048,0.6578258627470797,0.8564766043064239,0.30707093139306546,0.8239713771827206,0.8023012763231604,0.5415682331563012,0.8220590039330148,0.9169031457335641,0.12141008893433969,0.5305470114951703,0.615423449789559,0.8502051808747577,0.1952243250236575,0.8252336814100106,0.4437434685727911,0.7643581039826643,0.2643529578071897,0.8206576439264683,0.8112497578005723,0.9655985918646276,0.9434304720684374,0.6767304225230685,0.5431757249761735,0.5788164796186903,0.8563669314483162,0.609269950609472,0.9627038173145823,0.668492145369933,0.4397198172108313,0.5852633775878618,0.46840427822414626,0.47132221478078323,0.7454060901073045,0.4468519334970221,0.41920336415316,0.4068065188589758,0.6142088082872255,0.5280969373849723,0.5341110585059609,0.40982134012093796,0.3974326236559762,0.7440023630461772,0.5404592286658426,0.5248699401958589,0.8026665529834991,0.33978550824692894,0.720884767357461,0.6201261177571655,0.3596652495727949,0.5868362878960678,0.6073672884455147,0.7243069699423926,0.4871019675398618,0.21516893729133876,0.5231560532986208,0.6267857916939557,0.5844498075660993,0.7339777093518735,0.3883758184050143,0.7342939468648176,0.7186853804230088,0.6623548380291225,0.553289444552543,0.44861207029548955,0.534365613907032,0.600554410426044,0.5417416531572985,0.7693294151923411,0.8006025070484449,0.3437566027623764,0.684413440985404,0.21466425914254006,0.48579841768971854,0.9330195990281843,0.6903212783644898,0.9426239638002543,0.530464498052875,0.21657882596136288,0.5570432451341998,0.7195007905547615,0.5520407020555006,0.5867083888366404,0.5146651909563704,0.7737712408516935,0.48417170443218965,0.7549593166094835,0.7810468406698393,0.7668925466522625,0.6403513442035338,0.7754432254201602,1.0,0.7900259157970096,0.3766534233348527,0.32867638877564403,0.428930095417378,0.80897349274306,0.38323549543907015,0.5622438117250175,0.6088581349576343,0.20752003985426798,1.0,0.5674388496730061,0.5236113922648339,1.0,0.49422245953367405,1.0,0.5864141007825234,1.0,0.5255952100398341,0.5915853669022464,0.29226908027657605,0.5689430599242684,0.28930790524172495,0.8306228389939836,0.28279616949665265,0.42630900648031883,0.7683529413541171,0.8604655631188528,0.7033482204346796,1.0,0.7045246615518961,1.0,0.3465941042532705,0.4259411541040008,0.5826171788097568,0.41461510139093,0.24760521337383093,0.6052710390153665,0.8367500471488312,0.20381984477496953,0.5962503680621051,0.8674716287544328,0.6696673683461607,0.2282427966374398,0.819372232919895,0.8091320006377144,0.4057283127047569,0.7791640399682404,0.6665241920161631,0.8680048894687552,0.8644958224041478,0.24513136348885844,0.8722995112343266,0.6448739607206132,0.4028375159750834,0.20232713619216852,0.23499382213219866,0.23289347196658872,0.599508125401444,0.611683069224665,0.5549833872748143,0.438368600805747,0.19417506385407046,0.6994200014144429,0.7335948294140383,0.6562812279837206,0.4973074723056882,0.26724237862759626,0.5628108546923146,0.010473694235724201,0.37311993103097046,0.5675063682272008,0.7649540070576254,0.5446654851705858,0.4017513945303891,0.38329198995338676,0.6552518017203292,0.4524739146333687,0.6853964671271643,0.6205487859163402,0.8383351300390929,0.3150885949378396,0.2864054226962447,0.707107858272595,0.725533848657737,0.5705709002673415,0.9554459189253144,0.6321740227391976,0.6409176368370352,0.3974440847753352,0.5127458835843942,0.21572768333668133,0.47080365512115707,0.3394156213121622,0.2713249437239021,0.7979948518045502,0.304241096682221,0.8076539652191885,0.3058484442250298,0.4831508600212709,1.0,0.17940312631017222,1.0,0.6027846417177736,0.6204296227492178,0.8014724544572877,1.0,0.0,1.0,0.7277523811879368,1.0,1.0,1.0,0.761924758065732,0.4284499378361335,0.39718248392688493,0.6878487933846139,0.5705588230918486,0.5877579975008546,0.7080318508104565,0.6697565900944135,0.6714143364973811,1.0,0.862478857240101,1.0,0.8560282610088296,1.0,1.0,0.14007663985503432,0.46606862031096596,0.4981840354911326,0.938277736648219,0.41706507811895566,0.03346706004346487,0.3802199987540219,0.25868538398417706,0.2747071711546312,0.2892292574032062,0.3748210533956181,0.1767087748723733,0.1545227942013458,0.6432773837138074,0.9352008956049334,0.881035089234224,0.610679217641837,0.9008642332399209,0.5674807735688895,0.4632584892877227,0.12677675234290486,0.8826663783325537,0.1430328469899972,0.8776039132850478,0.16227923820532533,0.8526560785316979,0.8009546007679423,0.798286175312886,0.8380804556699768,0.25612983814828283,0.8727029276415167,0.8477821822363664,0.5211067388501311,1.0,0.9027587280129463,0.64586674414572,0.17771552541495286,0.1926631839481863,0.7099485944936811,0.6382288269192351,0.4764184356761916,0.4010398333221809,0.8766718403830966,0.17064042211541686,0.11679312730520712,0.39536715201038153,0.36773934542490905,0.6467124540650394,0.6549664367376974,0.7767717590541404,0.6394811811664111,0.6323983446622878,0.1890556897038435,0.6690320575927506,0.601532531617968,0.0,0.5210394994409755,0.28865357975606404,0.0970343859166901,0.622798619112253,0.6473573685136832,0.7329823149034684,0.7273158051115632,0.5198543549190837,0.5460300300699225,0.25876818151961806,0.18660056541576456,0.1751846544525401,0.31066199049894794,0.12583681312462766,0.4045700333452483,0.5227937880732582,0.5209404384447518,0.7654771785624231,0.7440598513600968,0.7298648628690574,0.5634437957071633,0.7401803339096648,0.5204960264830709,0.7191069412604405,0.7450701786438213,0.5456908446469807,0.7371230522233823,0.1869795180538813,0.08604358723511661,0.18284704268485466,0.7483935776399373,0.7770307085811119,0.8594335479713229,0.14071700617767258,0.745034979680514,0.5618091303816629,0.6778238936005606,0.6190483677096754,0.3802537453747172,0.41451310561976956,0.2758626324309487,0.1958030377924747,0.45277209145299063,0.49198399194372083,0.1185585374083965,0.2184305532262827,0.42467709399239145,0.7462992697480726,0.5915590379376896,0.763613702868753,0.7200042700858443,0.537449662679061,0.24976103988180468,0.26550326941996455,0.16263239296836332,0.3055050735215146,0.6272532453600637,0.5365066749305798,0.33382085513289705,0.35964247763032603,0.7351305324665027,0.020044285485430764,0.46223667610951913,0.24093172805726062,0.7637668765187564,0.7156317388605883,0.407208699848165,0.6589292383225186,0.8736311391922682,0.7388675488331902,0.612132479226138,0.5366945478144434,0.4350496701580467,0.18792663622132988,0.5645928497097297,0.7334320347481172,0.3582978900528647,0.6225896608422554,0.5054561470234478,0.40192851951071085,0.3856079036949021,0.7194637739525764,0.7173894466338009,0.7334773815131409,0.7294528271095404,0.16002197881002203,0.45865108045928105,0.6725221620187986,0.44302795594264244,0.5272154479987468,0.5658024591103549,0.5967537414132449,0.5950514281013826,0.6533105859868155,0.6664374663224318,0.7259464026209458,0.6850454476919936,0.7110473992484901,0.45843493961684567,0.8080222133279175,0.321193912789108,0.12063544760288332,0.6088863861997034,0.5939330189230363,0.934820769639784,0.9235658840671114,0.5943337244090698,0.5234830098406664,0.5504302418513147,0.7526368313061901,0.3392111241733576,0.29995312318110245,1.0,0.41929169429808777,1.0,0.5115957560162264,1.0,1.0,1.0,1.0,1.0,0.3947479115152233,0.9069667874589048,0.9775671351487298,0.978524607119239,0.970930307381384,0.9954611405616461,0.9811183341215948,0.8782239559840938,0.7108782249826403,1.0,0.9867426546928296,0.8756111164153552,0.6600373192135528,0.6507344237405056,0.3994163215840891,0.4272256343056252,0.7477952662020815,0.9473673857214874,0.9248748837499434,0.6787063861109442,0.7240684222438483,0.7289581309612255,0.8142715369639727,0.755611230548233,0.7456416077167668,0.46680188093254205,0.7798523035504136,0.5628662874320208,0.460584813753655,0.7216534630807118,0.5912854933246778,0.6544964510928779,0.49042591907123473,0.7219003999591451,0.7324493764892439,0.50057141881576,0.7324736701450537,0.5679892593154826,0.6349135760982861,0.6590591633362507
129,0.6292394489836446,0.6003441859500436,0.5880711023792047,0.5543250311754272,0.5807504722807554,0.90727410773082,0.8764314800507822,0.3097737461551013,0.41643243386530715,0.4428192332072113,0.7069958647679104,0.4036205339844484,0.7251562522749424,0.6539177635106159,0.8067539580348796,0.6987065124000784,0.6645951946858072,0.6568378692473178,0.4963041600375618,0.5890775796120108,0.5178569407950452,0.6215399728002607,0.32198184483781045,0.5512585043928298,0.6991983685348685,0.4062279330268732,0.5688130276545488,0.9141415567054718,0.909014644784688,0.9039344364919936,0.30584534603987307,0.5505217094412352,0.8546240063141204,0.31898948378687975,0.6514998889850527,0.5652694314816877,0.27427442303037275,0.27110441811050356,0.7460327596818893,0.1915602328167326,0.4218016744161636,0.5044041009023665,0.8744590987834286,0.8592567213760687,0.6230341904748148,0.7772595410644585,0.7674868145986093,0.5339856232771226,0.7746689018274,0.7754459461521257,0.7561791105006366,0.9222647003990881,0.739281286436016,0.5416026648306014,0.9264074865204054,0.6451242025258209,0.7736562394532783,0.8580390148050707,0.1443994748079863,0.7585331420656624,0.6873332675718379,0.018532774322592552,0.6718189302855515,0.3445926849025015,0.17017748944836386,0.045303725125141095,0.5763211531795541,0.5545573062573129,0.9549378914049722,0.5522992814220891,0.5257450444111541,0.8797212178917749,0.23476395245752793,0.17694763119287368,0.8637444224939975,0.821055791783687,0.34834210673185567,0.3051279832867312,0.677933203941392,0.2074263836200929,0.6645319046948299,0.5103858635700448,0.5087552138375268,0.44297377179556463,0.33828582906667554,0.7622971052750297,0.6715243224953703,0.739829062071753,0.6956076375642836,0.5919522378980556,0.6658237437878144,0.6450779895816081,0.47543176975832363,0.9718939746334966,0.8474375342959279,0.7229892640881203,0.8077626243010917,0.8080742672961142,0.564422819215485,0.7566630288934049,0.6122236003509913,0.8082839114654281,0.5641410885292258,0.5966995517971481,0.8116856201416824,0.8151997809450066,0.7632463550417306,0.30609379455957947,0.8119599155900684,0.9500952807914708,0.5806405359795512,0.7164098129337513,0.36462998660000684,0.3782601753721777,0.6543002311215392,0.5897119954300413,0.67163559740464,0.902886166910234,0.6495620231967308,0.23441332301075982,0.18446177417723258,0.30923019814001634,0.6617281396721045,1.0,0.2900280279138055,1.0,0.7528432383433478,0.3249697144310401,0.7794179745968359,0.911376405731504,0.6091702845477243,0.5563575774433441,0.5666663899601947,0.8315737039502726,0.3579094661405948,0.8032327517471382,0.3208520820576878,0.5492740380909686,0.3816369689301065,0.7851818831087156,0.410447796962477,0.9617192030501773,0.9005817812609306,0.6932531591822655,0.5627418788362549,0.6607604715321839,0.8686205660112352,0.6942577133621406,0.9371647079280812,0.6523115526134702,0.3144408049455442,0.6988439090881114,0.48624805901307055,0.4926307580223243,0.6718288019858865,0.4610429965516684,0.48662847038163126,0.36431129767366377,0.8888758290310353,0.45177312256813607,0.6736767158833862,0.4171653529205954,0.6587137070108239,0.7885356888045646,0.6529584118943362,0.5554607306146923,0.7486337840837961,0.32905113788810164,0.7242284835027898,0.7133514636411891,0.5282287558577059,0.6771374828749069,0.7011566363838364,0.6405436063055548,0.6021999535605808,0.47081148753152546,0.7004502718853024,0.7292560782953588,0.6703271156077764,0.6957618731303438,0.3955221510320248,0.6806255676074785,0.674809113752773,0.6115303387125302,0.24048592514030448,0.5010838190144838,0.5214133703462135,0.5283651440965063,0.5251517378226666,0.714604369274412,0.8629701495852492,0.24351630853400485,0.43149333245227856,0.0,0.5045535939561953,0.8761656459815832,0.7526175058234255,0.8372902932874684,0.7137559000222211,0.12303050201308997,0.5714497407665601,0.334497888157291,0.5730933501743672,0.07516417204269091,0.40528002590348783,0.7724371026888557,0.4741592132178117,0.757960518253645,0.8637084546342138,0.2303580213258044,0.6348600167152433,0.30400474068145206,0.5082831453521074,0.6995989392571246,0.4742853017819932,0.3487540529804945,0.37764680970692516,0.834674186053034,0.023284775944737438,0.5394323854528963,0.5421350783213488,0.312687153828565,0.8175436435931699,0.4594613725289211,0.5697707584581945,0.5677531582870594,0.5002521512987279,0.5728488459981237,0.550944769322523,0.7127937088084016,0.23415748106375822,0.6486120430423195,0.3621373697192819,0.6334472123320292,0.3197354337125851,0.7467155317044329,0.2583615719951,0.3389501534566533,0.7407003632792429,0.8818922579456043,0.6483020747381021,0.5996796970682516,0.6583657397439036,0.5187894149305099,0.30909195624746355,0.4466908078316221,1.0,0.4088992257184036,0.233225265604884,0.4412048871719572,0.8575090096934211,0.21697302271642552,0.6210418972293985,0.6490227103842531,0.6748767410660219,0.11332522475768331,0.8435741165087656,0.3921788760131703,0.35054188567284283,0.36091935221309035,0.2596834197691891,0.18339133207855365,0.184537105659478,0.22170866881280654,0.19269439291539742,0.7555798061591009,0.5196417663493038,0.30557034495355545,0.5178892051838767,0.33676381287549473,0.6704674355841438,0.5952927438159793,0.5106874084930284,0.3303493282508811,0.19942141597985377,0.6887957885383202,0.6685695826931876,0.36042799027689765,0.713609556333626,0.16160203757447708,0.5446917879662908,0.45811225761950447,0.20176476425370704,0.6708007514682129,0.8788983117476411,0.6004164767256712,0.47080226212722537,0.3397224767649989,0.6293329999050685,0.7382226828703603,0.8434519475159863,0.5569475327304532,0.8869947070620343,0.27687036427438166,0.4893705472009394,0.6651541589440658,0.6478300796693335,0.4027557382515547,0.9336130164045975,0.6539124532411738,0.7807389734088026,0.25315731750448933,0.6826881893791911,0.19439157417831307,0.29384347532310867,0.24346625667735042,0.21574224366007333,0.2315720853718214,0.3597877582962677,0.9585702401297805,0.17675076915728144,0.1782142787833826,0.6051816554650175,0.1431725748649755,0.6318559488957532,0.2433972963219914,0.23149664293055341,0.4702592997145619,0.5835621325002828,0.3814745257325835,0.584733058714741,0.7950672801630306,0.5737094629486323,0.5589054639114597,0.4405565338438072,0.715184330349121,0.18246956569871742,0.16951291749244157,0.5361741588369595,0.43887601021602324,0.690954954533985,0.6585605646417186,0.7293661714859989,0.6519845331157677,0.577703136788352,0.2771017441038586,0.5803166348319213,0.2767137365572544,0.615225162424478,0.6820934043410316,0.38121928831171703,0.2758218028215379,0.6895899071181791,0.37547182074335517,0.7048590220367265,0.1621720205732332,0.2560194047009491,0.0803274773185981,0.5239495306949213,0.5484164016794785,0.19984150517846302,0.45737145340272456,0.2453102175797861,0.5460944801256437,0.7396180961772243,0.7402819988069393,0.5772824172823721,0.7405601498674548,0.5028695148527428,0.5408717351237626,0.18489901106658932,0.637009105557283,0.12419252772390638,0.6308529715465349,0.12806962603000005,0.5937547237820933,0.7032644085550878,0.7460749574143299,0.8055443275684212,0.48303511552551365,0.3563477823758229,0.3264751238758041,0.5326933339422867,0.6446572950864771,0.6309030706892875,0.7886457511478783,0.46922412021755977,0.30806880940681136,0.6659965507322899,0.5902231726335586,0.6487718136695209,0.597386352219676,0.41345319834393224,0.18600453671296907,0.15438332970450788,0.4925732975934357,0.4744261846085522,0.6066193132803779,0.6180613462319009,0.5824155295324361,0.5931458515783021,0.6301652555436277,0.22264892946641301,0.4894006158002788,0.5167286202952813,0.15999311521693277,0.7254473189268117,0.5655873915229409,0.11647919958091006,0.7174464693664686,0.7516307094257806,0.6458215542501907,0.5990086922049713,0.4734080622069559,0.5280729472517957,0.36631122787369846,0.2582612898396036,0.33415813845624853,0.43752433978116656,0.23260733449443344,0.39969837349706816,0.6430222972403763,0.6455616444475043,0.738943458700505,0.7044704527564637,0.6574670259809281,0.5578329204869142,0.8278748470458487,0.5879039310756485,0.6899834818946372,0.8254687786926602,0.6100270790308627,0.7199940813314177,0.248491108358561,0.19791582045754788,0.29091645279580786,0.8207044150778964,0.8350377387495547,0.7771422104336784,0.15143238447951501,0.5717021558533963,0.6691898742301268,0.7723337791032913,0.5948188075070491,0.38236024525918144,0.4798165853863615,0.31606355325255847,0.28472740075723374,0.42901169480898954,0.42674029838276417,0.2581600857157147,0.1865973203906431,0.42236196156235445,0.7350741889866306,0.19492173390033468,0.7472815930619005,0.6732760964743197,0.46862645181611934,0.327542221272601,0.39149605225749856,0.18628433828041235,0.24517094497940445,0.5031634256740759,0.09786357821712958,0.6500311491165447,0.784453926284223,0.6858078168586975,0.20451457165719544,0.5528451839211024,0.11390494576930667,0.735626405144786,0.7140430787565633,0.4859933428214161,0.6323502810372678,0.5687418925490787,0.37322816311835466,0.6680528747673516,0.7142115870315813,0.5426988334085209,0.313363215696735,0.6228285069524595,0.6738912809671767,0.3051017197025963,0.5201177528239163,0.33561712889752554,0.40823959090469075,0.38806426507592434,0.6598614221377523,0.6581014189161147,0.5331963070060339,0.5568540485191367,0.1495791176710504,0.42773573337154325,0.6386322844193252,0.4149307991343788,0.4732563423720609,0.5172829164631592,0.6596163073301848,0.6985859112448578,0.7052969465129535,0.6900218026440468,0.5788923829441119,0.49918218320251967,0.5750469093105874,0.3827521354483145,0.6198649706681351,0.26096134267716564,0.04695934115340169,0.7370287089508435,0.6588958539295887,0.9952029898068518,0.8116709198618465,0.7713344146137533,0.5258138421654912,0.6225661602163449,0.710224339384489,0.2927233455510532,0.35421032148962367,0.5217403661295723,0.6355673780310904,0.5095261819933845,0.704876299407042,0.5479497461559958,0.513524679338503,0.4896780842052018,0.612167242864957,0.678399066589395,0.3632473384648668,0.4666012714481726,0.6846762324008421,0.6816792399081725,0.6799611933716929,0.711003423341745,0.6486115000780769,0.5532193565294136,0.669062212521828,0.7008620169824401,0.6975290696930546,0.556417299814379,0.6241211460382476,0.6399432383245008,0.5652472637404999,0.6074022797879662,0.6893800556773059,0.782415632674565,0.7348722256151261,0.5520105057937724,0.7001676204773186,0.673904953844857,0.8206404734381727,0.6918554992911619,0.4554820881983204,0.21069327649351435,0.7213029462360948,0.658966602897692,0.5210987249216172,0.6862111868108847,0.6763005457891542,0.6519919150984006,0.5347727374815996,0.6432264867274898,0.5549039861478161,0.48279540242999036,0.6706719492649525,0.7447035202796702,0.6118562835609698,0.6338492609109272
130,0.6471136052124598,0.6884999520063781,0.6947034760483412,0.6865058935410424,0.8794255327602336,0.9105029336112205,0.949584918236338,0.3361279072603567,0.4975756172684159,0.3987788037043321,0.7832696875040177,0.6134229133473581,0.7476980615728017,0.7745706620333757,0.3023257467277124,0.8060691498219881,0.6640217509145385,0.7895155901410231,0.3945687535188277,0.46503612186466264,0.6024798805227248,0.6578017067383932,0.28291454854136605,0.4979810808368057,0.691924228749608,0.6944262208750969,0.8475904117147165,0.9186733934341815,0.9127355458575963,0.9473572748315946,0.3028835741113831,0.5025964517207793,0.9247319452736427,0.27707130869187396,0.4410995951890692,0.4787215335748544,0.3930691897211476,0.5156196366382122,0.8622715560972041,0.0,0.4178854698073364,0.3974724769185519,0.21251047614919302,0.22091319356391514,0.7557318236098324,0.8924708283015061,0.840300204784965,0.4197076774240716,0.8948265466036714,0.7189367962768397,0.8295766772888525,0.9351638975498545,0.8794898839431525,0.48284444936399024,0.9331789168687049,0.4692643163856917,0.9484492579133575,1.0,0.3737816086286287,0.9421329853241738,0.6299199186973162,0.2669148155699998,0.5755512642015954,0.38834513670252935,0.24248913928022003,0.5213583510037983,0.5832810335331757,0.3310589583616083,0.22004433708488988,0.6955634276799821,0.6164734023265133,0.07776758611328241,0.35009927548273984,0.1728064763920017,0.19202585942150202,0.9452051096544041,0.38424078627765834,0.42418143904475103,0.8969308329575373,0.33978159120598767,0.4649224993719344,0.46193692736693925,1.0,0.21886700410255538,0.33859022244403525,0.7987531357037647,0.7185784168409832,0.5196558568787235,0.8111738602383991,0.6030185368840418,0.7689314299352465,0.9617336409973457,0.43242750947977504,0.5538202168316912,0.4041161605666228,0.5280586968739189,0.7812845611529508,0.6941694669866088,0.12205810837477551,0.6390392165613248,0.3462249795238195,0.46465082900813626,0.7782326596368357,0.8355397063186902,0.9656556383115976,0.9686257323361938,0.7817368102921576,0.4642322817771542,0.9744463652450451,0.5389621628316972,0.1791099948979232,0.7102109669199531,0.15112491411150114,0.23695497366623713,0.6091634186571117,0.603823574738676,0.6153641950415969,0.20431202177891777,0.7636982017838262,0.2297936253116906,0.22134701732258147,0.23458616161459145,0.6754593127905529,0.4985012876369491,0.3211096407562577,0.4264548793394856,0.744216650802493,0.31836544165440706,0.8774756759375533,0.10441061261545476,0.4839152620195663,0.5606410728174286,0.5292594385837316,0.22297715802765233,0.3895454070183558,0.8408596204349966,0.327050834931739,0.832654388268457,0.46641110891687,0.7846442060893924,0.7749743803578522,0.9606353597447355,0.628668971199704,0.6433242870039205,0.4982505263066929,0.7353470629391552,0.9412248686891848,0.7332074321348387,0.511269232846638,0.6212135320095629,0.399705981911687,0.7879535076993575,0.5122296728668138,0.5205512376056994,0.6740172524568628,0.47732847005824575,0.5166733554408469,0.256788102435158,0.6074788278583926,0.5543866268116934,0.6887229239709386,0.3551018306075884,0.5882098917773754,0.775670220098584,0.6157841821310766,0.4687154163253599,0.8227566020856311,0.37479665631128956,0.7026485319122115,0.8110409028511574,0.505407703962488,0.5985133473415322,0.8216340961108157,0.6987220441397521,0.8073672006452464,0.5718106885153384,0.7400453618751424,0.6544123874190325,0.6101050495650889,0.8480628496221613,0.5145555371370932,0.80497538337555,0.7890775134784468,0.7438157455402763,0.5634366578153179,0.4204872548117146,0.5792192463219291,0.6765606987771338,0.5844840438224079,0.5911835952282994,0.7787961988371621,0.1366254787289268,0.6538498708174806,0.15153686410528572,0.4686266300925724,0.7439164304536038,0.5751991264644155,0.6410718661348149,0.5969295160221136,0.14135734591056226,0.7253725665463894,0.14518195277816748,0.7225952517028055,0.32849122805730235,0.3722103288804107,0.9167922525035135,0.3784807801523595,0.9149617629494365,0.8327913743899776,0.4806626346318808,0.736830273012403,0.5302333245427565,0.5052070060921094,0.7075430319042314,0.26721938558778197,0.3065844467343145,0.4253615159273963,1.0,0.40168609013091855,0.5491445763744554,0.6184420919607311,0.3280386018035626,0.5678037940958117,0.5265456021554923,0.39133243639131376,0.48157858434828266,0.5187055292452756,0.45102009049347025,0.7643193999539908,0.3480496655084958,0.25776917869637117,0.8511796185461299,0.31694379689577873,0.82941480196455,0.19621579821451873,0.8556489670969475,0.24604464127454156,0.503552240534121,0.764964397468087,1.0,0.7699351452614407,0.5337654877074126,0.7674828856908814,0.4081645005582129,0.3349809674301615,0.4400293420648237,0.33979963293241,0.6175903087430753,0.4504728262098275,0.6958753958784789,1.0,0.26009687616513794,0.8044946954114488,0.6164477068382326,0.5806049260713675,0.15151571883088222,1.0,0.5980823644005695,0.33252462456851095,0.5609560724840732,0.4109753197793144,0.4824117529880632,0.4692683078064626,0.33411570672121643,0.5084402214068169,0.7069257961627385,0.5318262753368097,0.25329431204708175,0.4687424897850171,0.2548273503637442,0.6056836777000856,0.6689512646191593,0.7180059086650683,0.26393293678609864,0.22537946864377223,0.7997767518053569,0.7346921202462877,0.6568678911479853,0.7366410702255277,0.4360113791263184,0.5665241098547019,0.41738001136763137,0.471988642034116,0.5573065319772424,0.8697791537921035,0.4238495353488105,0.26300935115680607,0.4057171183716131,0.773796470167866,0.39389676630723097,0.7818382757311138,0.6432392367401112,0.9599476189163892,0.23262700038119188,0.5647280786282143,0.7743772980126875,0.7505205914943678,0.3620565117636517,0.9352966458619875,0.8260969003026742,0.7615721666381363,0.3265546541686215,0.8361678835277169,0.288034072166131,0.35657831077145313,0.3068098134463334,0.17690099856194053,0.3981561053368914,0.3873144436427491,1.0,0.25043814468996595,0.4319475772203308,0.4844831005098134,0.10807896871112187,0.5007760789176615,0.44655767854699313,0.4478869323513227,0.3821079915601684,0.5091193450705719,0.3961536073222023,0.5091319336360668,0.8286704469536261,0.48673646551325733,0.5548402549260633,0.41008834150189666,0.8329406758876218,0.6278043473789602,0.5876560243771105,0.7173400086641348,0.6128058667988104,0.6987304511846335,0.7713499428849462,0.7285326686313088,0.7735077708681929,0.5109167216239653,0.08336831453877228,0.5135154980144798,0.15285917601377266,0.5536603006135663,0.674996024817828,0.44440369203468344,0.5459493120203487,0.6290632331399761,0.16348757408484643,0.7727481076804545,0.5267180895775612,0.5490237562083377,0.4734584601229783,0.5400151569805673,0.5754349715709905,0.6368098619205486,0.49612851466014807,0.24475403591566244,0.598192703419344,0.7248717666317425,0.7458041274396687,0.5268248606531001,0.7545442432755368,0.5281150814958622,0.45380448547725405,0.254221036624298,0.48797611865277213,0.10074380611334287,0.4962332917688499,0.1258836751725096,0.41138313919605823,0.7139659252167516,0.6692633806500276,0.3371153173388135,0.48827493380958,0.12597215189899846,0.5075249938981454,0.23042754541213956,0.6306523381942485,0.572941939587563,0.838899202226672,0.5062065453318815,0.26533395616289307,0.7722903415462189,0.7100213765475671,0.669743592065948,0.530335268069198,0.21101843154714234,0.1974228121202792,0.16834807258286022,0.529721399335365,0.5161915836437848,0.523908825241515,0.5401460334387808,0.88543707155864,0.507007440849331,0.4901227341304738,0.2772665090045953,0.7859541125595533,0.48882441826625506,0.30324194252877706,0.7735324175463972,0.6294555914702409,0.14237318220221065,0.6102425138600135,0.6235166077964043,0.6569100870965,0.6279437024199458,0.4975682659095862,0.5369235863457937,0.5117339201497404,0.25911361625523005,0.3748357062017421,0.541084301038135,0.3919306166254517,0.4563327510448036,0.6755627310695659,0.679525829298853,0.6778027203323619,0.6759873457113816,0.5869055439599498,0.3806438609275023,0.7317956039579312,0.641682141177635,0.788703974719307,0.7441262804325794,0.642937400396191,0.6474362562723087,0.2269708039900458,0.2650976943636424,0.37568815135333444,0.7172185320930777,0.7066170803592988,0.7414747338645998,0.13114224798196158,0.3072452933912384,0.8080443683712777,0.6326769182301347,0.5698140617159598,0.2969003995637431,0.5327927949233374,0.31280642754701954,0.3142103211339827,0.4749931388209688,0.4118067484228718,0.22319382447654326,0.2088788359809829,0.48401829212836317,0.8139810044575346,0.7824536238399712,0.8064868810314915,0.7817992394867442,0.5369725094570253,0.5367591705151169,0.3466107711043598,0.20358741593103286,0.36720589355453936,0.5761574551068942,0.7329548399032441,0.7986704850832586,0.7137312255495477,0.7933069263706838,0.15442288243796412,0.5544474339818962,0.14749958091213128,0.5619714620053152,0.7121035361825253,0.40589923139419565,0.7459111582921266,0.6190334552960453,0.014684353384817125,0.5552793104277881,0.5360956577860284,0.46376087972011987,0.12235256730749958,0.6436987422862426,0.7866901313516287,0.40603038386127943,0.6340493496898688,0.5441023507166622,0.5192460690152887,0.5074973981270315,0.5816431777431403,0.5716796933063641,0.6879457709776916,0.7496213221565461,0.14875427485102405,0.6821266017068599,0.7791103640007191,0.6834766686605802,0.693527312239655,0.7161095684148225,0.6693075513586829,0.6735408089575416,0.6119843262594608,0.5858218523041963,0.6171787194336699,0.5740417029565497,0.7126167993666974,0.658104564626667,0.6273028459437835,0.36586786630638657,0.42299296790361113,0.5857030678806299,0.6391082285312276,0.9933499576866462,0.6647385815497231,0.6891262348698199,0.4428241493928398,0.4377461383896146,0.7972461150752104,0.6173585977256487,0.6226311938578614,0.4439838367414766,0.7049406005787656,0.4466117686813733,0.7359495867404113,0.4771071037723567,0.4396560029247924,0.4282463636651535,0.5763449835792298,0.6061426275188294,0.37746887898794773,0.6657888844140532,0.6122149417608813,0.6122905333331202,0.6078960759377458,0.6463960955075018,0.5492913715026213,0.47234039304836034,0.7889792277291108,0.6505939319555111,0.6314807013972942,0.5440935786963473,0.7431894381801809,0.7371617748392083,0.41053517243950133,0.5288657904976625,0.8013762836021071,0.7317091364341867,0.7797055642335232,0.4969777470666758,0.36246831245221295,0.8073420347397815,0.5060303170059433,0.8053035085146708,0.5805578022948389,0.34572132920748455,0.668829411326077,0.5720180599998309,0.49204370645193646,0.6267086113129376,0.48450562535333325,0.32539833928783235,0.5110742450518185,0.7713313202021639,0.14085495940046508,0.24536066666817005,0.8182033146803407,0.6082695595686792,0.7543320165619193,0.7719054860698062
131,0.3946565440034426,0.33772403269810636,0.06332766728034829,0.04387326229923104,0.3842298377033332,0.14048591686451317,0.2124718839106869,0.27225123169752996,0.4124448485052944,0.3851967395847816,0.13669235747678252,0.0857809531500226,0.7361738464246254,0.023721533974879954,0.6707129108460769,0.021978878484539593,0.3223916536784239,0.05768077645163672,0.17376317854024773,0.181110519682027,0.05059364263646738,0.4006788618545436,0.374827779522458,0.35613178942999035,0.47315711620359324,0.28019647853076574,0.32359985615415654,0.16265953196257316,0.12749477033433054,0.28397632151933383,0.234388191731205,0.40556500244080756,0.43387940145126147,0.3106574192264626,0.45750254660236866,0.3772452937207097,0.5476219326581245,0.4003556608511443,0.22930273518181513,0.5155119021952952,0.26378138975339827,0.34141761609503707,0.6977985261034529,0.6418262311711095,0.0,0.10735494279204488,0.31558039919706204,0.23954496962478466,0.10772321639700269,0.8159490136154237,0.25752747254353847,0.9135909250655897,0.6270805578709479,0.3814657747046031,0.8985319968046622,0.3974525388418622,0.7606415153569255,0.8200396785310525,0.31239708598040666,0.7413935093129937,0.29651026639212785,0.1913429195560927,0.011283948350120677,0.5355212012295296,0.5161044140951415,0.13526518190378167,0.6101223623604533,0.5673217872988014,0.8352109049736225,0.7092383591029601,0.37618505699797905,0.7315381126603576,0.2963693555697751,0.010735846544163088,0.6880510201125372,0.34216193524336275,0.2726783178666844,0.24149913125121508,0.505922431308173,0.37343215665415036,0.42185410598926504,0.461607790352478,0.3814743447020335,0.3537039354718702,0.2934108157222851,0.28823415923808454,0.38329166629166395,0.4100280703211318,0.019119068396757293,0.05357636103968595,0.0,0.7266500093196858,0.3228168323365806,0.34983821851754954,0.5752226855774608,0.9033289248106435,0.19541488158441922,0.2599882776162224,0.564280538226538,0.12593721553322237,0.35643399173336143,0.500895932191312,0.17084139592118094,0.0968204392480622,0.8219961360216984,0.788201855798376,0.24735008909615055,0.15846890513709494,0.8264848878444855,0.29598375916860453,0.5978111712864435,0.7322228588450806,0.35447343077155036,0.34589823572930645,0.6024733828264549,0.6942024403294085,0.6070839445969605,0.613292080424813,0.1610777729442319,0.5228902491508949,0.37786535316241043,0.28337995651278935,0.916618056209558,0.12591614683159738,0.8170239368870582,0.23689933974951521,0.21606227419290253,0.2604355402015365,0.7428714964387892,0.7625034772504314,0.4722734114140706,0.5053519029735022,0.023784351003969414,0.5521548308116305,0.3544402612361771,0.2558803798566812,0.21470777121091825,0.772977275198825,0.09601781861111497,0.8034887061262528,0.6977806910383403,0.9114013192741042,0.8110547582226962,0.6386724688075807,0.4973157467448136,0.538732412270723,0.36944081390007466,0.49443589053535675,0.6620630927178959,0.5655157727245504,0.5281932053141077,0.5076298319829026,0.46574669849489253,0.4729523881127779,0.07983334860292658,0.44892637189267987,0.4482149683660204,0.17735556375495154,0.48951026816471394,0.1001166738730562,0.4825476699376852,0.2570374285685712,0.3779346172300753,0.7976304528204241,0.39599624726234406,0.679809870180164,0.48912415614307436,0.05974749318258176,0.7196967668662071,0.18880521733577327,0.12806205017755523,0.5722573713765636,0.18369451638119352,0.0,0.3902167513408142,0.39804369971893677,0.5897720962804953,0.6613961245905143,0.627130387765516,0.5925983917176527,0.3788596306919706,0.05571372305536586,0.01585825019423714,0.0,0.2311458621574834,0.3240727861234322,0.33668863712273517,0.40012474711642604,0.3679709695183067,0.7023529877315547,0.8558382568566798,0.4129760100546325,0.2588078747738924,0.33679492137796563,0.4486495756610484,0.46728886432047556,0.7880233329509774,0.21977053081998008,0.3829442099601841,0.18681883618107772,0.48255499800840596,0.535450840862131,0.48442885598114954,0.33340313007647554,0.5477641106945663,0.7558675836318942,0.20743851409342995,0.717939895662282,0.2966642464545408,0.4525955582789183,0.0,0.48936505962282867,0.5230069112684412,0.14784899092881637,0.3689605707702872,0.2849685140386503,0.1397305426770156,0.7928781877003991,0.2803388237681408,0.5613911342142196,0.3486276649085164,0.38116139520612474,0.7525187592017814,0.355012488411727,0.26185990699430983,0.3885587369763665,0.4626163018194852,0.3500518066252126,0.0,0.25788041508969556,0.0745904634067764,0.6819985383900025,0.09328581759589705,0.6714246260673412,0.2932870602542772,0.48397526919841677,0.3209764194070949,0.053320434060640715,0.8068484249318109,0.8435334059875789,0.0726705477186105,0.39277667707699687,0.000964779684894739,0.3155761302499205,0.5424727193924991,0.4842486113539851,0.16384323528559885,0.4674127750909226,0.1838507294219561,0.05379366107407907,0.8171161799700793,0.18949569655576798,0.6886072934055197,0.6294760620601428,0.6219487125562659,0.4015575942319586,0.8052515082562088,0.6354296402575671,0.4243037512038463,0.5976492800131622,0.3498035384138488,0.7310168268459944,0.7111141827679693,0.06984972573009633,0.6885388015335614,0.49426058631082787,0.1933618004630193,0.2960162414521361,0.4837418258938253,0.5666980149612574,0.7190307602949835,0.5646661577788216,0.5526709284827513,0.45043250764368004,0.2039663104241241,0.5502658861696498,0.6630302853355754,0.0,0.7177487604419995,0.2902459426579374,0.0,0.2431115135162442,0.2609795188905266,0.3794714207098747,0.3153186407120934,0.2851248442428588,0.7734672278722282,0.6156721348261084,0.041208867743155055,0.31653887744581016,0.7745840254608078,0.03874928568200151,0.871584074593048,0.2913327482465291,0.1575761029291232,0.041602537764783114,0.05817506832098075,0.032396730244314866,0.9655316913723209,0.8175755566450694,0.8397809490853768,0.704370320588558,0.9149104637636847,0.44991791007220217,0.6893857550398242,0.39223911434160624,0.6831656659627889,0.26334314576990075,0.2833596392089197,0.9137435619639747,0.3165724450838641,0.6566131552821659,0.4100658549414057,0.4902557162476204,0.4564569839141012,0.8875533148130932,0.8921826236248636,0.2698454414350142,0.40788758241323214,0.04277099396669678,0.413062641715455,0.8587846374929845,0.35207742583673585,0.28571665402263735,0.3080783274799145,0.11776278300891345,0.7332266283606753,0.696007944432198,0.4146724224270507,0.256825556021724,0.014704490045785218,0.015730836700557763,0.3343336972905361,0.0592018551754426,0.4169296402402088,0.38867641061639424,0.4248351419757532,0.37343477075028414,0.45293619047693556,0.33665856927527604,0.5187913698508274,0.24899857460014652,0.697525351367046,0.2762920234947419,0.7452988869118571,0.7387133118320927,0.4955905677108028,0.418794247753401,0.685797020874945,0.6955643475802086,0.32194001162120867,0.6502563320372268,0.27801851185353593,0.6955428095949271,0.7323795217506105,0.7437318553877178,0.6094254424199133,0.7450454314825151,0.6005698681452973,0.607428914076041,0.11128917245203579,0.29145150356210464,0.17646333296079406,0.30016880492848835,0.19968190104579103,0.20104868622217584,0.7443496435517398,0.7550316942220252,0.6386809371671645,0.6107739808329401,0.4741955709345472,0.43641232205499936,0.5872914708890157,0.784474555115464,0.23491203265461463,0.778205938626383,0.5431052656886912,0.37199513941934964,0.0,0.0,0.7759806434266767,0.6349899493060666,0.18351316427474945,0.23998222435800742,0.22174043337876576,0.23557871260128715,0.24474837220204462,0.2346492644630342,0.25379220255108714,0.6701921896873029,0.22012916121140458,0.24076910670913773,0.3030081274248274,0.28128763813063623,0.016655395993749475,0.23243651744213703,0.45927664816179287,0.5504245727537264,0.1519699848935377,0.3180570140015453,0.30365237244152243,0.25337877040375817,0.22627944108912093,0.1026327566941141,0.0006491727609014366,0.21259538797639307,0.29457798692764564,0.30699875459185766,0.5211368574514956,0.2718523276607244,0.20280482553837834,0.3612146249704713,0.37575054339174635,0.375327247896985,0.3117713910513018,0.2885193739723523,0.1674524961934612,0.40849146469133757,0.26622482763511496,0.02210567608435561,0.41751844833291035,0.35135001661939996,0.3466468968407054,0.20876580748239834,0.25406404010938277,0.08564339092797223,0.4154557810551317,0.3904361168207524,0.44869649889752433,0.14611886631909965,0.30739928205469774,0.8788766095015611,0.25988507499952807,0.2664008246379384,0.22862377574393422,0.26788506260949263,0.3242151509112433,0.34579173676187214,0.46513679592481794,0.0,0.2062851534563184,0.19610605609753384,0.6637320318011377,0.4986705328411357,0.7360998798321964,0.5763950603504968,0.031578858662173116,0.20245295788413645,0.23397101761424283,0.3522124858767738,0.18059685149065416,0.4180362202971339,0.7979818687908392,0.5918246480711448,0.6661572287318088,0.6772633376293962,0.0,0.19462402621924396,0.3878255542495747,0.8143544764654709,0.38673838682835915,0.7317852235439863,0.4577591650231385,0.015428817300297494,0.7498620837271804,0.3232590243196455,0.5973333955644479,0.5865397145871518,0.5842833514380891,0.22692127456954178,0.7057401843515116,0.03347502045126135,0.38558323708504316,0.4650608194513974,0.3263924253800682,0.5528544058102071,0.539608535991833,0.4733563567703195,0.43981854404039294,0.38861820913011896,0.42830045100140607,0.15428834615887307,0.41878952959928445,0.0,0.40521956300928036,0.5591519405091974,0.6060018617986968,0.5886904290214983,0.5776432238272142,0.3951737871493169,0.3541999814973146,0.27684085678864206,0.24372149561643328,0.26370522278372727,0.4143493499690405,0.48353745983014834,0.5758732895560814,0.27712027418794155,0.7286147245896217,0.7454003008235707,0.7849127948639146,0.7043001026156345,0.5689829669514771,0.7105490371614517,0.5909981558949163,0.0,0.6586126737747697,0.6330312125864203,0.40101587190352495,0.7244091117523968,0.4086966060831546,0.7436063414286695,0.4247999772981083,0.39598346526825684,0.4428470263808028,0.4528933943435028,0.4488019002838676,0.5930142259001134,0.48856669460616636,0.5080905493881261,0.49476775272697676,0.49012746671726315,0.532914159418581,0.5398311990859865,0.3465470179079657,0.04394889864119668,0.6190819240199675,0.5870409151354056,0.6243257074811074,0.09489809813659825,0.0009126400103750308,0.5064879143243506,0.6215959481645154,0.04141084034304342,0.7147840253010339,0.42736942991777815,0.5480631338101548,0.42060465182343765,0.0,0.6610071080383803,0.01733637116782894,0.5716588303084091,0.10048512827240098,0.5791380877383533,0.4896345266870619,0.1949515039429146,0.32516272062283663,0.6193855366486999,0.37455046898209865,0.161023535702303,0.027722670728642124,0.5590082613019103,0.5144673304579184,0.0,0.27149802579039906,0.0,0.0
132,0.5404949551411065,0.32240174181392145,0.39994401134387714,0.5831030399627468,0.8120158465993993,0.6198153521904578,0.5624501467800005,0.6899665751414026,0.35179007537980905,0.5824956249861626,0.3514017663009981,0.3624603554016567,0.6181078294102087,0.47250426309616356,0.5989178973159267,0.5130897972909866,0.28897384387068703,0.5383542950061438,0.3133474483526333,0.5507015249169065,0.3451498500141422,0.42946848284351824,0.2203778565419717,0.1788087108826978,0.8512340160802285,0.3988025508188024,0.5391632191760989,0.6478871624118618,0.6290059622066467,0.5782082873289566,0.7384855002909757,0.047034654407917265,0.49003371431605147,0.7262949155693391,0.6135007877356545,0.03778773273824556,0.2200030775204142,0.2903793416076861,0.6297786544208785,0.2794735247972749,0.21829588931007332,0.37507273304583044,0.3802043926678641,0.3561221137865968,0.4245350200017187,0.6738175140409601,0.5181991633054396,0.0064466478752352695,0.6834544943727262,0.5424172237859125,0.47912318662819403,0.5161394138765142,0.7073180468357659,0.04315638255822666,0.44241478424606673,0.13611006193549804,0.7165619869770329,0.762671485839033,0.19243226113824763,0.6946281444856943,0.33388306557341857,0.18974714787230984,0.07890315825330904,0.3487853932405856,0.04686431262836026,0.23240530573264953,0.5407522697837324,0.39459160195852117,0.4964905489450823,0.31419063466107733,0.36241305011827546,0.39329503594375065,0.27080187476513573,0.1405437498305984,0.2967064163648843,0.702667362988156,0.13039336305326155,0.16094760118441076,0.5888849321407469,0.0,0.26419176839097314,0.6724163295258642,0.762276362464127,0.5189548945135749,0.763536852280635,1.0,1.0,0.5095628451655415,0.5082479285806689,0.3987170226512093,0.48201698119163483,0.6326022368098461,0.15452773164318923,0.6384794490592,0.3713085083966705,0.42098897544855435,0.4059420369312438,0.606804849138985,0.31065104659835086,0.4957396756126952,0.5480890856840949,0.47413886741078076,0.3065418702718892,0.3350063255727483,0.7810481880897874,0.7816652409647952,0.2048924126622741,0.2878546908406993,0.755451806204877,0.6048872585348704,0.5274993201884586,0.5174634968525168,0.6703522171592243,0.20299746172488622,0.6231661115245787,0.46373079864652966,0.6328143979387021,0.2939691285567415,0.4186947957732795,0.4251909607476107,0.16437330546318155,0.33770254072501044,0.717389645718822,0.6712113236775418,0.384437581988471,0.6111149366714766,0.4793375368922318,0.32785212835023786,0.7405953016305672,0.4032678289266483,0.38252190488331445,0.7226517580718554,0.32362162221208807,0.31307683740008474,0.43322095821050755,0.43325472108481977,0.860858643193887,0.4237676349063878,0.27764712741537423,0.551900308015687,0.44258128747425535,0.9171523366439503,0.8119995021831478,0.6924235288035117,0.49577298997693436,0.6623248443910237,0.3513568102269847,0.6519431504892303,0.5232263814184716,0.6289255484306735,0.5756001557257034,0.6451276040297157,0.4734532769564638,0.48180150145543005,0.31282657022265126,0.44901369423921866,0.45506693048014096,0.32721974607536297,0.24672077869163517,0.36201185723920964,0.5825463068062144,0.8455711281853087,0.589606280212256,0.5133758310880182,0.5404035982563644,0.28898366446846546,0.6874456027390736,0.22635155158652628,0.6606694056027993,0.4826425939048637,0.24780387159053505,0.6610901888342963,0.45501842232119666,0.5007363278751247,0.33710080125874264,0.3061420975619707,0.5457504410529345,0.7319078110250706,0.6895046199290223,0.5827880060588246,0.4333439343777693,0.48548498090462916,0.5036864340857777,0.438218217133385,0.29801717062517663,0.9656923648284028,0.26702741969419114,0.42198494495353883,0.30753009994498137,0.34557837595227825,0.7094168852741217,0.2468127161309901,0.16212421122324852,0.2196607993229327,0.5621507703822707,0.7492689985380564,0.69569391744162,0.625618473588409,0.6602413662311671,0.18677262417393642,0.3234436663258775,0.301473999852095,0.33787517498187286,0.36861332193529467,0.1887374174804156,0.7231086004051992,0.7565457539222977,0.6946620148004667,0.809487616297204,0.3654027257539943,0.5524759084032497,0.39657796647688964,0.0,0.4701656927382478,0.43249208523284055,0.3796027794551958,0.3432636966786329,0.731031527120267,0.6628061299920532,0.5573808170189734,0.4624720704637861,0.056088726714593036,0.12879742930284524,0.39903925243844907,0.337775716473103,0.035163770897592615,0.42923748917455606,0.04614630631619511,0.4517661153854197,0.027996629296747642,0.2534527157821893,0.19958777990281068,0.3616851555918973,0.21840136321024448,0.13720490920483452,0.7019388267636566,0.09597669075198934,0.17655803312472476,0.5696298250150963,0.780825588345451,0.48065709957419217,0.11526434198133216,0.479527036368146,0.14316830279743187,0.6855550121885455,0.2619782296492142,0.29918615750577593,0.2293646607157221,0.6166771890820034,0.4349715455941067,0.7549381642701609,0.17529779527162906,0.6228411441939528,0.6494055558646655,0.5823599273756249,0.478728241218332,0.7321519573340054,0.41718322890816484,0.31369222924557333,0.39491036423393716,0.377676323256326,0.4692068780344984,0.4579474112623994,0.20310004648916766,0.4192117188128848,0.6947258720291579,0.8964193745836584,0.4188747193152981,0.598904111935803,0.5264927654919855,0.8128853033409132,0.4345338343626554,0.3605212719637149,0.2084149393311069,0.16658413445964246,0.5942593795890259,0.6103756750398779,0.38038373719359664,0.9292203712034147,0.1717894131792359,0.3803469546631453,0.6842080801379423,0.3552357246019829,0.4583198736862704,0.9860884845418612,0.8813540368428044,0.8272008773832453,0.3240847680401246,0.5252986417195601,0.3890277645611775,0.4181987986831605,0.39771613936542116,0.7354924497423588,0.05436662808433321,0.19299600108133141,0.4977191449269576,0.4805325549698337,0.17544553032959723,0.6237324861658927,0.6154853282936764,0.478129807538989,0.8512889024551121,0.8702871339729528,0.4452370905347925,0.6344608036541348,0.1640628118268236,0.21944228252392053,0.4414364313661684,0.24980626055134023,0.46525117626906576,0.17997728793200896,0.2907629637853868,0.18021544832941597,0.2617758220556857,0.2034347146758142,0.4833036051827044,0.4771088137302762,0.39871880873882465,0.07715569160426257,0.24993021543545343,0.06758945793071464,0.44580272027031764,0.10093847680476926,0.12274562532707073,0.21269475406204386,0.648890932590548,0.36115011908438954,0.3318233881823072,0.4901307941038552,0.27845226704766957,0.4292842325858398,0.4954207296286768,0.7951829125536114,0.5069661092100798,0.10240950106632689,0.46997262074368285,0.10998226121877037,0.4503948195267153,0.09949793306993727,0.46583892895724976,0.045084875532319296,0.5840363846670258,0.3291264451992054,0.33297061477967715,0.8276026063399377,0.4789521882648582,0.24961547779113857,0.21453707854049606,0.21531338786276105,0.2422073101553141,0.10423756062925973,0.13476491004758379,0.39502633518453895,0.49625615218122227,0.3750177248375443,0.4113950618396911,0.33485555517373405,0.45999661175100204,0.3214103301212183,0.26525131205359187,0.37113765255664016,0.6317513417382493,0.1333698869733937,0.6320351060678625,0.14541246803279761,0.5764683655618025,0.5392846110857619,0.501645440709621,0.5340619904676164,0.7564876004098194,0.45056106087997305,0.40875536509183025,0.31184038395741764,0.2409548964514666,0.6208947438874782,0.8940318076450852,0.6044146461655144,0.37283442219053287,0.49339579995113986,0.4590172016236286,0.8992355631285331,0.8365495870069699,0.43792066273658825,0.20331796097766666,0.2057174549772238,0.39726269569003464,0.38893313720985667,0.38860218702751925,0.41680032399975864,0.4723180144348012,0.3767299908316029,0.41291616773596757,0.1889381291631417,0.022898847889415434,0.7403992425701997,0.6902615583284766,0.8170714238629431,0.6792278244227942,0.14805884296586944,0.5019047001383463,0.5114375289055039,0.489668234277902,0.4529637913829312,0.3069122711266514,0.3054181962279152,0.15767812230397454,0.22614532875712007,0.17875048311476396,0.7064078225466953,0.5781793377749375,0.4174948403758025,0.5431108389230312,0.5682241381344735,0.5437136297744781,0.5560000541042228,0.3965059729396782,0.2579017276810072,0.6186962613625683,0.4780625880276333,0.5082601434686619,0.5900275905340258,0.5512666057508314,0.5443784923227445,0.27309808010000614,0.19515127833385223,0.15545949842504614,0.6212717560189646,0.6206811706120838,0.6546781968648283,0.16866605470867443,0.4045002971800558,0.7229808421331696,0.518042919384609,0.2091132928936479,0.2513569420972387,0.4490743736192311,0.24918878500264932,0.12238061642842037,0.38978145191392216,0.41284878035865485,0.2770356606368277,0.4058877181721602,0.5633426021180536,0.6220608307827672,0.7388736146547978,0.8419608784059645,0.49092131544218426,0.27197759065333343,0.5086904738604068,0.391675015401033,0.20361068983995198,0.1680904316799071,0.2674543813462603,0.10531130428241717,0.8136732791783059,0.6344486539546808,0.4870706745037303,0.24654268353763262,0.6380279034411909,0.10655357490409079,0.5722216109304508,0.7928212782525694,0.339768557931404,0.4700920703456291,0.5565012789864553,0.29829448370065276,0.46868387823059543,0.48541793700724667,0.6008802004618825,0.3813045235543653,0.6535460974299766,0.5127164129824003,0.40558807426597365,0.5705675516112731,0.45508323877362167,0.44203528733806063,0.4273549772093163,0.5204015059195909,0.5303906097343591,0.3241457892221147,0.3425362557221328,0.017017039274404237,0.3701682830082662,0.43362761083121554,0.36948084985371127,0.5691271347940575,0.5983084668475268,0.5125960324175114,0.4793659331236422,0.43023289108611174,0.39930424096673633,0.38794806699097933,0.39717341798116357,0.5096929293180453,0.31845435546849,0.585376696449345,0.457885128177688,0.275819850878481,0.7826970583972609,0.6074233219872704,0.741269481828176,0.5471270119550341,0.780110533437775,0.6701406623424451,0.6091955488675649,0.4892743246431476,0.6139408597940693,0.602644999651514,0.0,0.5473745411035403,0.010895057640306512,0.7069692012368285,0.0,0.023038359405521167,0.00729237515135973,0.09548933842760231,0.0,0.3388552823809885,0.04783135768093628,0.0699637739010589,0.07462852679813892,0.09701175881757543,0.14590181511353284,0.20012029568314682,0.02652656415598726,0.5041953615330104,0.14845613524439458,0.07205586355022604,0.09156058337497208,0.31378332395260594,0.47451110862666823,0.6380733348127597,0.42796627750541255,0.48563914740160613,0.6833552033331375,0.6300035871832828,0.7567203592753134,0.3813264702880181,0.4772616664082828,0.7316369352800954,0.44896772251652506,0.7534890832321086,0.1863489035898698,0.48778855563425666,0.59251294470291,0.41143461393443315,0.5441154364838112,0.6027797686871496,0.5488762180280811,0.35683058021112035,0.48846880264533443,0.7837998195195123,0.7082349935423192,0.48652920291548196,0.6666983386935753,0.42935592054082633,0.5171153106813929
133,0.6712890496489925,0.30958229127896425,0.6388998972144355,0.6205318130080034,0.5546657536228939,0.6706785017848524,0.7598367387084474,0.28096749060598125,0.5243758282011517,0.2709340315835317,0.48774996389062686,0.34600703246641135,0.5907543722889655,0.6215895504150659,0.7209499233286002,0.748636196769118,0.334002465759026,0.7153276122762429,0.35444368470367565,0.4988716823629213,0.556168636466507,0.36268001443842446,0.13579326553718063,0.07912656043974811,0.877170932794748,0.43766342330103525,0.47316630502916146,0.692113782662548,0.6853534471772387,0.728114026423696,1.0,0.0,0.6458734767145698,1.0,0.7825197392132867,0.0,0.3292591503116897,0.22589889210425962,0.5810805980704953,0.405751085367295,0.26199214572007273,0.4464714677572588,0.2842660670390636,0.2327640796220497,0.6872828450172639,0.5950868035710396,0.6975996323088977,0.005013269291715594,0.6038139113985227,0.6125065565397502,0.6739456372102397,0.5317655395672094,0.6576146808671709,0.0,0.526935837133969,0.010250047661652424,0.6431362680687017,0.6655986106818103,0.24807796504537521,0.6061864662308815,0.3702582414527399,0.11608145512932395,0.42748448892661917,0.4066269025543411,0.18167027097985558,0.1768148881069385,0.47433057116067134,0.41452518716931774,0.22268797228286666,0.3739672206729537,0.2895919053539298,0.08493456076839798,0.31513305230781613,0.1155916988725003,0.11037034625280519,0.7568596558316947,0.076065680829858,0.433884735079697,0.5954042992200749,0.32320995698879884,0.30035954709337026,0.31436943702626063,0.3800119014809774,0.23700934362100984,0.28910936027701234,0.9454511108189229,0.8945029718805975,0.8054638927411534,0.7445508028464201,0.4682717647082091,0.7387063888488385,0.5141609809033999,0.32200826151343426,0.5775483330104664,0.04559318893227948,0.4251780643726888,0.36066468439711064,0.48703597706309176,0.18467362671847237,0.40330024057975616,0.7464782064862004,0.4792527759146094,0.2706353590240558,0.2502712421383659,0.6947708232931993,0.7193515742106519,0.5634047412158533,0.28267988585759946,0.681033948780483,0.5622009765914218,0.4938530099584572,0.583381211157829,0.5736128229084327,0.49757535977035855,0.7593535985721961,0.44010568921933846,0.7678009824382619,0.10450569991631327,0.5501297558080631,0.528348218182722,0.21517020590289668,0.15443376740109693,0.871295122516249,0.5830477784345719,0.722808898227835,0.5218404811073436,0.6729518881295194,0.2870452576721847,0.7115179075847291,0.09057229435014962,0.5517943541542274,0.5542355682275856,0.3763065348416509,0.11903137841024938,0.5226203288872486,0.7195656198084011,0.9092238950076998,0.4660510016922722,0.38886159256323327,0.72986586833085,0.2910273323477603,0.9390765025326347,0.8515463431879595,0.7747214992397501,0.6984492006478605,0.7776913021950748,0.5020103439724745,0.7642754055386892,0.5371549758438574,0.749256007143627,0.56368489895112,0.7278859281707084,0.6810725461282937,0.6758675827379037,0.5666053116533897,0.6627401931568611,0.6901372838911043,0.6471049390155723,0.4893361283258565,0.5158782971162368,0.7546007297506863,0.8703098577807993,0.6252088398381909,0.7377663131965495,0.69852448541479,0.5463156262687408,0.7942779614881637,0.33605959507870675,0.7167600806725877,0.370050298474883,0.5160972191547962,0.7621402320031085,0.36313111900074946,0.6971989616892044,0.5092052008842773,0.614880509286568,0.5320683461518865,0.8013267212575955,0.7609769660065333,0.5632634054934926,0.6463679941876471,0.7330426764255937,0.7177241918452184,0.6959255316655152,0.33128491584586395,1.0,0.43244267224947164,0.3576168792523866,0.4609506873811112,0.5640702276342774,0.7458149006741661,0.1978224355775286,0.4558208381826062,0.11738610072032253,0.6189842699612685,0.5398375165452625,0.5720115202071031,0.4366104545002625,0.7437359209605285,0.1144524534164566,0.4424798819836299,0.552728176349039,0.4176498582183822,0.35417697319969854,0.4399448246856562,0.6433121508077203,0.6434365067639055,0.6375664246936252,0.8786613269140284,0.7574824157370109,0.6094360514213426,0.7792878230265836,0.3114276826029867,0.6687317216110263,0.6657704891375277,0.623062243094178,0.46136094538346695,0.6227573051551044,0.5150707960386567,0.5232426524362396,0.4705103030595407,0.33401269579237464,0.0,0.4269498805457918,0.7040275306171596,0.0,0.6645673268966911,0.0,0.6629764673257189,0.0,0.21134386886284606,0.7867898473672909,0.5963925926045688,0.7693453324537873,0.0878334906570274,0.8120395188601276,0.11913979722277811,0.16186719361917565,0.5968027307771923,0.6706995535336057,0.6972049799563883,0.04636086892029425,0.7076904215913759,0.10853699929613507,0.5763061030272718,0.2927771348494035,0.3941048121831321,0.2294864926132166,0.39893543146480603,0.5682084725311268,0.6371535565851798,0.011653985759531063,0.4965542680159542,0.653523784595836,0.523727782470279,0.3443269466089417,0.6114284771491747,1.0,0.3014553272113755,1.0,1.0,0.94996519361071,0.9509534040422557,0.14247555362786654,0.9570817454149949,0.7314702562349528,0.9604103335002749,0.09859968702976549,0.5339696210811288,0.1493844943668087,0.7245189418590691,0.3856247878973635,0.33362157103175516,0.28521647458369154,0.16412481708615495,0.5096177873324889,0.5864078858509358,0.5388826517272608,0.9524763213873507,0.21825057467581152,0.4728174510186825,0.5809953824068058,0.5520375458117329,0.2574850043176047,0.9946325534557109,0.8051127250248487,0.7437643042288317,0.5621206936135089,0.709429080790298,0.5590803523978991,0.4273167395021756,0.5970655858096319,0.7291912368201403,0.3340048537588722,0.2942443602129762,0.7127497065206304,0.6719614443818552,0.3347380008979269,0.7220159382504313,0.6039185272770917,0.4032585260570954,0.29622505156341955,0.7728271279149838,0.6901936736762206,0.48595832072738215,0.09972938822039125,0.28527987562829127,0.4158083754354362,0.3115183862356423,0.6844035524558395,0.32079768427060484,0.7365856639436869,0.1315996952922259,0.21451119446587713,0.17373705549878288,0.6367961534572423,0.6510208522552325,0.3065410046337746,0.0,0.5180125985797847,0.0,0.6614737278473537,0.019975496545448158,0.1960955553321083,0.1818280206452461,0.7767564135370206,0.5024025034000095,0.4663859342898727,0.6420006677406721,0.5107222652524623,0.5943360241813653,0.7069503833562215,0.8010667779957542,0.7206622661313078,0.0,0.34992658696914647,0.0,0.31490408487354804,0.0,0.43815143066465584,0.04758693884486677,0.4638028378411298,0.31690923891756473,0.20919982802921416,0.7874878008673446,0.4305107495304668,0.41222096796548713,0.2574701157640459,0.12262185171898873,0.15017222009309386,0.37323205664934894,0.045581703741000575,0.3917298465427805,0.35630849364300554,0.0,0.0,0.4191853641245769,0.0,0.41877873523234477,0.3680358911047541,0.352201871104369,0.3377711201381699,0.13920476103094,0.33208663010502226,0.17350219001299816,0.27998491463424185,0.41541283584161026,0.3242577710239915,0.5337084450480228,0.8891145665366387,0.3432945265692376,0.2901213462541123,0.35102882308560746,0.0,0.47218584983909845,0.8787047808683431,0.7435460500840382,0.3790250911277686,0.7182418091847175,0.6451141076298644,0.7523109679266002,0.5590897238129287,0.2756197829795196,0.19705857574699379,0.13124423647407232,0.2709328841820861,0.28818924958624725,0.6992313192142678,0.7052875583034491,0.6919156406852294,0.6878436310339143,0.7291543187897801,0.2155231464227868,0.0,0.716968550906944,0.4424782236136541,0.7747341762455862,0.7274536051426211,0.1315787557477519,0.633463084766005,0.6698659598704566,0.5205468770250057,0.4666779280143953,0.5035025959931245,0.46247414512727236,0.2768727267961506,0.25735029842169255,0.3495738286468802,0.572537613759784,0.47280083214256835,0.4843346519871372,0.42510735671835176,0.43186904478459753,0.826342874923027,0.8102410542346792,0.8030062924815843,0.7100992650446447,0.7666248227518839,0.3615355815773759,0.7177370101063484,0.7606967804745808,0.4667495571517875,0.7826747094775666,0.1821377490309504,0.03731684271343525,0.231217384032229,0.7708811320764591,0.7689078912859276,0.6504632365948171,0.17389032287926753,0.2100635523660637,0.7150021493700244,0.7409065251626211,0.5626645566892743,0.3564406699379466,0.2817925968237425,0.2019575960980172,0.1456150798560401,0.3934779699752558,0.5784093038837055,0.08637237788341763,0.20992625631356607,0.5784942129090918,0.852205402312737,0.19549083531269157,0.8911277798548114,0.7188852285406845,0.5173249393477491,0.2946564833163265,0.2632499611857124,0.15613538888163217,0.1576113184724184,0.5749675183221935,0.8695247581473808,0.42132557122635356,0.6433743846880621,0.7247515087133577,0.2392456390729431,0.705898689313215,0.15917422178408439,0.5995958415157949,0.738633778526108,0.3108024855869563,0.699984901494451,0.5154810988248557,0.19548970319391948,0.4251605313989023,0.42996556193370833,0.4426179450073407,0.16461375029076158,0.5650727498239215,0.7358694837995111,0.2176334046659313,0.2717587963502962,0.26946506860305397,0.1350023053788609,0.13063252803922676,0.690398624035535,0.676585088544491,0.36655641498135383,0.3876034617831008,0.14140302895648696,0.3437938618661708,0.6827723047085371,0.3361429140253858,0.46482121636395757,0.5113379655526703,0.6428539539566572,0.6548277125643597,0.8142727418618123,0.8140741803950144,0.6596471193933662,0.5169370239577094,0.5164116716132982,0.12275675060189868,0.7417174131865284,0.10176882059783306,0.018139614336527145,0.8419032253901905,0.6032602849623945,0.7912327190526519,0.8483862154298906,0.669022615225164,0.7686429088335949,0.4961415955554718,0.7466058536109256,0.35158717223803104,0.46497555673483054,0.04055255850603833,0.644147335532083,0.06787928881585571,0.7257773779659152,0.060583406397332895,0.07367289783396372,0.06163401618030147,0.1721972380979135,0.18091807477077554,0.49834555335118097,0.12848994820628618,0.213676250875961,0.21112376084518872,0.22706557362207952,0.25330964079381635,0.0,0.17453246777130713,0.7321622015856293,0.0,0.0,0.0,0.6699536996885087,0.6897692230127004,0.6938689956957287,0.6480725196096379,0.7431292067418745,0.8150185150901964,0.8493473649487396,0.9261900633025422,0.3699810915149834,0.7100727986675877,0.606840803979968,0.7297908724970299,0.75943176345922,0.4275606150685463,0.6573122403235755,0.6099053753124659,0.4285639762078579,0.7751744302447412,0.6274023055439204,0.4857996046141151,0.47487766468150994,0.6779575073642502,1.0,0.27563387828729485,0.7410617775839531,0.9393979034330273,0.6303748357499447,0.6784250400189908
134,0.5897603811237228,0.29162389401217403,0.5174109046255846,0.526122026600508,0.5260546323643205,0.8959174685284198,0.7953105814446393,0.41925153109730673,0.2655620734098329,0.2777295846280165,0.6479487954523926,0.28369448115947365,0.7418037065329159,0.5956568523142455,0.608561417789119,0.642924882491415,0.2399827817360867,0.6078372200966525,0.4881968205580311,0.5949962321813063,0.4379586846883053,0.45831474202747274,0.11495143433881798,0.4352124674901473,0.8917841946291102,0.5122006404263116,0.3056920295639126,0.9072414048510077,0.9044574067183921,0.7952536672667052,0.8829246948798498,0.3565273705747166,0.7333670441135389,0.8615949181456514,0.5632898765022731,0.30498045985242445,0.5443803485339739,0.31283089374302075,0.576611420589933,0.24877110055790017,0.4223205958419807,0.33631359493998425,0.4699155319670126,0.392262682315276,0.5480799594863099,0.6976810361258278,0.7216061362772822,0.3320721093026592,0.7069299376674306,0.6576801976142664,0.6929394689622872,0.5168635970652478,0.591513664894238,0.35133812592021674,0.516118109390429,0.3560722547916181,0.7886585649538885,0.6711566590291368,0.11504322586956543,0.7744872990576921,0.5658583919409964,0.18934474250074065,0.44992118928050645,0.33276416217827326,0.13520646415940527,0.33465471299524424,0.4795972028613305,0.15643876358990244,0.6970254466975481,0.6317417383725468,0.3737407750083022,0.5953637986105009,0.3200497949255578,0.12487528251988408,0.5304810851402684,0.7843573239297462,0.2255550710686199,0.32451313787122077,0.6850698635848562,0.5112091793345623,0.4755231650737498,0.2985321890141985,0.6956017180188554,0.5283156612427212,0.44872795876203503,0.966129915559941,0.939689320704934,0.5494069785405924,0.6390610360034124,0.401984213888995,0.6725330336886364,0.7032768934803192,0.29233572193603863,0.6303223071003154,0.2544738942926841,0.4323650735848494,0.8248011999950536,0.5922666317804542,0.39281995231788175,0.5356689671507512,0.5236922559438352,0.33139565136920834,0.4241884051218229,0.3957934533085828,0.8139549184102455,0.8333180329890855,0.6551970698232088,0.32904622738927214,0.8235259617489874,0.5986443513731506,0.8283603581972282,0.5704872093299097,0.3608612508412043,0.4216398897316422,0.6381882116603574,0.4916110167721175,0.6459067750562978,0.6426166168702224,0.5629130366056492,0.29815918271258,0.2312193989180068,0.2641457275381149,0.7438755139716786,0.39398114896328207,0.4582716158934328,0.3085357542637723,0.6307151837258812,0.11426808484762828,1.0,0.6101805277174276,0.6438067539421397,0.5592132506675489,0.3172859290882435,0.26523856970088117,0.3032586712049573,0.7136336769769788,0.8165996290118576,0.6915759383440939,0.4284538136205638,0.6918934338065884,0.5857654787024749,0.9256986807134133,0.8527026770179029,0.6712655291944082,0.5251654173987983,0.7288191929693479,0.8492692424130602,0.6677310525875607,0.3827463908785999,0.611799711384833,0.4039527489840966,0.6784936591792937,0.39734961337265573,0.40635720920343366,0.5083710233729467,0.38622465902896974,0.4485637397459509,0.43633040426570974,0.5316314821196467,0.4627011170179262,0.667925327772947,0.8523492301940006,0.6356677816611264,0.6797840434755408,0.546890566213958,0.5577612454292896,0.7831613866805353,0.3260835723504667,0.6818123788302503,0.6678095993244265,0.46868551677653153,0.6025978157249989,0.6616504486085398,0.668328797126768,0.5448152491358326,0.537185849016935,0.5143415242314298,0.6787940418273697,0.6057015842234803,0.9972259214696628,0.28006559724329655,0.6223983599114273,0.6094253246489192,0.5754491366764299,0.5783427776471121,0.8326014461919011,0.5384343613349364,0.7840774251569476,0.5328355673369888,0.4681351981967055,0.7147229694525735,0.24557267603325575,0.6355386295324268,0.14010559452424834,0.47843557743859083,0.3221080157086187,0.7687684164253682,0.5813398107934438,0.6672117925755117,0.12327755966881303,0.629526940107591,0.43841003232409204,0.6464933685224694,0.222299397171461,0.32403423101945483,0.7946723572883994,0.8359036304347587,0.7865944170271854,0.836055851994153,0.4152528564053672,0.540279744291276,0.43214041076541554,0.3223510193648073,0.5282639247130531,0.3714370500607638,0.19851239630041143,0.21467930960490153,0.6237128574178913,0.40293331638553403,0.5571696937867677,0.5204829235988769,0.5196656185130762,0.5115322044531477,0.3735124779922742,0.3648351276051642,0.3287527179991563,0.35607612967971425,0.29803005649857844,0.6251749152584594,0.299480099917862,0.010856749348810903,0.6655605727433704,0.2855464219428746,0.6496178036300306,0.17232199799688516,0.7734720700297012,0.13382117356321638,0.2775895534935889,0.7162594654528861,0.6705241447222892,0.5962410034498609,0.3838721979348599,0.6053363834814491,0.32853960531201715,0.7209124441203358,0.7677345410611571,0.12340383372047477,0.7621009300261959,0.3928272850563363,0.5501401976286769,0.6440061932497348,0.20789469930983218,0.5376821965461793,0.6468913941757021,0.6879822948254877,0.10188558290278016,0.6161949607623163,0.28894024890629844,0.35240979489645496,0.24244025816588344,0.18949527671830804,0.2590640020763683,0.2520304275471041,0.18188210134847257,0.23822364045806518,0.7492582841382373,0.8846014666695252,0.2296564860673449,0.5194905455217116,0.3908844312518536,0.5269047092221685,0.4500918316148233,0.4282256880206778,0.3059685321304879,0.1553243826556907,0.5623721555288639,0.6522477193692813,0.5156852154307441,0.8249474347601079,0.2924590928409247,0.5163622798460169,0.5962792239341257,0.531549462982983,0.44334220802072244,0.9835524310408653,0.8417734447207197,0.8251166487945636,0.2733357881238549,0.5991465192260786,0.5249945774271088,0.5087302716792391,0.4270732492942483,0.808077228658163,0.29908966162242595,0.3971273894593159,0.6080269620871315,0.602029355939326,0.39223054409863667,0.8233613607170954,0.514291584247649,0.6800596189444644,0.525809698521985,0.8374073292882549,0.6903294895138434,0.553162069070987,0.3814385854085076,0.19575616762122738,0.34147732372665046,0.310137100008477,0.7049649223431821,0.3109252596012979,0.27440573951301667,0.3926614878805903,0.2048489054246912,0.4919424046468197,0.28444154304468205,0.2761556370129268,0.30652381174677074,0.36731460896563695,0.4067423652526694,0.37002121565062795,0.7467189605786003,0.40617521331847806,0.3489114779610416,0.5925889712995357,0.6874442648150308,0.3291213999428673,0.3061044370673653,0.6947786496668286,0.5879111081470483,0.5123657221665082,0.6149018065646035,0.7918640119365258,0.6514953812376285,0.3854070386664011,0.33971319614678314,0.38693650655538214,0.3098186667201314,0.4093816848147123,0.6651470010620186,0.24531749824318735,0.42918266246658915,0.4933423870193155,0.5775178845982959,0.7596302351481266,0.42173903378999467,0.228732063386401,0.24509720898527348,0.32835624244087896,0.33836494930430017,0.35842218407552695,0.2824230352549134,0.37496054470933404,0.6882333611853056,0.5414181315555632,0.5395187352691381,0.46537102812518666,0.5399268873398562,0.4653587580715527,0.4733662754253985,0.3381260557002956,0.6424158575846933,0.2229462277583871,0.6390241782498196,0.24791131116932677,0.6121351924261147,0.6041996234594472,0.6501321672039756,0.5341282858143958,0.9644421586616774,0.36725689768738995,0.3258475582760559,0.4467587164727226,0.5509173938248151,0.6771553400716127,0.912215335332803,0.6052306378416062,0.35869116653506655,0.6292194296184523,0.54145999991688,0.7382493130943418,0.6563219099451642,0.5287576262808439,0.3190344797249654,0.3019495991419085,0.560729145204141,0.5405304315510515,0.6401239051671098,0.6420338186858227,0.5590526361208125,0.6277898762102966,0.6508615021743873,0.20499099373287916,0.4234570273972001,0.3913387632654674,0.44016241414294593,0.8164163479092947,0.5638077310645951,0.18208185511520789,0.5609261812098412,0.5755352369554405,0.6648842982530311,0.6336755844309238,0.4863087200621485,0.524082892274265,0.3864413635813222,0.36134472377184484,0.3641290690510131,0.6215324845962151,0.3577798411108152,0.418724012351399,0.678288712700507,0.6979405842239547,0.7448784520119719,0.7243870147908634,0.7356279898286302,0.4411828789426783,0.6474313962081341,0.6598011874482154,0.6343015116130329,0.6388211236588321,0.6822661569732935,0.7394369194909752,0.16175610346678163,0.20510650317582668,0.2575721373261643,0.6596393286829119,0.6597951524276917,0.7613608049016595,0.2006606638268641,0.5653385126923176,0.7255210790120288,0.6222860642732984,0.5041988001913386,0.08457950295052485,0.5645712070703722,0.3975051220944481,0.33036321832804094,0.38584401255078016,0.43098341717934635,0.20798631543759927,0.3490260723372972,0.5225600184513081,0.6800245788886292,0.5727340047796506,0.0,0.6316271658876231,0.6786323790070657,0.5093210524126294,0.34053712793419716,0.19632986650917747,0.21031673492313185,0.6397013535026665,0.6532318487547835,0.5624366955929957,0.5754773891512985,0.639505813002037,0.10201338976852413,0.6571241778178241,0.08560518005977859,0.7422107151390579,0.7137576281569907,0.3497414810999632,0.5824089167730275,0.3697883337035439,0.2146554925394175,0.4552879540026184,0.4902248612506251,0.4758874086231463,0.024513868638652608,0.5188925307823065,0.638694475294362,0.39569192608708625,0.6121687413169081,0.5147567614944735,0.38747280924050537,0.36378664140301376,0.49125042468611657,0.4796609887404916,0.7130504043828777,0.7267999848494011,0.13818957945694477,0.5546314813337585,0.6018016291874717,0.5606769327037322,0.6545475634221746,0.6619250753969775,0.5910370005764851,0.5936921915449566,0.6189310462571693,0.6076005852167932,0.7252974601065469,0.6883826042977139,0.8023897933081111,0.5104999834493603,0.6932081372999944,0.15623433133319456,0.32531842768645486,0.5313533723048651,0.6251144810281114,0.7977532730838954,0.7648654080313338,0.6639071202523934,0.23247749465701212,0.358656677244782,0.6788962135619251,0.5990769129289041,0.5162648868129274,0.2740879417463073,0.4076959436356915,0.2810796793240849,0.34247815660317493,0.2896730293089989,0.2826082654847817,0.2606541046732736,0.3760119227555168,0.3784308026980169,0.2984003738592705,0.34344276657484746,0.44010557423645186,0.4435537655734172,0.45732190609401197,0.5080451517486922,0.47023092398540695,0.22298085820409266,0.6376947360813392,0.4726423239884147,0.44466188287451347,0.3278240016769028,0.5482344946500167,0.5872981203670857,0.5412963225778257,0.6037159005783939,0.6461097364337753,0.8033661998786231,0.6641920147308895,0.848829432889614,0.5248411118815128,0.6304434141439901,0.7998972725766852,0.6266407260238259,0.735175157981932,0.4182876453701971,0.969134549536531,0.5670026998447008,0.569396694505123,0.753482679078574,0.6563203919430037,0.547024301383787,0.5451999870353819,0.6317998519085701,0.7303364803299738,0.48523578297856845,0.6769934871482742,0.5898061662375932,0.5738166183973071,0.5651251211434921
135,0.6471526482407474,0.3497141179725356,0.3281306331997561,0.3897144664108477,0.5950170785406352,0.7087260737294933,0.5613270653813801,0.42710808305587544,0.1565572778299689,0.3446826359314518,0.3238390503491114,0.29902113545217907,0.529234807899879,0.32239315143572056,0.4743975620784036,0.4359120329072107,0.6369072566404095,0.4396126468645898,0.5550989657101149,0.4651365042989349,0.28876555632331985,0.41912887411752425,0.27058452054103793,0.41626425153474333,0.7499856435164979,0.39733025247153303,0.5076758686497169,0.7033319705414068,0.6911653556302818,0.5164785549268728,0.6092083279483747,0.4172122386539133,0.5046400275913179,0.6075239591455542,0.5176033503873488,0.38046537988190604,0.48287208523237196,0.0,0.4364588849142398,0.34254011490636077,0.5510952225595659,0.4801890250072887,0.23181139811310805,0.16664024227208338,0.27481018045794947,0.5505806793605662,0.493278658974765,0.2631360061023921,0.5621531577290589,0.5749882008204545,0.43446220466504876,0.502587855178809,0.6411611323034415,0.40589387663768167,0.4769878969185441,0.34652333499984306,0.8096759198876903,0.8217264103092519,0.44340438657280695,0.7900774385855384,0.458381415316625,0.35468794702639544,0.25294178377849486,0.3916489716499655,0.014291806377454109,0.5138584362699135,0.5069693053882185,0.11520558559636379,0.0,0.6851711864386982,0.3068937778482961,0.3748402374032762,0.3389252066998372,0.09765146502520534,0.454671904179199,0.8195864524123346,0.3161198230678096,0.08802087491715878,0.6805161790654869,0.3355645839126657,0.5718276623764067,0.3955195524588285,0.6814932461140986,0.47330975505146355,0.4451054642250463,0.9421976077691436,0.8911739058186461,0.7233602297460475,0.417178177296105,0.3151055565892761,0.3927887567921268,0.7891235818308815,0.10628275435350212,0.42648631006403415,0.40442364085837385,0.3606968016998209,0.4953077239547468,0.5546817362626749,0.3093034899704109,0.48690522427272387,0.43525880845525033,0.45655552212349615,0.5331241486427584,0.11257053321232312,0.8550807958821842,0.8504554216544349,0.3741980445975267,0.05654652035647717,0.8619711196344729,0.39049293046121386,0.9220761420023611,0.544616769095792,0.6655862628934444,0.3576371949476581,0.586307903547403,0.4794621746522959,0.5911072673276984,0.46256583211229535,0.3146828320499387,0.2642077540663716,0.3171515294020596,0.34012475354069277,0.7506042696891828,0.27757611978597446,0.44381435364916755,0.17636806650394296,0.41421933763016805,0.2218017155051442,0.8853803983878076,0.5210183109044434,0.3603674242279794,0.5539750322006378,0.26528350384782634,0.24956352123229997,0.29353402722670624,0.4370846224801945,0.7607123565215903,0.5725289978848603,0.21995582398223407,0.6435478426270348,0.4352581635201644,0.9271792525628567,0.8268435160803096,0.6225391625110229,0.4817407057891282,0.7411640585298559,0.4735784080821695,0.7286443583141875,0.5413058491234222,0.5727030161260308,0.37386300293974356,0.7327942544148288,0.26398298727287595,0.26734303632638157,0.2319476260467814,0.2717914705505815,0.27035043116956103,0.310428836027134,0.5618938171853775,0.32498663571629816,0.6583291181821128,0.7815196125353238,0.6555232035335822,0.6248192881503305,0.6445404867110239,0.5463445548616572,0.6565653378909637,0.20504067183404548,0.6956001851489708,0.5508169232791473,0.4862264542292328,0.5935372903453645,0.5274538971507716,0.5572679675158324,0.4011390234546012,0.4511323307347268,0.6381940962290406,0.6687884915924164,0.6291108965116332,0.8422009786621438,0.19664041081732198,0.4068690051228865,0.4291603713394354,0.3602336013502408,0.608953319022468,0.8075714817839875,0.4216466665516594,0.5623477115317265,0.4385650472947923,0.47720808946628673,0.7392114897521135,0.30783067171943734,0.3279019142348634,0.3389157876453804,0.4982411308619147,0.25910390862749383,0.7178799326372702,0.5560588598141981,0.670831531756977,0.2542106140305581,0.5040546466158218,0.5125842429306269,0.4868250206344961,0.312370538438702,0.1370235139043801,0.8088092686554063,0.8800201148881861,0.8044717704274388,0.7811847511464465,0.19336816928071704,0.453992294610055,0.3046005086626073,0.3569281590265495,0.36525660058294773,0.4175084672961737,0.30414125236805106,0.24902889874474501,0.7959229350339402,0.3243520569016697,0.9947991690581959,0.513143302003279,0.35498344345497806,0.3241896138683979,0.4406291765253964,0.34651772040489254,0.40553782961353546,0.2791828973634741,0.395878190791984,0.3474148548354546,0.2776479763509515,0.09033203055749497,0.7454101895646695,0.35488413790879925,0.7287922840184663,0.1762354269325907,0.6504672359470923,0.17038256743631028,0.2303324773141262,0.6958842999571849,0.8457414986454556,0.39079615539924745,0.4365591361874163,0.40217551144087815,0.4686269610545254,0.7862031323389369,0.2127379276621325,0.21227868790895438,0.13302227057302068,0.23968998683464582,0.38478369035949495,0.8231545937393683,0.2763635578746805,0.42480655451798144,0.6421709544541202,0.7124515923376016,0.29430253645968046,0.8053880485592675,0.3773805289319046,0.31675592167333716,0.35833385629518255,0.20832186693985863,0.22773346930022814,0.19890353375217346,0.12793332211795244,0.20296744096904826,0.7137673490531966,0.8493300821266127,0.4532056646717073,0.4643129029356799,0.4753584326525484,0.6822700975586798,0.4447352435433048,0.39119225927711565,0.316455925047651,0.1855058113381351,0.6810401943861251,0.6510288675798735,0.34491823873891114,0.8902747558998447,0.20250921328504165,0.3142394808822508,0.36080633473499296,0.20355611652951153,0.5920795406549045,0.9776291029227965,0.9954534488799128,0.987090624608857,0.2953318029943785,0.5237405477259893,0.4189308082912753,0.5792815564828769,0.27597211681400835,0.7747554562587462,0.3023701450114228,0.325982775712664,0.43062842812672397,0.3824644849290668,0.1334651866217636,0.7623090868914549,0.37109170477768927,0.537605528720062,0.5501382106237057,0.6776293189368362,0.3633630693459666,0.4080150684229192,0.15044696626415735,0.12485410521336503,0.25861206791629715,0.28895276712970763,0.7839176548994301,0.3208396086152934,0.2644881847468347,0.49863529032155235,0.28243864406610253,0.5273461754431203,0.21563030757625495,0.16868877309781302,0.24791776635455046,0.45043686108107067,0.22924360821731685,0.45670625994776987,0.5793111428819848,0.45976045614461364,0.6175885516799946,0.6885624960541714,0.6240264389594203,0.136279792909205,0.11948764375707413,0.2847628924631531,0.3651600004751746,0.31589920754940853,0.40374566830613645,0.7937308946071143,0.41609988625674843,0.4670451308789733,0.23657047947086757,0.46052646699418687,0.24427089338238975,0.502595151072817,0.6996705423616023,0.2921691818235231,0.455767818690198,0.4992702650984595,0.30843314936279576,0.7249698478796912,0.26600185699017825,0.15913088898001485,0.08439816330650886,0.39846552580442474,0.4191422682983501,0.3266017836065307,0.3473857072744996,0.32869345356287155,0.3460472384858319,0.6613757300660565,0.6827737984441946,0.40658656750987543,0.6662991049588857,0.42366173882449604,0.4428557103618266,0.2840386760155137,0.45815654548211243,0.25440221076007197,0.46360583980427794,0.2579524493427715,0.42424492087126503,0.6697800106284348,0.6689696490165971,0.534580830599645,0.6979259385448673,0.2283746681021293,0.3560766165282429,0.46829627164893234,0.2995207109270284,0.4502725285602248,0.7978960511526568,0.4744922628389291,0.2706774709569835,0.43663209902595196,0.34829797753420266,0.643799484895077,0.5224515816694713,0.17919387080743723,0.3127962620542577,0.3317930313071267,0.05362805401988478,0.06861309498716006,0.23291381915665235,0.26356086481576635,0.6608285690363084,0.2255704396766357,0.2659305059610508,0.17217049415012756,0.731082753710189,0.42865335161815443,0.516799025610205,0.7451097219152838,0.6532689930510907,0.16547615917471126,0.3442780072863465,0.34717060138923606,0.34966457735523065,0.3181041482742095,0.06933014898152859,0.005545566535811632,0.0,0.38073972731493133,0.34655841600978093,0.45520009425871993,0.34086750299441065,0.26631958344331447,0.17904767301118868,0.20631681729176962,0.3790998901495243,0.40764638476140597,0.24317010613719717,0.0895241283041321,0.4644156655657252,0.05481911128097274,0.42477716558760936,0.4760742679795941,0.16867399973125913,0.34406554396874117,0.20201027324586932,0.1474927310056468,0.23915408060798893,0.4540326321458652,0.441306340438541,0.5201631339748692,0.1691935134169886,0.3697362710470957,0.6389605669599061,0.37494992128077076,0.3057315454850091,0.1900834669316225,0.021542965538821082,0.38019869138060425,0.30612240572760196,0.35920300242638115,0.21047428263536672,0.2025201103912182,0.12717428920649745,0.5200224121041805,0.6516408350724758,0.6881257483780924,0.8444764136484262,0.4034743303526599,0.24810071452048815,0.49674301378682617,0.3254925678988974,0.1792349828146196,0.3877550066852239,0.47075594132150017,0.5868368618576111,0.6661607275152984,0.6537187117659973,0.406066451535356,0.19199456891481484,0.7053294773795039,0.14786771613551694,0.15632386473410423,0.64854291741885,0.33325464570996216,0.37117097281603095,0.5689130994448217,0.3198862016099699,0.11816053146648124,0.1349055215613784,0.14222637627976387,0.28056737602007703,0.39466723052755137,0.3856591834878039,0.16296488584679783,0.4618548236114335,0.2548779595564018,0.37491059504014534,0.3519452426671255,0.3738069835015334,0.3675336236728586,0.2844573290820063,0.3269593209630776,0.10416434476447636,0.3613985437042509,0.3881113429592025,0.2878407693373725,0.5921752699649021,0.6207701246126586,0.4655922292407897,0.4087099193664354,0.35613995340664073,0.33558761437685974,0.4048312347591935,0.41784256689427973,0.46114811292788294,0.32788389390224515,0.7174607621962454,0.4215796550891202,0.32516945075726505,0.8247041433451939,0.719008423896895,0.8575698995587582,0.7834375422172372,0.6804723630857864,0.6845493363141134,0.6019382074147019,0.38892719099340156,0.7904477968726541,0.8771197687322407,0.35507513763471277,0.5969597897937251,0.36254758143313687,0.6545272648210498,0.37585068006000244,0.35214137280685176,0.3430827381684948,0.5317423438466254,0.4785125253482198,0.3295942725308207,0.5884263132957909,0.5580469540096196,0.5555368423008415,0.573559795457774,0.547526427352746,0.6325812707508065,0.33472072443327955,0.3753240166149563,0.6050598427399247,0.5931074341129459,0.5712376659042379,0.41034187330074234,0.3267874201624002,0.585525977737693,0.7250821607394579,0.40451776068595124,0.7646459444196441,0.7635293160250946,1.0,0.45172617458262626,0.3916035318290163,0.8136656732255811,0.39118312937107147,0.808052252893652,0.19450786292609926,0.7184229332689718,0.40270612077671114,0.15786086180292108,0.3511349775638175,0.6472505588316477,0.755127278022434,0.16837597459853543,0.4038815890220744,0.8158507303707756,0.36193080734715666,0.3914199276262197,1.0,0.3664063374272186,0.41455413854382694
136,0.620444787379725,0.3122581253619254,0.8015782506726735,0.7806189882056492,0.5193873683762612,0.9538896737068562,0.9257607804097309,0.35938867787907663,0.3416569830676289,0.38889113317328394,0.7465024862228479,0.7412675081445551,0.5716521290522644,0.6789745904665173,0.3902342095240383,0.8775165735569121,0.5682378865049393,0.8683192583132218,0.396772313677125,0.5099653746575923,0.6945279626643359,0.3602292338311797,0.22524764469796965,0.38527460918106166,0.7585663411791983,0.4373298445191941,0.48085124792769823,0.9576257507916649,0.9555701569230293,0.8989761076749625,0.4275613435912837,0.46846082385470095,0.8149443585634765,0.43867459583155266,0.346741680736683,0.49717686424676694,0.33110741937903015,0.28626282069874465,0.26085420190898184,0.12651435017814378,0.22718537093508806,0.347468462158137,0.755159455338801,0.7405881360243225,0.8398111770317811,0.8261402843779204,0.849218977890739,0.3865448099250794,0.8268898992292975,0.43246821885209297,0.8345959440380927,0.4564345611941019,0.7530683759993327,0.4405804871261522,0.42155423091321714,0.5151558979603187,0.38706597773580004,0.49203843194160796,0.42742730593597933,0.32525572101596795,0.8687768486214674,0.3358431784222098,0.9846359491164816,0.25461373763831086,0.28554798929499486,0.29097825248587184,0.4834197997231393,0.5124928677145543,0.9432348228844337,0.8307681845617904,0.13670572715950557,0.8636003401221202,0.4916156090234481,0.1640276544083072,0.8382785462875715,0.7661707351071735,0.2698720567592565,0.22362582580335447,0.6922518691192047,0.1474165826315572,0.5542565915078732,0.4191531837494881,0.7691050750469418,0.06805428172652084,0.3920493917852451,0.9269341283335725,0.8690212834462995,0.4095519622635417,0.8804338988639414,0.8211614645055225,0.8683548842271167,0.44081136444880037,0.7831158939950933,0.5961880981511549,0.5520178792708369,0.5582075969235696,0.7861950582863059,0.6314890347680024,0.3183308665176382,0.565295187358627,0.27070909248753483,0.7465672024846851,0.894226877141134,0.6671699479663837,0.3837925629146475,0.3870788673249703,0.7646379894434161,0.5090869754091729,0.3676662530227247,0.5558626634553194,0.5937363948042437,0.5261931925330251,0.36544606612402536,0.479657273500465,0.6537755447003605,0.8756324651186959,0.6711936095442333,0.8352627351317482,0.7850803572708852,0.3370561761453907,0.37717694794548845,0.27388783096159175,0.6990092518595905,0.4859296028652681,0.36409427702627506,0.4233079439254164,0.9171677526885939,0.12360090103137865,0.7302410225859216,0.887287661726738,0.4562560604378821,0.6374475979467501,0.8430260377919423,0.7665815821843345,0.48391022203436856,0.8782912288440253,1.0,0.6465407504628105,0.7597693982983299,0.5981195796471016,0.5371996657955395,0.9205927986655758,0.8457009715610181,0.6802560009592277,0.5467464337309755,0.7228976830417786,0.9082134271978248,0.7387435156714536,0.9029615443392279,0.5603687623577448,0.3935487772963328,0.7105856048368965,0.5085086743831541,0.5150574243113959,0.875700796335116,0.49085585935310033,0.44764593865893565,0.6500138469213254,0.6161714852008179,0.8152125135506518,0.6401721754519539,1.0,0.646426134148278,0.5952121395350592,0.5929617019404234,0.48867346594079464,0.5799449740410343,0.3913824123173125,0.6658096799481737,0.7769747893927196,0.5228090548272327,0.5980336098381652,0.7611363079471208,0.7093889830139072,0.7594526797386472,0.4833002190386509,0.575429850517011,0.6822559772507677,0.6379502496289259,0.5854250710726504,0.4292296206397024,0.8720684739821257,0.8559123490832171,0.829348496215269,0.6238887213360597,0.9813121506829818,0.41196772044781316,0.34835662368991105,0.4264443800061707,0.38907853651958246,0.6303660863757384,0.41584563717134754,0.6748139365401722,0.5004278937069577,0.5495775100322806,0.7500193055745064,0.61588438398759,0.7020635468882135,0.42604087653344647,0.21269838996396592,0.7802900912512971,0.46135418731837424,0.7870418388329583,0.23987247953700028,0.37119748926614676,0.4400088747787921,0.4056522075238136,0.3894209066559683,0.7894555424693676,0.4257130092142755,0.7168219717318007,0.49524498093125624,0.48562729321990744,0.929510036638426,0.6380107128195378,0.5824768020063753,0.689192482327159,0.405122231871755,0.34600299703900994,0.578175586166985,0.4914036946601241,0.20772662404682843,0.5058532611272364,0.48221338119089935,0.6587102401592184,0.4645682471734027,0.3991747286696061,0.44746324299299894,0.8465602124968316,0.2511528567282959,0.27383995228928426,0.6232155428201216,0.5498681746625326,0.6159519044687626,0.15076148002387438,0.8592331773941909,0.16895085245037716,0.26403414935849956,0.7181375272815292,0.45875227251752493,0.8465125081622369,0.4541662654397554,0.8527347819757608,0.5246441407429382,0.6002192918080433,0.3560792689044356,0.24569385839252977,0.32447715692406903,0.21155539963278672,0.8598757351217198,0.4373892290071839,0.3028475748731094,0.5943746073993016,0.7363159899694479,0.01450686864972676,0.18495348495997635,0.40971140350535423,0.5444791101759912,0.33514148116664777,0.518341919305827,0.4361977279696493,0.46652467770844325,0.4378153385333271,0.22157966801522624,0.4627592563108007,0.6249103078438063,0.84534781926789,0.35809641174179463,0.4414550976922186,0.22512765751988867,0.5400109297159218,0.4840298738318624,0.444823332123814,0.3498881915670375,0.2679232269738056,0.6079098517729744,0.6531159568264703,0.8502175702167908,0.7684444828951402,0.13118994167047332,0.6115471998396605,0.40578874037118995,0.5341355591471556,0.48512833068295325,0.9701836816705811,0.8990983361425177,0.828815177703115,0.32536485343207683,0.7566170011930904,0.5853246432975592,0.4508990957688927,0.7263796912668102,0.7514967683701222,0.2751549070779412,0.501268768713421,0.8512084690545262,0.8320313231589163,0.37006839348323306,0.7003082633139357,0.617353355945922,0.5657044082372795,0.5343669064054114,0.5324474685531947,0.46851930311255574,0.5560688790740007,0.20793760432426006,0.3329434157230287,0.47283329848376315,0.2901705418350959,0.41260437969573033,0.30729107939324457,0.27957942873410574,0.5292145518518203,0.2751570605447026,0.534566308170861,0.3850497110336832,0.3845108772059326,0.43862162928198245,0.4800771219257907,0.5265427426251474,0.4795170467802156,0.6494622703767816,0.5181565471637871,0.5934584315788334,0.39154146988908617,0.8272865467458909,0.3683176035176148,0.3516846746638369,0.5787617911094165,0.43579316194067974,0.7470359523622846,0.8450880161830374,0.7842282517917202,0.8313203500723556,0.48900744301778254,0.6001299890180777,0.4920185293013195,0.5641677442346538,0.5225879481773167,0.7131806287299393,0.2248312854178805,0.5392777186751163,0.4680684529359138,0.4099702475589929,0.6949035048852601,0.11176404841130273,0.3317845817798421,0.3120128220420462,0.3124272553135706,0.3129660322785456,0.2262380503895883,0.2538182139671598,0.3363462801308024,0.5167078700903123,0.5892791721095548,0.6235626058224187,0.49921047242639305,0.618477073532187,0.45240223734537144,0.3840174216590995,0.26000840262159075,0.7474379896333656,0.25459550525457997,0.7837088259215959,0.275762831612835,0.7032666842566054,0.6610923388298852,0.6061373756555823,0.35381216467592697,0.8844485207836973,0.6766136153093933,0.6430454152222472,0.3527633895245397,0.510376223415827,0.871536680844673,0.754349300914345,0.356096178216165,0.36822371289232125,0.8377737039197289,0.7280180386881656,0.6335798740469711,0.6258409311088238,0.6491815505628094,0.28975675837154424,0.2996485089074317,0.44503358953672073,0.42905610414470585,0.6925866342186012,0.7042507325477042,0.667845502054583,0.6911435102664164,0.6941968574924129,0.14994792952809946,0.7686505135281774,0.5437726884631209,0.03670217759784761,0.7160575706302037,0.6921843121716978,0.13928422197871876,0.3984135859872976,0.4014408168197463,0.5872246503088372,0.5594971506072459,0.4434980426537345,0.42765518094910837,0.3541365945544549,0.28615093994527036,0.296463793855841,0.6765042460722485,0.5101120657131054,0.2728443569210411,0.5837535339087825,0.5832949832283989,0.7982536903611231,0.7963691892914694,0.7474810087245056,0.61161220559619,0.5123123525638463,0.5641603215866429,0.8409149402030996,0.5203473069834786,0.5848223604352797,0.7884436533928749,0.17513520501987961,0.2072167421687788,0.2607264026842533,0.5137047155738442,0.5399901093451855,0.6804678634831635,0.16801243321209813,0.42250727462504883,0.686486880727003,0.42241026229982354,0.4140550994299637,0.33356371032103604,0.44087019299345204,0.38135864272793824,0.31382286084034283,0.4609060260598688,0.5265188360011981,0.1544139487303558,0.2380002448419369,0.4231025583934595,0.7699878293996847,0.6650980934749545,0.7498973801943475,0.850569949362991,0.7642950017666976,0.0,0.31843456178214635,0.17948453206735399,0.46753240194416734,0.6489472018101056,0.5908426972838589,0.7019185344261295,0.4396446469489403,0.8497872960615958,0.16582037710081576,0.7119762102294748,0.16748538399728607,0.5243573410088356,0.6017661189264318,0.3792610520172765,0.8460960437307807,0.6436714971132554,0.5005860618786786,0.28348848698576273,0.2698499406407518,0.4604699200760802,0.3182875417853747,0.44526001183570924,0.8627203948904242,0.2280226038928518,0.6192603067855863,0.4417656261446319,0.4352889754152493,0.4116358310880494,0.3180337279766522,0.30563428835159795,0.43269620280989685,0.5209541539264533,0.0022546187284137186,0.5111566705172284,0.85635194985367,0.5051292999251162,0.7902017370867951,0.8040874617085221,0.5719303966361404,0.5052700475636995,0.37167719216411377,0.34909733787604325,0.5088393176028242,0.5162588533164943,0.5885572429711019,0.3309895735596227,0.5450426881978766,0.36711847178098544,0.3411669152614946,0.5391282487363303,0.60782649972457,0.788581124365043,0.8197124213180994,0.5109919613395497,0.44519692187871296,0.3374650199473222,0.8658963057201959,0.9489157131698155,0.9960201380290082,0.38773047774810726,0.658129286881754,0.37651841671425995,0.597984812942538,0.40709387066653646,0.3733641140172702,0.38319800621193345,0.5324379551235102,0.5120143983054225,0.40150692059688536,0.6014143598795106,0.6103680599020856,0.6137937192895339,0.6138518839281675,0.6160065790421032,0.6385015451650791,0.41198582920487903,0.8658611000241643,0.5578832281895326,0.5752426475491574,0.44620596293621045,0.8040765035633394,0.8562258735120784,0.5249742786264652,0.523731268048581,0.8708184196503249,0.761137859083459,0.657182666741503,0.3236702010128607,0.18638776417696862,0.8998083951541629,0.3344936721320206,0.8796567106715741,0.5518299576865329,0.1715537994469147,0.7592051871562462,0.743006199885274,0.5076284237479983,0.7698746364177803,0.3976368461084959,0.4551123410632292,0.48071087735701795,0.8883012336236372,0.4510660483610191,0.47237131968627577,0.8756963237058246,0.500619305712643,0.8377778482469976,0.842513931882639
137,0.3739173335045154,0.5644769159719651,0.5874719513123602,0.5893050409222899,0.59311527677687,0.7339339616418823,0.6588953177227661,0.2028482309772175,0.31341249542964544,0.22081821803266563,0.5220990839606452,0.37026148743217635,0.5827076501543462,0.605379892118292,0.31133318944435323,0.7058978255521813,0.577107367135068,0.6912196266661481,0.18245216781289447,0.581720473196466,0.52076286829074,0.07385051492824121,0.41935292259315254,0.5822286205011802,0.6837374690325304,0.29321076139264923,0.47701313319569355,0.7557616250236944,0.745055306891325,0.6621350613125059,0.444182119054731,0.5129052799549981,0.5510208589302726,0.4565310442064776,0.5141842907487286,0.44292716890477885,0.5056600772491013,0.1991913881075682,0.3225466096485893,0.41188170348754016,0.30304408603173355,0.2270909355710629,0.3174665509341921,0.3277467587025526,0.6370096842012113,0.4367836108439678,0.6228925601330902,0.2993851630735613,0.44074346611196147,0.46166343037295166,0.5789449297674004,0.5033007997093699,0.8201678072195063,0.5089718470185546,0.4819273129263458,0.5414165124684945,0.24958250056732487,0.3084772655011031,0.3004017229513676,0.22005002130089674,0.7419485807192061,0.18027888726868152,0.7620772740341009,0.07614977345515529,0.19195678127626656,0.17498566251623576,0.5547414122361272,0.7200410615329697,0.6229961125263419,0.7008076680518261,0.3055225307425224,0.5188887240317716,0.1846604816877913,0.09696795131116266,0.44767291853457924,0.7489988212496203,0.34786345517680795,0.26658786050989747,0.6458818797658005,0.29181708545961244,0.608641502670685,0.2588085269942008,0.7469538646156734,0.46205560410043317,0.21598124717777745,0.8431589338305707,0.7936403359941677,0.6437860382221154,0.6958010231695664,0.544683513294937,0.6543639593015269,0.34698607792471997,0.5983885087391195,0.32172828346263915,0.43402468400231436,0.5450981213933275,0.289608762669569,0.6465512576737137,0.21665938326355647,0.5802979224366728,0.457696172589666,0.22749778481492994,0.22618984307626774,0.15169693010466415,0.15506913735903838,0.15854913039676194,0.5770828519522748,0.28767697346150783,0.21993490725436346,0.2922018792381379,0.1034992039800078,0.4442347383072238,0.2986101544566118,0.5389892712563287,0.6116689027834485,0.9736875314641358,0.6171034439772993,0.44006584120913517,0.7279818438312882,0.03678629049024876,0.10948185913616218,0.3592469356484223,0.5215538957659395,0.3519354305586697,0.027662496085786487,0.3006240574243818,0.69266426835342,0.3500097137171337,0.6443069463172699,0.5287844206537341,0.2652954081745044,0.6369467980498532,0.3287650530943848,0.08185593470895675,0.29533570529121983,0.6140946738862265,0.6615658540443619,1.0,0.4039579390068412,0.5055694061818085,1.0,0.9002503509020902,0.8138509137311704,0.6431583510729001,0.48497184287463363,0.4849074298625725,0.5422405634847552,0.4680398725107894,0.26257796400069516,0.7188357195461436,0.7323845694227786,0.4932030474973314,0.29164989328222685,0.29428759735253157,0.580976976807679,0.2834397646345073,0.29586669205324395,0.31462804402379646,0.5559102442137809,0.5088051554048804,0.41859636606177714,0.6759967159791772,0.3682328959923169,0.4396137070533569,0.41349611056707536,0.3564663702498905,0.7504872914647123,0.31903920243306605,0.7124560246063861,0.3287448332548029,0.21405904766442968,0.6098022384744112,0.31524578260491565,0.7520183578247118,0.5429979233295894,0.3311063207023746,0.3515473737420751,0.6845422613796763,0.648296569336114,0.4579551966878353,0.2987408001507018,0.6838563361420831,0.6641246226941601,0.6361424108316329,0.4206354165824772,0.676327720809718,0.14636394303069117,0.21953137174161577,0.1705540538732863,0.4458964787499058,0.5213648543682737,0.3014881466125377,0.1647552344500768,0.24302089548775171,0.5975766226267566,0.673180558327405,0.3222943612576903,0.48615980814279586,0.6264907701376774,0.046318843807542504,0.3839485597959981,0.31043149388169505,0.3720653621706945,0.4364772080822368,0.3078513727364842,0.2984544027207136,0.7581255963016428,0.21706110667654327,0.8337624381723092,0.2362376933850704,0.6933548708585556,0.2722855730154174,0.4076832566094792,0.6830817642451259,0.32555614951695566,0.26796835600167673,0.8110400937234856,0.24422835326768236,0.16109304873347763,0.5534285016560294,0.466195259067141,0.29992789994401164,0.6034546260582327,0.509825407925636,0.30890968190504864,0.5258087695671863,0.3120122191834022,0.5122119438474678,0.7588358402762622,0.503677681739451,0.22104502919810468,0.5706909325084367,0.17534720674379314,0.5833881886980268,0.12413746952584821,0.7583217298318807,0.1304750791996188,0.20462008299952897,0.7162432487921181,0.28002698433598605,0.6527982166855673,0.5098691590090819,0.6504019768884042,0.4781167270829579,0.7700410428533988,0.6439410397760704,0.3551216004515156,0.6274069217608842,0.5929053847225678,0.5960837543471117,0.2589097563998819,0.11891143875313255,0.3773251627176822,1.0,0.24874219376632858,0.0010606261107403646,0.2336842404341389,0.4003110942299686,0.33840079341373225,0.37412777117274326,0.24846386527364653,0.32962232873677355,0.31865546883875023,0.10155911888665348,0.32046545090894046,0.6569481273766804,0.711239846888003,0.23034967081448215,0.4530725586123828,0.3065364507761941,0.40440093265155796,0.7507934052341895,0.7521350987767521,0.2940239390438299,0.22728088766110296,0.5640665518443276,0.58956838630797,0.3887641449159619,0.7934935484067402,0.1986898707916221,0.5924648723348527,0.49612764308091467,0.3737405737876142,0.3849450979236503,0.916948974539123,0.8661479235525769,0.7919041259073663,0.7210452633995454,0.6442076336212328,0.5512462055469151,0.5489799472239795,0.4818648675615729,0.7142036788565445,0.3602144935011336,0.179236919113852,0.6701780210638066,0.6473296858384512,0.3862564552890466,0.7606043374843297,0.6327091591869571,0.48865072593606435,0.42835499650399894,0.7103475562270551,0.36891241908001704,0.45066526924461303,0.5202090247974955,0.2808378159233369,0.2666397669627329,0.22473882688369937,0.7412098527470908,0.3122079374250563,0.3272902614419334,0.5844759709011026,0.18620362839472718,0.6290867845104524,0.5133946121258111,0.49947306946900033,0.1430034509826184,0.5316968272617983,0.3514132995914058,0.5323880496709971,0.6142063759057705,0.5278857677049872,0.6385477942426261,0.55191769285941,0.756622372280204,0.4053705515608875,0.36522176650079563,0.6263141691327876,0.460231776605146,0.4887818070307056,0.663600372158426,0.7564983019376786,0.6666030419092256,0.5277909460493533,0.309544363847694,0.5298884296776739,0.2814222949357117,0.5705457638040922,0.68718541640469,0.2686962690164355,0.7410336434132254,0.5668367710889468,0.37359432359219025,0.7307426972324483,0.507375951121681,0.1809672458329479,0.16957617775521178,0.4060632902648895,0.4461280325386092,0.39559409110643023,0.33697856523669684,0.28224844406347444,0.33571235726736726,0.7526018687832581,0.7523136231193055,0.4314631122033668,0.6971764888956727,0.42424502132982445,0.283698537501157,0.23169078659838993,0.3221588708129009,0.23030280021467875,0.3239432222764725,0.2309237346604702,0.2197895978984102,0.7296292391283747,0.6412307159419497,0.3561501786678288,0.827312886370177,0.373657703419508,0.31323602224973485,0.0,0.49795178565899895,0.32592942335864955,0.7925026627878392,0.4612504085354969,0.296886605875404,0.6761156038783326,0.603675957895179,0.7145881524697628,0.5939015734373613,0.12447982201045212,0.2635482586433897,0.2826556050093697,0.15647096680069741,0.1590450062658252,0.23333748403102536,0.25133477890985984,0.5451542913651635,0.2176664624114741,0.24547251092436717,0.12409310924777583,0.7067373405264004,0.3826833978637475,0.4277488637780079,0.7647738045945452,0.38877321031860057,0.1688444969623273,0.003941641778967014,0.0,0.04217264380125005,0.013129211818618909,0.06890990287655742,0.1892344481465515,0.24208812011347203,0.2964512065779766,0.3322078910085459,0.48552107148334783,0.44878968452410356,0.2374211264756548,0.23697376407230228,0.2753356253730452,0.30779651801028646,0.2834698401380533,0.2855064463891107,0.14110523256584617,0.1224899991463119,0.22546609814499394,0.679486757428882,0.02080976504396374,0.2893806332762954,0.2954660517445406,0.15297671583402972,0.1496758641209844,0.15006293830441592,0.09450825790156878,0.08681865222251278,0.1484901501794656,0.17266625170715902,0.0,0.5812198609925687,0.0059852052598707494,0.022922911980056835,0.35036448492239786,0.1368730736358794,0.3896667637217768,0.27011585956817624,0.4317376436201805,0.21188383099091093,0.18427989327956518,0.3352605194604089,0.46755253613915304,0.7856187043979255,0.9346794989233035,0.8455541476632723,0.6813606159935882,0.14013775711019838,0.5134656373353274,0.3064640877640509,0.17755781763278522,0.2912688833364959,0.5549096316105923,0.7556512592641936,0.6340613293330933,0.6946350551453956,0.6827031483375137,0.32242166445428777,0.7234799090463305,0.1843924662229437,0.43641974778942505,0.7141418412988069,0.3818492946599519,0.648731744587542,0.5052245948415969,0.548859466129817,0.7101679973756377,0.6722958195465313,0.6827254244243782,0.5154189089017363,0.7494854391813509,0.6968324424255522,0.6637296661265528,0.1742907805842397,0.1273169600878739,0.12753201487086052,0.12355839065920424,0.1766005137100403,0.23054120368372144,0.6879504798678977,0.7399757622243566,0.09458270992529412,0.12039614860027252,0.6850124967839782,0.10697236103818515,0.33147307545018956,0.37529307893752273,0.32361286418179447,0.3123126093781763,0.31281421336403903,0.30288334707716574,0.37462255127818767,0.38086116029657874,0.6005104573276041,0.7080066720689315,0.7746247638310956,0.11704715933940119,0.5149973314400212,0.4839177530898617,0.7067589519633726,0.6319016461022582,0.8772684860893744,0.6659740683102064,0.3960816602307718,0.34191747724394056,0.7035474754600995,0.33730221303486807,0.3513803062030059,0.4641419747096865,0.22298760679414747,0.4449255488763608,0.48395682937488504,0.48351218725828027,0.4516087693925508,0.42485502381840023,0.5894296071549499,0.5248044227634234,0.06482623448217484,0.5783225964030595,0.6460918023465316,0.6483286644825593,0.6592898207468021,0.6488439367732799,0.5954476708862481,0.4648252372020581,0.6531046250790251,0.6852148877736522,0.6704692443502569,0.5401909653107045,0.6246442377165902,0.6463367972110957,0.41542233641647913,0.6286832569377402,0.7183430017125833,0.9138291164846697,0.7378805450557254,0.9007571235983167,0.4437690189584729,0.6833786609637381,0.5744388462610542,0.6780672694013468,0.7505889397244919,0.13583798835646477,0.6905107397499228,0.7799972569597241,0.23556238216086356,0.2739145504629245,0.4525945951697766,0.5618945883278155,0.20798201351407092,0.6808245060856908,0.6587567461608657,0.49113409290458626,0.7033066535509347,0.5948832941941181,0.6676526777609499,0.6546960124429807
138,0.48654887536946234,0.21293216694842187,0.64706068160448,0.6437231193678352,0.3799160717897911,0.5273265972887995,0.6291427497896597,0.21198294377710913,0.42669207169994966,0.5453204571070825,0.4105483054703769,0.3125968532182684,0.5865126016166924,0.6407838862027057,0.44512486486353126,0.7597701853663364,0.04756355104188631,0.7323887873593254,0.3973272228836932,0.3708961269921386,0.559989633571984,0.3889437546501391,0.2555251274130245,0.04498089768597869,0.7370035035340847,0.4291497144022248,0.21608962741024745,0.5427857610141334,0.5317048948621811,0.6057896078092883,0.5451278992556047,0.14911823456064816,0.5103168913124182,0.5371029608460387,0.4593647373007017,0.20467332502113536,0.1467349103215856,0.30907307929300054,0.5620993810974185,0.20588317736077397,0.3908631603146347,0.33783480915606307,0.47269573611781557,0.3922226466071727,0.702232199967298,0.4810853749955186,0.6248571336453665,0.0,0.48083402669808434,0.5289241344791376,0.5796154939238586,0.6636613101991874,0.6353106325768257,0.1489068053416887,0.6338740467874918,0.10649880116958323,0.6565124844401836,0.6277066622428618,0.2860914089130721,0.6262964004810373,0.29961010566759966,0.16903826097229108,0.5360104978053255,0.4524656640465571,0.19030378810558438,0.47229506027111195,0.7294806034931942,0.55746388557265,0.37999674059572064,0.3017409090354537,0.3134724589277092,0.26484868041104237,0.41269556492972176,0.1379497892438792,0.20337358257237098,0.7080067684929551,0.13934612973398292,0.28297362297672995,0.5750769983467559,0.3753675123942899,0.25257612604498847,0.6498772246550439,0.5651361658558766,0.1479334033088988,0.22397650568357624,0.6586628464199825,0.5602772568047328,0.4794010936509586,0.7581721277008037,0.5172633583402511,0.7706188679513627,0.5062760017772999,0.05505519355415845,0.855755285459642,0.1540805941165104,0.7516587448328748,0.1862124934955276,0.5035007347865949,0.22678657928202814,0.4437453063137348,0.4022918513387336,0.46218275420965227,0.38652728428066063,0.4020218098006493,0.7013864267314944,0.7098159913600225,0.5282361315640896,0.18105102906627116,0.6808511014613207,0.8493984540383638,0.5188156838268799,0.592555709927583,0.7255576667882849,0.3871789812500219,0.7011294305679076,0.4372032800538709,0.7193389289491023,0.17918310448381736,0.4974934567868095,0.3434701120565867,0.17723289540538456,0.23404690141476692,0.7588874404407611,0.5025902924445528,0.485808236551125,0.4248815876851262,0.6841932214991177,0.15665009510452862,0.5393633737523054,0.2726306260436266,0.681885113909026,0.6645849635027941,0.4647124843145772,0.24272819636374643,0.27028840785304914,0.6230082477323088,0.698011036343223,0.47820247137343364,0.31131505986215485,0.5938996760854114,0.3540887341984278,0.08836063255814566,0.8225704854346372,0.7280786612010801,0.6266924982598383,0.5935841896216123,0.05714543227085563,0.5932268346851549,0.5027906446622373,0.7001771781605577,0.7499369091140109,0.6186066194495508,0.466174138491299,0.47181182782873865,0.5937148703913842,0.4402183899301017,0.4739176382964084,0.7275314651291002,0.45593556328245016,0.5016513522599472,0.5231483943011896,0.6608470541019327,0.53720585496559,0.598821253958182,0.4958287490517005,0.46669096543094607,0.8192968048049032,0.5834252116014362,0.6544608436111389,0.16615995368026515,0.16167668130584645,0.7670512183982059,0.15600579366692038,0.5483099464309407,0.46098371995391385,0.2813607959787449,0.5231330848138179,0.8190663868800232,0.7841866472999477,0.5469945998481482,0.4650517153917239,0.7465932849268255,0.7247869269138001,0.6885183042583791,0.502622712188501,0.8509864103743281,0.17809771433359864,0.4319084253071142,0.24419496450405498,0.4155948130710438,0.7054721861158612,0.23869901889387532,0.20391096047527932,0.28613742527696584,0.6252154730405354,0.44057561487660085,0.7181256932597592,0.434005290862088,0.5772551973084575,0.29914752490863294,0.15951089071616162,0.460602182143722,0.1384294738758433,0.24865056772841002,0.17341548079589542,0.6581684360030373,0.6570354555063971,0.6335553283761751,0.8535362757105447,0.21084213380659556,0.6305904114368788,0.17592319992756056,0.2979524432787125,0.6749604726849419,0.3916980234523273,0.3045341514696542,0.5479438858209769,0.5780922761394327,0.6131573942143032,0.5191974141593313,0.4293466414150504,0.36784470604171776,0.15065234937822664,0.7890034573774829,0.1648738110719864,0.12289004342139521,0.42782066231375027,0.08726393491424478,0.6929026015717971,0.08016985771324739,0.10002960292868303,0.12472000755998278,0.2831813874596683,0.0,0.0785576972073984,0.8045878145688294,0.022979429184036084,0.15918295171120803,0.9605392246141657,0.622999344553222,0.7162847820478672,0.13503880897642906,0.6919238923077908,0.0010951363211094776,0.5721477068676047,0.263009141543794,0.241253467714896,0.18307665210090487,0.49232140893876086,0.7107932113370642,0.5895887018229928,0.20165163896812743,0.5768222988267173,0.6354475079287596,0.5260359321842076,0.4449757137591957,0.5521408102863822,0.4668239229413092,0.3755975347709055,0.4368162269696838,0.24625667658823128,0.4704017137800805,0.45622451985653373,0.12094040751786712,0.45364060414078,0.7340613536149088,0.4018012679429937,0.2053466103117691,0.6376922647557564,0.27211887932000695,0.6610188674775473,0.34737157200112223,0.3653233759197839,0.35771928070402387,0.3018768688232804,0.5422433093442582,0.5959159858284727,0.6428904841638585,0.9367727941957912,0.24237817666733744,0.5979740864672585,0.7387771627774925,0.34580054975142444,0.3322327382884126,0.6585567970174561,0.8405881183862124,0.7836779450991936,0.5188707002825169,0.739097167891217,0.42022527913372676,0.47557407757280046,0.6060955114016149,0.7625065435786008,0.33978513267540505,0.3472516894203941,0.7236422461031481,0.742665470983259,0.11415160505377003,0.6049324639015781,0.5977753481781148,0.5491321090724691,0.7172601657107163,0.8500021741170702,0.6337345181895297,1.0,0.3026032914298798,0.07555275352950196,0.33363792241479956,0.24993210408921238,0.4461754761509082,0.30929785989251063,0.3773982697996877,0.10871590879831039,0.26794305611930463,0.3183964983308409,0.5076681097014627,0.5002692734832216,0.35063376703532784,0.16900369652188657,0.461202360642999,0.1766193003667542,0.5646936035793598,0.11351389428203647,0.09220200869774718,0.18980593194814746,0.7535301511987815,0.4075288627120227,0.3701855523791218,0.41771554399218735,0.24081366940618976,0.5925243865141553,0.7179219850008505,0.5862118589364189,0.7092189370725245,0.18753815518107672,0.3112118740570479,0.18842759307667611,0.31641653946676174,0.20499471293863292,0.23259723392984624,0.22926349751386615,0.6416974318396919,0.41083350493008025,0.10368503315779543,0.8786406214774745,0.5286341195140732,0.1552138073671134,0.263815029593655,0.398967441570061,0.41305702066686406,0.2258631868464651,0.32331765670231133,0.30258518554902236,0.47427017105510716,0.5520238186990343,0.5968392788302805,0.40445233338512643,0.5775803469576951,0.3320702798171059,0.38654635930668124,0.18130764432938665,0.4488692422735883,0.07670266538815855,0.4570512901718274,0.13524971423123916,0.40646835534638065,0.6913776826013635,0.6857864379897844,0.5326830637026698,0.5604270621540693,0.29925231920102807,0.25156333820750176,0.31942348828170825,0.378017851642479,0.5423352447641667,0.9329794948667041,0.8976688757557099,0.4258023548061034,0.7308910932326228,0.7171354161554419,0.8739499810085452,0.8060637098380002,0.48087666709710625,0.14827448128231943,0.1443801230576378,0.7497920520398509,0.7400113577663738,0.6303693247317819,0.6234922436428105,0.45384686029248683,0.6010542289425391,0.6178871316030419,0.13375898781836623,0.5624165575493595,0.4162287615221802,0.4777478274760681,0.8790344839999934,0.7360676062802396,0.08754824810371702,0.6635285514679781,0.680706442503684,0.5838734743048819,0.5423834841097359,0.47491047656540014,0.46407214435254346,0.5158254336692171,0.18313508342418944,0.20004334099203663,0.5972480770053379,0.40100695829032934,0.41007332156376014,0.8606181531792866,0.8496894075835536,0.7290548858844286,0.6985996825264653,0.6684504116241845,0.3260026877224232,0.7447703202583873,0.8365606916751273,0.7204925784976638,0.7239055815229534,0.8597381969923723,0.7396565273238619,0.21327171625830527,0.1919284085990676,0.23796602910666764,0.746223858145286,0.753954569381027,0.7031066574247471,0.11291065340686318,0.472502982527466,0.5047856875775675,0.712785784143447,0.3448573564305329,0.3353604727721574,0.7027712534515147,0.2180025646600583,0.15998083539498617,0.3955352268196242,0.4708818597899124,0.255831245635989,0.20051781874683192,0.510780791209989,0.7337929473677718,0.72446396832941,0.7096951458877886,0.7276857207364545,0.4215676222552434,0.7579488548244367,0.41073527500542595,0.12140372152524986,0.16165791959013615,0.5933222448954022,0.5947137991705256,0.8194699893188837,0.6898469961473761,0.7340938291948774,0.2720386488073913,0.49986853919456103,0.153189629387032,0.7324624458067234,0.7147459530180367,0.3524860217769123,0.6890016687846335,0.6351036637701801,0.3523870759677142,0.40849041506159073,0.4362150908927435,0.4887822110239567,0.2682592943406315,0.4566393848892026,0.7427534097675017,0.2867642488587162,0.38977679867752746,0.3474823551918672,0.17497553938890198,0.160237983708108,0.42981542061834827,0.44247958940463533,0.5888455145180452,0.6664472953523161,0.20876185307401415,0.4103178209384883,0.706486410855603,0.3513787087649785,0.46887687788498855,0.5060915199947849,0.5618947348543432,0.5695935601055979,0.489191833474371,0.46243207675460085,0.4132803652183057,0.4016491336087927,0.48509016664791904,0.37803387926680804,0.5918265513714139,0.1589137646780797,0.25563647849408644,0.7564829724274582,0.8493911386917962,0.7320209025892785,0.610007483444478,0.6577674977759264,0.42237943126805005,0.6214795123739165,0.7431396908077429,0.5121192969490899,0.5294350004469892,0.15717544222975416,0.8556898946469349,0.1766118814136462,0.7941577703130909,0.18024005518584493,0.15875804704377983,0.14252933201916929,0.04898140405582639,0.11867078632894665,0.5800145260657733,0.16955729859081267,0.09925585027512696,0.10652200865884176,0.10734962896724479,0.16031883315517165,0.22108101093897947,0.2941748323970961,0.7346551214808903,0.3609193549592634,0.3746180811512951,0.2849185003403743,0.6610137691622313,0.6591594099590896,0.33168628918776255,0.6120352502061175,0.7561547493946297,0.7168686951804373,0.4558071693962196,0.06230022384216248,0.5581220620347097,0.7499666165977067,0.4693656415946701,0.74127927718348,0.7821255387086008,0.6526704775728662,0.7368534086238884,0.5612853502302215,0.6937116392651178,0.7418327495993581,0.5471239381196612,0.6039554910766544,0.6415597505695132,0.6895332959087607,0.5630625239549638,0.637550745597796,0.7796737083920195,0.6067703761899188,0.6841439542452533,0.7207356940935173
139,0.5235410358021524,0.4070004887552098,0.7001805398104334,0.6274961106905357,0.5430665825292786,0.6071755697008453,0.5660697256518322,0.5022744388631766,0.4120775816538586,0.34388389134345426,0.3895662544785531,0.4746056205186908,0.4420342114166893,0.46766186151241973,0.41255527928774,0.6391877163924898,0.4082953046764923,0.6291951615910801,0.41111792967160243,0.411507025536915,0.5233105415803558,0.40032366850492296,0.15989104432419904,0.3831411765339878,0.6908342529863725,0.38293110089676025,0.4388766768873778,0.6147553137417667,0.6073586594812331,0.5927193518563807,0.5442500957394172,0.23490594222496397,0.5380900319027947,0.5699646191836345,0.5431823572479021,0.24086740022535072,0.24162645334165928,0.35824329204507593,0.6790332561829794,0.6985182687784166,0.21969487030569182,0.46328093730385844,0.32421472848177973,0.40200317443964084,0.5776456740856879,0.7765710560245193,0.6078858649440257,0.10129650405106609,0.7711784230772437,0.5241366765442187,0.5735658432405484,0.3226239393264189,0.4397952606139753,0.22295322161274328,0.31200882424830056,0.13923366670433476,0.6676579522877408,0.5624089778572613,0.21590861719954896,0.6356104531363883,0.4767774865012655,0.10021744848366275,0.272614525355998,0.40199262275344516,0.12381664023123665,0.37289634090679064,0.4911445695208752,0.2256669734942792,0.42774591074484075,0.533471349238426,0.35406507716196906,0.3248039238824351,0.3438543633055511,0.1331650411060142,0.2605193004810463,0.7169075723523625,0.1974152866565074,0.12805837390087413,0.6344005459021814,0.28904712015183465,0.34566496473140107,0.39727045956078366,0.3530351752714374,0.47412024697247623,0.5319550521683413,0.9239079682439238,0.8941560866674128,0.47562529861434705,0.6325481335949594,0.576625886506612,0.6541469014094637,0.5034759157167542,0.1107050001514354,0.6956507176618894,0.08097284762021494,0.5499921487882106,0.1398119577174958,0.4193951597663509,0.15134102861762141,0.34225415228716405,0.49048493091417134,0.03139756514063809,0.16083944234054018,0.5467297076103917,0.7261010568101064,0.7263377446705223,0.5245638904481784,0.1725015450610849,0.7382762333460744,0.6778229566712887,0.027482305075789814,0.4418351974243622,0.4289904619203873,0.5361276829020629,0.5432825580083667,0.38408202337013986,0.5675552969993137,0.201304328832839,0.36631378987564994,0.5825598706434997,0.1513926915149824,0.19406625550103052,0.0,0.644415924826088,1.0,0.5896704328122395,0.5282213788380823,0.33678373253931004,0.7301834268864831,0.31613580528363966,0.3662785232890419,0.6617821855455012,0.4342621843821171,0.19526821787541793,0.35575372463531074,0.5876718322600162,0.5486065703163292,0.2836843634240599,0.2725178476058614,0.5068122546716773,0.404922864396119,0.906553882543924,0.794095008388417,0.5916398927984362,0.41573366711642024,0.6221002085183447,0.15201080508064788,0.5865807455484444,0.5372874443953432,0.5138328966912391,0.7928852412416977,0.5625109178103123,0.5569105057162649,0.5667452008192198,0.3467201209045344,0.5342567527222227,0.5286585213671524,0.2944673174070801,0.8767045023402451,0.47099115033389904,0.5784032445989454,0.5935058797979751,0.4902342734950736,0.498852941098548,0.5655358841824726,0.4923777962551717,0.7201871386030817,0.4645281330258399,0.6313215330738209,0.45818180586475693,0.35493856522435013,0.5329523247216594,0.4360792232773343,0.6374103272040745,0.22159626779127858,0.4019406914367473,0.5789139728593276,0.5528220003837007,0.49993992363208106,0.5579214925724721,0.4715401651252922,0.6154428508389861,0.6066857170413518,0.5823257914850996,0.4395213708155197,0.716752649137973,0.47119333996264146,0.3514933835440902,0.48204588631716294,0.32794880249630265,0.6335082314433003,0.26861872819066573,0.3344760475527103,0.23200469057669382,0.4959788978979705,0.5762216228538657,0.734714485411263,0.46861656547400127,0.5587736511313127,0.1989255510521787,0.09262830910345335,0.5854985937283509,0.10694175806491976,0.39872895199191705,0.30813688391332505,0.6688412777973334,0.7916174810487444,0.6376753297579164,0.7691403266215314,0.635017048066346,0.5791219823327661,0.6480499367120729,0.36592051699816175,0.49855784266745984,0.6517353014890471,0.6000923376788962,0.15854075665747924,0.5012981999253153,0.8768896292472148,0.5325881936999117,0.4955469747163232,0.23714488271079046,0.09513918997239144,0.5810760113367808,0.6806795614955217,0.19442692487225555,0.5149112987091552,0.18860279879829409,0.5410877313654818,0.11512619764302227,0.2655139799747347,0.3487059610440811,0.5883296477738345,0.30404235349969766,0.11139498201236774,0.7841352795342231,0.15499554807349447,0.10063753283852897,0.7107451631536248,0.5430390970213708,0.5907923081612481,0.21152037640950036,0.5866593880047641,0.12907973562402492,0.6990636929786443,0.1916536347859687,0.32824944691297553,0.381437410903058,0.41770035395812144,0.5517755880039077,0.5133254320818337,0.09064437874862874,0.6590348593368929,0.6548864254414741,0.5614628701776189,0.5261992899158682,0.4813692650824798,0.7091130013706435,0.3294309786648913,0.6832680547655804,0.5693541249803219,0.7588161301491088,0.7529006245654385,0.1563871903284831,0.7560540891841769,0.6853266746221282,0.7246842698832804,0.30478897551435175,0.5893144885966456,0.4528200596142818,0.7089127838116887,0.4643375052279783,0.41131065911716913,0.3251335828054056,0.15047893328113346,0.6024897348313665,0.6874144894898356,0.48816992100885914,0.9585266534297961,0.2903254309458523,0.429060963988808,0.6157537155688758,0.4378785625659645,0.4640248796573017,0.9324621903576698,0.9599169041347891,0.9410929423979527,0.35169127449234855,0.5445168642290996,0.3292275653920774,0.3288081155976626,0.506058242144134,0.7715198911356071,0.24212526982315438,0.3075945130980352,0.6084053455770064,0.5851031692662028,0.35763169374488696,0.5910699159129855,0.615287848654465,0.6568564677982632,0.543826197814804,0.8092897487961097,0.7443731680250003,0.590689198740382,0.22064551408523025,0.3055302137930893,0.3426041385442503,0.2677959789821932,0.5274307591279821,0.3065301716136975,0.5248670138431949,0.2540797192997605,0.14273544526308746,0.30555451330087724,0.5216471650812973,0.5659566111170221,0.29870847472153406,0.23346322301910152,0.3891894470102632,0.2405536317376836,0.4541750037080392,0.22947885807074267,0.305029648125995,0.15921902431040663,0.7066792494436208,0.5528077170534389,0.5087902089088805,0.5482426776647431,0.41130863770625636,0.45609077179906315,0.59825226122227,0.7611642657778548,0.6158368939339431,0.26850957975353434,0.34400779121353364,0.270557647572369,0.3011244273845568,0.28747823914763504,0.48414573698704544,0.17725918831071802,0.49885787928849734,0.5189964767172872,0.31439881605415787,0.8860763841166928,0.44971556572674387,0.3229216802194684,0.3175681107390955,0.32328399119341483,0.3377800599427827,0.3179852340452818,0.24520065357054743,0.32920398833316106,0.028779134250609673,0.5310952760423115,0.5584879161275224,0.3613974139292636,0.5445021335560504,0.3090905306102919,0.39306000677602737,0.27895102820978895,0.2436184230409482,0.04448543839001725,0.26276468275252324,0.08618565885159636,0.07973392886907701,0.6547713735194811,0.6139555332142483,0.5327187496633621,0.6339279942786354,0.33018254944654274,0.3595025156123453,0.38334788968567596,0.3854231682462002,0.4069746593726097,0.936064570440074,0.7867171961443761,0.3490841668337661,0.611282550776187,0.5604631151453133,0.7819028870295046,0.6782825152961843,0.30838204872795183,0.10641548463879305,0.13771365466365187,0.5765528068691812,0.5533002636266134,0.6425776981330393,0.6459796207586389,0.5225519495878614,0.6179869901819257,0.6404873560555772,0.16846789066761075,0.4049052842960371,0.3808046595653355,0.4809085431797141,0.8482039072137884,0.7487527897248857,0.0921025871844801,0.48104110317698656,0.4808774260004762,0.5601872756199037,0.49309160138211744,0.37408291119813,0.4397417721888426,0.47220398973727645,0.1488147482368359,0.08893900536210593,0.5790545761786209,0.4390741752015017,0.3891052715310282,0.700704513634668,0.7147638789292532,0.7430713611100118,0.7581192142052122,0.7613880445928881,0.5992949512384147,0.5738211191288639,0.6711328016729772,0.6293099401195187,0.542683301591976,0.7084649288799353,0.746135642703308,0.16824294667684117,0.19252193947468002,0.23192404374320172,0.5734803501353993,0.5803739484487267,0.6328193227605576,0.06953522567077397,0.32331563489661574,0.7294141924440399,0.5272904387974837,0.31008653855513474,0.3274465204570982,0.5169176113735949,0.1612204150550111,0.10221563639586351,0.36681383287085106,0.49098887975707933,0.2055176881269683,0.31761116303044346,0.4473218755980234,0.6703597517831714,0.5890279919607339,0.9383982526431665,0.6162384309365339,0.423004309342908,0.9053555832783864,0.35827511140240215,0.10160860899720835,0.22145451129833285,0.5757219203355163,0.7759923578471878,0.749730674620867,0.8464025245404825,0.6355145532514218,0.502569929130271,0.723141070728314,0.10613049130197896,0.6575321605453304,0.8011839909991673,0.28554376650540025,0.5884086219912686,0.21053019287615168,0.3107916018337827,0.5528596568283949,0.5414999834280882,0.6784559449488904,0.44975083155921247,0.5456865011766624,0.6281057759977867,0.4833617023970661,0.17828287973910964,0.17302068374666038,0.0052511287906707345,0.010832441561702669,0.19874736095192658,0.24418844572109955,0.45286956444896564,0.5515788723371015,0.06396056748398592,0.20474714822526988,0.5986303173697411,0.21874120871948177,0.4325999315429067,0.47717123223110386,0.37169593710795423,0.35120647131141286,0.38437722729917884,0.3717493359336912,0.4140863249359977,0.40856357146255284,0.5734482838865267,0.23260265376669934,0.6118827141619594,0.004848891018798178,0.16401840609539714,0.63511146056148,0.8564821177013427,0.8288873251174347,0.7247312236044637,0.8268016174877576,0.5392699943460807,0.5938736683643039,0.6497506055155833,0.5292210302521602,0.5891810574153095,0.17026372507631024,0.48644722732893547,0.1881280301717943,0.4751094235289515,0.18028055673495488,0.1589832982454053,0.14732473265894644,0.19200285962116317,0.2770188242965292,0.489182900051041,0.20128571352030983,0.2895413963044158,0.28647000166273145,0.2930072638974898,0.29531609507154916,0.11260740100522534,0.19850092404649028,0.5697272296464971,0.3481068741912369,0.36690884825827524,0.4117718033780822,0.5228389703795148,0.5672795485435377,0.3754482540488901,0.41812602651479813,0.6505409265939559,0.5260808537567297,0.5301696131400749,0.49841712856232895,0.4102017553564544,0.6314355238940421,0.6613126863019829,0.5756983317935219,0.5795723473287133,0.4195787411591845,0.6604335280690194,0.5474319020577786,0.5774847073345688,0.7352501500912986,0.45048147457831783,0.5617082236353832,0.49711143587098233,0.6164884901290456,0.5150616499555065,0.5147496994058149,0.6583096944500105,0.6892437927872133,0.5936113745874769,0.5957959636752497
140,0.3093896664845821,0.20711886138599098,0.3478720535748923,0.339287826963056,0.21735607868414442,0.4540922607668948,0.17252104067324345,0.049059241090452385,0.02126860884939144,0.0,0.11376846505108325,0.22778316276347754,0.5587937860736797,0.014046992892532468,0.49491808580355695,0.4195795749456817,0.5585453188134143,0.4123640894246963,0.1681477962124179,0.14843533057412753,0.3535035838914151,0.35917463293643775,0.036548754299891684,0.46232385960602546,0.4870686868305507,0.35508343771428974,0.08851560837962498,0.46705121896428897,0.46204544015464166,0.2511892778142625,0.5831357298522593,0.40950120735902434,0.1006238268632519,0.5821604908057203,0.7642224820071007,0.4661105492362105,0.410768929300523,0.2904787566974446,0.49466537155673757,0.40160466562770153,0.1205255345661738,0.2220710548221086,0.4751217912379105,0.36661574708334044,0.3008999419866286,0.4774669737129961,0.3024752702957586,0.2666104726494078,0.45982486507722414,0.43331667718177136,0.27479160249501544,0.244664510775756,0.48319256745700545,0.4294067039975087,0.23209763844892986,0.5137813769889956,0.49897927872680065,0.45676965939481295,0.1521605260699701,0.4621832263786695,0.3098463177568407,0.1448033223480083,0.4169658539845892,0.4120919356995232,0.0,0.18156152478871282,0.32011320347668265,0.5143478871839272,0.6647697115507735,0.47144390021316046,0.5571030500788318,0.5616547760546103,0.04048789031924665,0.018183249091398408,0.49499247347084946,0.3073615309538316,0.3021176824692093,0.2514242413382978,0.5038296838433193,0.33980966627579684,0.5701833546074542,0.0,0.6003188578443728,0.4423357712684006,0.0,0.8440628864953933,0.8021552640698341,0.5661419312819806,0.4059559970496189,0.26845718207498503,0.3667061549857587,0.26936087767473826,0.3881889410547768,0.5348008996353317,0.3790709452042161,0.27135438481294577,0.28788917590405944,0.2566599474745679,0.24994512633469335,0.1047281288590171,0.7349607000940949,0.2601447481277432,0.24249825081411852,0.05135065691941962,0.6014003417717484,0.6335082866694615,0.15385577993297977,0.13307792623768633,0.6049685839984777,0.46853280139528586,0.8979125861035943,0.47714053427256115,0.4567417807659623,0.3568281094502606,0.6107653720862392,0.5809671253132175,0.6214128511590246,0.42320249488627565,0.14181214082143864,0.048655295805807304,0.023187318653776545,0.37284989150730996,0.6481632479216457,0.2086580440688932,0.26042952617368575,0.053108163422176446,0.24952360771614623,0.28938655408316905,0.6740987263230621,0.5688301707080975,0.7700198441434967,0.19607923106245811,0.23507514062396648,0.186916588767054,0.2842198203027107,0.2969703846109343,0.5691818161590889,0.36489121181538126,0.17886846202311554,0.4922824801193103,0.21132243886678592,0.0,0.789323467200456,0.6495493892916852,0.48587740441993316,0.3892680211601508,0.21616572807433534,0.37235514153931465,0.35804701575914527,0.5736396012118075,0.1987574508808709,0.3374021328965816,0.09547753593486025,0.09997187486600836,0.0,0.07864915839041822,0.07161486824434526,0.2418896967169777,0.7026218726433385,0.2756992563651011,0.34832060833989903,0.6063152595829171,0.21953845818547857,0.4672042893523846,0.19904595577810882,0.5499232308535595,0.6278987782913302,0.2063981022482154,0.6424517191624113,0.1973431065302685,0.21248076801588422,0.5994986280360662,0.21053533481839937,0.6403391307398855,0.1867638230157883,0.22445205567642504,0.6938892555637132,0.6440762138872648,0.5760237880529733,0.5160803931311596,0.02898646761630001,0.3962720602850751,0.39775720582931995,0.35796720476992766,0.437424670720187,0.74616842782428,0.16217769489092887,0.31850025704279944,0.22563210211134155,0.20926651685513775,0.6037738781159911,0.5742053626740268,0.4326908783471134,1.0,0.4490811773802909,0.3187554911525276,0.6806561160327714,0.506510032779255,0.6958198892001561,0.15192427445472514,0.17898967362632076,0.5413780329201566,0.1527679242576879,0.336145691792069,0.26369585178543825,0.4888501783611746,0.4134982048272595,0.4198975290051072,0.8459464085911901,0.05002662770185797,0.4326169519809184,0.009399507541418082,0.4037188868403972,0.1858354977226243,0.22902201312465512,0.2501991967212176,0.1617386452146934,0.36753419995416975,0.5089000158130402,0.5647745476001053,0.3681481645118003,0.6162936167192719,0.5080908200436395,0.6250902087443732,0.30995121327534936,0.42440486885887685,0.11661957334613506,0.4553473021258485,0.3630814960667666,0.2058685696897979,0.1710316133038055,0.16775773399476335,0.3120743068344801,0.5913625715651731,0.22755733453347188,0.6550530929448534,0.17805162987190878,0.06118690140128062,0.7038855742986354,0.020955281933459347,0.38954670801764024,0.44839664993851724,0.3751267335409951,0.38589923144583876,0.34709321077801725,0.23158396737303713,0.16201701964731882,0.1782051022567937,0.3533283781161065,0.36054475333255853,0.4885569129443665,0.20413356852887396,0.6728158095960002,0.7207843950165886,0.3162494667303295,0.4396955166908591,0.461927349349749,0.2968761184912596,0.3528325278930868,0.28281807139157517,0.16325146704786475,0.06462690375765386,0.09425253571635599,0.019709287804463557,0.10300032685025969,0.7363581637591966,0.7034701588185253,0.5174369814548909,0.5015002476128619,0.6614721215433769,0.6988567032062316,0.12432323204912474,0.04507410869233977,0.2087711360485286,0.46013922602837676,0.0,0.5399221909566686,0.3322949902751297,0.8200090034774999,0.2690246070116928,0.3224719282315631,0.671148902123254,0.3856008688833319,0.3330031582751706,0.903577457453728,0.7368986856561978,0.6444344432222664,0.22312310598358473,0.49950775582220447,0.5548994545286673,0.6110843986020276,0.27462063344879956,0.7187039779351695,0.25772821246258887,0.0,0.41473532364294896,0.3601629011303548,0.29062124576636106,0.6152443599579366,0.599233886126751,1.0,0.6402387002572335,0.7339898047933576,0.37546905518423335,0.49067893821468805,0.1585237462101352,0.04495024432081914,0.3746246580497593,0.17433956672652637,0.5837508320234286,0.34922521449031807,0.23836208113350907,0.44158852483124805,0.2508837060404162,0.4616095037589582,0.10723500432781921,0.376850849100408,0.26623147619405835,0.46415990126603,0.21523877382345838,0.4743102821489403,0.4868419189384486,0.44873715121956304,0.508841314536216,0.4585514358183436,0.6091676265677628,0.10722671382763958,0.08295474864268373,0.1341798657473079,0.3151838085951812,0.34075903219052844,0.3949840296373041,0.7480611314362066,0.40785842876481126,0.495645596688446,0.427746539228395,0.5023088862762903,0.40227571823139635,0.5276963625787207,0.6534830549422243,0.30905852255093247,0.510036503986481,0.49148761251643314,0.17933379436750768,0.6752759797196553,0.5309476736272511,0.25254288294387583,0.027627583907849956,0.5189303651622571,0.563434794943564,0.09705493697142567,0.4065592413896697,0.24521962701522174,0.5982307144162847,0.7416481214121722,0.7233162567230867,0.3132365283542084,0.6864864943266643,0.21761668987609029,0.41616589665609366,0.27890764831680204,0.4071030535572365,0.12351157083528419,0.4186027270278245,0.1944842462474168,0.3075550431618022,0.7338337887730038,0.7655346229086393,0.5346743959277579,0.5801768426129568,0.48740571718898856,0.4449137858090233,0.4248829140445735,0.5391378858684986,0.444658115414462,0.8583385354885484,0.6247977636012612,0.31861934446192736,0.3978468089752273,0.3641170144087642,0.7227951371458402,0.7064918025864239,0.13372472914422884,0.18553539310374795,0.16596139263312737,0.1215167396686145,0.125279393756184,0.12109715363815947,0.1390466298034804,0.4488750852461838,0.11502421362186521,0.12735496080022862,0.026178627813147164,0.6311860769891999,0.6460570130028714,1.0,0.7184884931909341,0.34422113983178043,0.013696780117960593,0.04599414893163623,0.04606144093157499,0.16971184103808656,0.15514234485674894,0.08938472258912422,0.10740492739963985,0.13916585907583065,0.151764167916768,0.21494732563290025,0.504071837797196,0.4362612744247001,0.19410975729611937,0.2362245778963459,0.2383518717212012,0.26125768883956424,0.2681145755669594,0.21086504811652546,0.030062521537287643,0.19107249797848483,0.08213811360481857,0.37896838891742957,0.2289885312401371,0.24777813119742548,0.17707476361031532,0.05463682964390313,0.09396476678614879,0.2794528666059584,0.19320035014369888,0.1792774891934442,0.34591437543849646,0.1353752626795144,0.14721424891176466,0.5161963533103269,0.044341336407869233,0.029845875826372565,0.37843102540120604,0.05012246553238788,0.222723887475571,0.2142274073385752,0.30300927215575674,0.14963808935047634,0.09413453116183274,0.31682130073020337,0.5977492576409466,0.6161260759203987,0.8336729486059093,0.8244876897484693,0.409177840824212,0.06732952861365757,0.29237207160562845,0.23566763588336706,0.18171900802021831,0.2122691506555914,0.4827606904657971,0.5172315323451094,0.6035338334758434,0.6700981651786048,0.37253134632182305,0.44219901305275433,0.8289520443282301,0.20296622581658302,0.4175948796873496,0.7780262124156325,0.31394750844267844,0.3808716043086202,0.41111771344270764,0.4943858142161048,0.3248882699659661,0.3095010684122406,0.4234816468475732,0.1813839692866078,0.18649375952538946,0.319279600670856,0.23306276771952147,0.20247620873650152,0.10507573165953375,0.04869155729417095,0.04435116884509959,0.06553147406198014,0.10832710978585387,0.19456818960970032,0.29487869771420266,0.07717584092021688,0.1301296067883921,0.34329234126784997,0.11462526666505399,0.1829523002482557,0.18170167040698054,0.0,0.0,0.0,0.0,0.1753011615435332,0.26053785845919386,0.4255185834590519,0.3785106373980111,0.5595151237170038,0.09038038382550369,0.35332050488136796,0.7264307977841897,0.8924373617405943,0.5360974241893788,0.5770499715402513,0.5539848952547676,0.6572456985674473,0.4730281749729443,0.3581344617452907,0.3423031848056387,0.32159323137971363,0.41235267131815906,0.09118516025312791,0.40714687280313827,0.0,0.4330780553568156,0.40794390888793636,0.3873732896790435,0.5529410348098492,0.5240672512486718,0.2825733316554079,0.5036904544720271,0.6195377022739079,0.6163377633294407,0.6257861984721798,0.6505357827586998,0.617422111609153,0.466151943481598,0.3519806361574461,0.5659404505686918,0.5561572380177335,0.5126238873138675,0.29988905715542036,0.3267289150522583,0.49874059876028803,0.4554852783505509,0.41940247898216915,0.8991697566976818,0.6897556610387204,0.8578530387040156,0.6450050766530268,0.3766087085264889,0.8661309034490565,0.38260316570097413,0.6485545395737374,0.20578903463007497,0.8361990810375319,0.5738185424713405,0.19964094287786593,0.18418652864211651,0.5570948523786152,0.6627153420252423,0.10968015235051065,0.4098957009839142,0.8830017273961432,0.8301616204566274,0.36126866922655654,0.6612870738255086,0.3556798478374453,0.44746417790112547
141,0.4893418591960986,0.4411879591065664,0.551374400300271,0.7079423428198519,1.0,0.66443429650183,0.6937664000785912,0.36265328458719287,0.37859938166571927,0.42144940052316726,0.4631872629631969,0.28156487300435007,0.4335089902868554,0.5451078814805367,0.36959229231286517,0.6723668390298931,0.3753438011983264,0.6869064095096329,0.21510428312899504,0.41383790364308337,0.647311458760545,0.3455791423177027,0.2791617577694016,0.4959449741248413,0.7003368164208826,0.3937784289113342,0.44219150726827133,0.6616561757187873,0.6466450464725082,0.6791328675507378,0.5095328208214593,0.46066936119098734,0.7161371025817944,0.5127946333876788,0.5818701530586764,0.4768553951598487,0.3049415566369529,0.4271159380292897,0.6146719582815684,0.19635628865357269,0.28995876408888926,0.3018401999635248,0.6476770245646076,0.6208930809515582,0.6138324236446655,0.8542986045376322,0.6684115678081916,0.3106349407676178,0.8578221926698241,0.5159586518169522,0.6394148435014686,0.23928106833403906,0.7610780093769065,0.45900607070218985,0.19074082646063042,0.41188152606573547,0.6773658130509415,0.49449089621979486,0.3555734862388074,0.6455514723937552,0.35292814648007104,0.24469242746504974,0.46644662687717153,0.20246011552276927,0.12359807643474265,0.1978076468668514,0.24738654428158383,0.39099496178634346,0.7118058075769444,0.5631408180425056,0.16231309940833621,0.611117399342267,0.3247194138541784,0.1677186178670795,0.5485949461310932,0.5972575493966232,0.29894632940916854,0.13598061720094212,0.4511148191418691,0.32600198748613457,0.6430000206363444,0.5141267132534905,0.7976835100972686,0.441235274810419,0.38835010209989823,0.830254125462956,0.7570854794402615,0.5304987819532939,0.6682405316409626,0.5516806914178708,0.6771321854874287,0.5639950659512332,0.34850093936037074,0.8748361696251552,0.4682292304716207,0.27405320559637675,0.26637779806801065,0.5939029970645961,0.0,0.5299690090080142,0.5197395195636816,0.47313599413274854,0.3041589326938293,0.7140217105720844,0.7583312388808975,0.7845091957664252,0.4534350030333181,0.31011395210683523,0.7638729712320635,0.853936656936995,0.5420340943766795,0.5631589229271194,0.5217566227901406,0.40519195743061287,0.6538581024625303,0.6878012546219663,0.6512065014577997,0.5348529429558551,0.5633550658238768,0.3462832654632365,0.17218209669767387,0.36228120545961673,0.7742769948410035,0.4500106824220204,0.504103852918389,0.3484332232939497,0.7216014523460413,0.27307281803308586,0.7722931078495898,0.6383834294009703,0.4775466422841344,0.4883359270209711,0.5103165738196287,0.31803487282815834,0.15884756431763225,0.6678261695671311,0.5875076188891811,0.629112263468608,0.27752914003783785,0.7003882903418566,0.5013497018165035,0.9407312474719588,0.8299535657662886,0.687826162713859,0.5295463092990355,0.5951246758472583,0.3773519414177037,0.5918702095971337,0.46730496548683087,0.6031191806849991,0.41509240421751964,0.6038252562234355,0.5864313847013685,0.5963006318978872,0.6616312886662732,0.5614557094854005,0.5774823717809537,0.33158306798033643,0.5946273181578777,0.4757166891428691,0.5418943537630639,0.6637944849531641,0.49867561834363705,0.6807589880928027,0.511020008949028,0.3121941845967595,0.7585566427655326,0.3121383173022886,0.6718029568505378,0.4388894116816203,0.29582517162198735,0.6371115772113706,0.4174384842164187,0.6830506688453557,0.27621455853966653,0.2230186799832848,0.6442599630900352,0.7093437010942631,0.6591934840280159,0.6582512566897559,0.5422944155576273,0.6502332398593283,0.636589991299513,0.6289892361278614,0.2173239655527648,0.696587629902467,0.5982935634049737,0.4319474669905077,0.6090090742699118,0.5828413816294896,0.7133842949386076,0.12947517592925714,0.39664359706928415,0.14583064955622788,0.5531655334389232,0.5104879617706309,0.4484682649725321,0.33667010739296854,0.5540468364452117,0.10016920479131376,0.3858678935776019,0.5367549582705899,0.3817377868394403,0.3356812143629007,0.3870633348342568,0.6641466723976281,0.7623066414517944,0.5991423200666544,0.8651940224846559,0.4651236570580089,0.6239036625951699,0.4988706006269478,0.4615892022830317,0.739916400230547,0.25344900831830847,0.17995742235129691,0.3161684381384387,0.42919732009955985,0.4970102883994591,0.5548756164738268,0.5326589236971627,0.2599748274086909,0.6174303240925463,0.43852618187958275,0.367559847971858,0.4730722386106716,0.5712178153347677,0.4295869853193719,0.6176895433769513,0.38409103632844915,0.20451198341468008,0.4703536547006109,0.20624048198739792,0.48624863215338415,0.12285522240633337,0.7647504688726889,0.09983282279043411,0.3189882375756631,0.6489499098359826,0.467206277635845,0.6187002231319881,0.5240255131188181,0.6217070221795655,0.38197889857770706,0.6886522593979282,0.3739862508874546,0.18463998297393716,0.3535941738817549,0.22589883694147933,0.5710629546774953,0.4303881151528752,0.09525830622886704,0.5509613480661524,0.7298418788597095,0.6380909081223667,0.40805039755151157,0.4083827695175269,0.62684093786897,0.30571053930068465,0.5867965344303873,0.349575902599408,0.639622085947806,0.6125729591253452,0.2644895186144669,0.6255297162957807,0.7399057978916542,0.6401488887094375,0.2377292515762855,0.49454850628636066,0.3367684166242469,0.5790402262760893,0.35671254510334816,0.4152284819465246,0.29979200768897757,0.12055686982008959,0.5707185333094089,0.6919625714969936,0.5425255227561011,0.8221601383602269,0.32193471424748105,0.586337401752587,0.43318735195316077,0.5051014896706142,0.49507447728875675,0.8852442927979114,0.8583990867046875,0.8297601835199863,0.4520315269282297,0.6077778724302932,0.5386834964969128,0.42615679533692663,0.36727351514132556,0.7718324938894092,0.2975154992597883,0.3063235615104596,0.6338470014745059,0.6161347602639459,0.3367554471152485,0.7873431012452426,0.7175512281170315,0.6118589516202003,0.6920367420819158,0.7372045011859467,0.3820050747243958,0.653973023579688,0.3882620949380878,0.40293194034409935,0.33335456424983817,0.21447870178278017,0.738045574612299,0.3096559083863039,0.6427192058871339,0.4516109731806491,0.1940507751424153,0.503426232320897,0.7316654143669561,0.7170415490956051,0.2779547488538135,0.49468732899631956,0.19818718687898912,0.4995097585290014,0.6992521372285735,0.45919677945507914,0.5021205568966227,0.40307217387414257,0.7572404345725462,0.6561579508693811,0.6209435714842334,0.6665976957398804,0.5059375162349912,0.5324108436835522,0.6220195752093871,0.736350921202364,0.6662468984105641,0.5136141356168092,0.4309961812936022,0.523715105182231,0.4020530719658782,0.5620143227790468,0.6474213774917128,0.3065612480735909,0.4244311654307428,0.30518331829713885,0.26727704171134653,0.7324645140703983,0.5535736816622467,0.4576666935127891,0.35698564172668235,0.4989097986883641,0.5180237337343658,0.3967249280778945,0.4531052179762432,0.24920620393112897,0.5262250136598159,0.7406101336265697,0.7553153276884392,0.4842864232184965,0.7574022213434515,0.4331296604176616,0.4725364219033909,0.1078733645529899,0.6295823626546452,0.22710763361753744,0.6283421174207523,0.22866709383396752,0.5513430429418074,0.744962409739279,0.7925829908760834,0.013913345200299014,0.5974856659546735,0.5152486062157203,0.47294900297333053,0.4057561158975071,0.5749506783737451,0.6666189003044933,0.8552287005926394,0.6415778338322369,0.26998584938842857,0.6529156833491918,0.5775577567350297,0.6460063179317688,0.4723817101152094,0.431133644314703,0.2700607804050323,0.28122420779568114,0.43539921239311413,0.42339795373009353,0.7692714950356352,0.7760429055823328,0.6328236400749153,0.7616219253789652,0.7706111824034146,0.11811353154023356,0.5657599465118158,0.8119582343514995,0.6041307156868686,0.82497677212263,0.7365348946487632,0.15687465076195328,0.7562122375625773,0.788293278696863,0.7596317127372003,0.6838357785631536,0.5871851123091737,0.5327451978575698,0.2922563769414285,0.3218725320023369,0.3921368668194255,0.444969183771704,0.3842056880178063,0.4257952208477742,0.5906923245054394,0.5743635009414658,0.875359960563288,0.8307827040239967,0.828169636276867,0.6881995686305503,0.867757094431112,0.5878899138469491,0.6502495621296936,0.8548959083469435,0.5963955594644981,0.8488225058883596,0.1092403671590896,0.02884445323546068,0.18135082463997032,0.8688209808070068,0.8813508008007099,0.8008331008157266,0.15770275507913023,0.6639933308159549,0.6561554772072324,0.8590497787730978,0.48557367878479485,0.0,0.3955497035456806,0.2848411473186217,0.275936736802993,0.4417451414765091,0.6238574632143048,0.04371479810446987,0.21554522226129263,0.4880210668020912,0.7778245004829097,0.5896483871024353,0.7708276335066175,0.6390973994657911,0.36062572233734297,0.29640812875055444,0.19595369419260106,0.1431926181000659,0.303139187136273,0.6924461387004277,0.755941844625854,0.7440428851732679,0.6495343255766377,0.6518828355597185,0.21794404162861813,0.7643568321334192,0.10106261476856641,0.7919884754812032,0.7770819323936244,0.34851613993407426,0.6360653636868118,0.857576279059604,0.5333572126065719,0.659668749339891,0.679770313314172,0.6538305113473417,0.4798018760563849,0.7533061108970265,0.6669831898173104,0.4500082243461108,0.4120555124247865,0.33928359663356883,0.30666794727854413,0.28798895831628984,0.6694041478509092,0.6646674356202101,0.4637789571559175,0.4968401107185079,0.08368198337944324,0.3650388563340582,0.6507901586367534,0.3073042470375795,0.4647610309456326,0.5243422364659056,0.5527901459076439,0.5429337042577951,0.7295151384119625,0.7404899703874809,0.7082886423472171,0.642007117709892,0.6317835705317884,0.41277135709796914,0.7519106369637714,0.251773370074516,0.2622100165366842,0.831377024619019,0.661152096432745,0.9564335497823535,0.6354128989191934,0.6914219257677783,0.7529455100627358,0.7181789015271047,0.6893907632029269,0.3728877220606457,0.3087570535783128,0.44722095416533525,0.47236363401897274,0.448980830625058,0.6347104578555339,0.4839692117910508,0.4546068009298665,0.4189005848493865,0.6068942660411689,0.6077369481400776,0.3584930646425818,0.4368795806254189,0.6776928158418702,0.6787022405456552,0.6903489214641825,0.7061094934114684,0.6739101317883252,0.5150840388533064,0.6205514070060951,0.6726993272693497,0.6133315831725202,0.5872885273057288,0.5933516340223604,0.6269091280322142,0.40062289664138895,0.4548539079333749,0.6342912670577096,0.7810580676542482,0.8252494541685079,0.5619932667913363,0.5778043349756251,0.6598160380135769,0.7274174185901383,0.6690737180540122,0.6750008123050211,0.572358963512589,0.6648906723655867,0.4775902895737412,0.6020963437957428,0.8440270578239971,0.5706259118967657,0.6104452719475643,0.6753253803046472,0.6443931023441933,0.7263295228273706,0.28731537903587756,0.677796270038437,0.5480981679857005,0.636936147198161,0.6174833208389728
142,0.5228797133424584,0.34161727675263504,0.658092404383496,0.6287759141320145,0.5538001315708955,0.7437211560710297,0.7965745895288114,0.321472941741024,0.3777184666934278,0.20684808139543484,0.6012568153139535,0.4676940177596567,0.5745522985496857,0.6414226490665718,0.3011780860953321,0.7427243329285769,0.3736540918643915,0.6769492124250025,0.422645848729959,0.45159252761311114,0.6073067022012173,0.4602946079168097,0.30077544904782255,0.4229302450332455,0.5939550843986922,0.36907212737204176,0.3197570030472375,0.7699783994192149,0.7663936192648508,0.8043392710846721,0.44842553931173945,0.5232532251530692,0.7319195132715485,0.45201411176414946,0.5460155625734688,0.5096300635762567,0.34887582649106896,0.12847484473173604,0.4025122670610915,0.1435325221155104,0.4403253303321117,0.2859989579119229,0.3324197576369906,0.2801027458330434,0.7264384421903246,0.7328995415264119,0.726188085842707,0.4143271161726968,0.73479423494688,0.5862999299688709,0.7062759597930395,0.24486305362373453,0.5577351449743639,0.5007892100995675,0.21575870048010856,0.3964795624779909,0.6310170696984158,0.22102657972143108,0.32616333085095417,0.589279285238386,0.8759551762655042,0.2037827729879284,1.0,0.35999135448740943,0.1903742371864213,0.5316729315439658,0.2500677155501495,0.704031214312682,0.5590193577644685,0.8114178217250615,0.19803115452516817,0.4559838591592487,0.3854433669211336,0.21464314154041328,0.39015560357497714,0.868343523305415,0.41060529388815054,0.18704163598356588,0.7961542164602299,0.5381192384754113,0.6391128612226998,0.2226332125852855,0.5329574315155972,0.36360862607131533,0.32447728135676096,0.7344827229189712,0.6266069130279351,0.5652486521289852,0.742973586411813,0.6003478106731145,0.7500459106249051,0.35723348727654985,0.8047170547715303,0.7994085750582773,0.35476940659419476,0.8516774777974321,0.6382534918140063,0.6794989519149801,0.49529010785174477,0.6371772908498758,0.4950868255669003,0.18253050205484347,0.796528981248482,0.48980334538327414,0.6607772543095328,0.6690219498075577,0.6417482448209059,0.3883287927668912,0.6114259084606123,0.7896635250944398,0.5298797412949213,0.5524137372094359,0.2502937308117846,0.31629342982112996,0.630400151445873,0.5325346155375476,0.6367727994691761,0.39505835333240674,0.5036527180641586,0.2493067645028844,0.3447386048878914,0.2157804928263376,0.7439630529735728,0.43447904732742365,0.44642449740548346,0.3885490773190848,0.7077594825763928,0.335537187401497,0.24724337884937433,0.4580397245936705,0.1435606913160317,0.475887412426163,0.47235068437554967,0.23332225261668282,0.38367192310027914,0.7307679245310329,0.5230631583229891,0.6501528734222218,0.48496821617886793,0.6453109028498157,0.5309605548238093,0.9322569689910046,0.8341959145874399,0.6593087934456765,0.5255461278429148,0.6348459473429964,0.6272712257297048,0.5651611988845956,0.1775499455839267,0.596332115797734,0.4364025078578264,0.6416966549370441,0.3734122525805696,0.37845544430981065,0.6405738542920505,0.3446385212029117,0.29615525902012174,0.35447942363486684,0.2664759624318375,0.4944453774651666,0.6173379904104085,0.4845779107691656,0.592036632542982,0.6377571639662446,0.38833661076700127,0.46482080680034477,0.7803448980212596,0.3353618578259396,0.6637126948258796,0.6352094301259908,0.2288057886644746,0.6080078421581938,0.6114891848488223,0.6786948763223571,0.5210244043151794,0.37015018747120587,0.6706097012616687,0.6894081020835321,0.6482607003357536,0.5432877259876485,0.36947722344290723,0.7283464442529656,0.7110836412155568,0.68228974351879,0.5382041728519272,0.6251509623053741,0.4757277259514772,0.4507924732078792,0.4978712665653318,0.4535888516882936,0.6074224353037309,0.19708050479532946,0.45564280525409906,0.10410407244014304,0.5060009726793531,0.6431580249591761,0.646287564632964,0.504535077798569,0.6512643151508732,0.6040150145832117,0.6336320396827395,0.2190923467276381,0.6170608954292992,0.3661405677049077,0.2617616273594192,0.6442709044283946,0.798017173862423,0.6261278260096689,0.8513750081694056,0.30345473647343874,0.662109190940626,0.3771623879914067,0.641349155393372,0.7233889393145716,0.39404078904411277,0.2692445510504655,0.3132737329665018,0.4846486437735023,0.42630509849315235,0.5425732589281949,0.45119022272396636,0.3642153388933131,0.5527416189082106,0.5174040299367526,0.550385370406775,0.5148749336953664,0.42809227190893306,0.5095084734791978,0.6317888927802686,0.40172558771271266,0.2551669942103065,0.6841286244188012,0.3229762919762352,0.6592528764993537,0.14506388499839876,0.8188607887303977,0.15523579758464995,0.0,0.7078264055141097,0.16582682642111163,0.7046966306911467,0.5119356579877842,0.694631352351379,0.4501527204415093,0.5836158719987219,0.2580737979767908,0.28790820032361114,0.2329131065214733,0.2882858962053258,0.6251543198399012,0.15889363592194516,0.2694621659384537,0.666283163722775,0.7869468018905343,0.4755138392220083,0.3101490327789822,0.13770110614727965,0.28766890611823304,0.29050814765476324,0.26732960219628954,0.34065880160250467,0.3190517309765805,0.32903430324504623,0.039077645773274716,0.2762714470313312,0.7571342973784609,0.5584504146732131,0.33872038491248546,0.4616927694389802,0.25634508672406786,0.5716917266384863,0.40708450316223,0.35706175965371667,0.305034354372714,0.25028912842945156,0.6335088915950452,0.5985470568076144,0.5086365931870324,0.8241439814356255,0.3887435252124333,0.5094212590708497,0.6282443094375342,0.26470983064512066,0.37944789625215086,0.8181827772012117,0.909675225395179,0.8589185464915268,0.3146908332505213,0.7114419246618282,0.5888909372599991,0.49676728731976794,0.5913903830464856,0.7493851126966623,0.28089240304104446,0.3907730163931537,0.7110601050194332,0.6845270474593504,0.504892680545588,0.7725233811186693,0.5071392848501804,0.2955994491091068,0.45135155658423004,0.6783616639419144,0.33192810338387124,0.6378230114543739,0.18837745525657193,0.1614008003384904,0.2815449616275251,0.2038935723429981,0.6970096820510239,0.3066614904120309,0.137002428033614,0.4729938056456335,0.16133616758742114,0.45343954417203564,0.1828055049345811,0.24067537697185806,0.24876305524452208,0.5372951095449545,0.4914488069983568,0.5470430918146878,0.7402571692774594,0.512823773169633,0.5269540705600376,0.2531713857986677,0.8111038535013284,0.1896428418209192,0.18102778993966712,0.5603341147227663,0.4312718663048012,0.6006298660031609,0.7056039274752229,0.6955621132586173,0.7324954198187318,0.5654107781099423,0.36340022479215206,0.5698841398047179,0.3206539462999142,0.6065818072231046,0.6409604297178679,0.3236609927271139,0.6912469263719153,0.3021794995523312,0.25738573513238355,0.6280763762291623,0.6522224382358628,0.027209179815084607,0.15780240105510843,0.4824788154044538,0.5154997152294315,0.24975061295408982,0.49658627716295517,0.16428136805954083,0.0,0.7920964089056443,0.7837207882844,0.4794592830514252,0.8057568824856804,0.41355049226301194,0.4842037181264145,0.20493353757305469,0.5957035675740658,0.25907716248364415,0.591257473997944,0.2740119865107819,0.5316900787025798,0.7677583132766669,0.7619659018198117,0.5343200390130148,0.5107033990718676,0.41366990921229757,0.38271958785713156,0.33703276900326423,0.7352439868641377,0.65563814880342,0.7704814561027766,0.5429926727777877,0.27867904092413304,0.7149791070399002,0.6527596862974415,0.5860234430915107,0.5004295284164962,0.45798741259939985,0.3442060285072391,0.3565640457845169,0.6727355804475945,0.6647300678728625,0.8341753318400981,0.8365709710717387,0.548908794134191,0.8215904680423197,0.811628017662771,0.1340230035283708,0.7561119429061507,0.6230737456717549,0.5454483162507767,0.7773052412226701,0.5642810254674375,0.15008130432841116,0.6797326725923856,0.696491069453005,0.6315469387623203,0.5862112985987654,0.4132885503868072,0.3798617466300012,0.5478667453859105,0.39230073827591627,0.25515040568398667,0.44564331870567564,0.2071074727709569,0.18509670075243323,0.7834246664116311,0.7876186634286467,0.9079701247097065,0.8933785107796669,0.8517377076368111,0.47232823044624117,0.7370295267199676,0.7798186316087551,0.7195033810265989,0.737139344092409,0.7983180058940021,0.9005434779865229,0.040647026548783265,0.05648610837468526,0.41887708190878403,0.7517318794913109,0.7917600460085767,0.6850450700242309,0.17506186357955034,0.3753541970200847,0.6730719620965646,0.7352524253134911,0.2455783980046031,0.3431152444137656,0.6060246859449585,0.38914611088962653,0.3999448733617108,0.3925075288921957,0.6418060998156735,0.053811106241593354,0.188093664211665,0.43395410155903136,0.8142124480813275,0.5889514921522293,0.7604420329543682,0.7154429447627046,0.7588839091340958,0.31188107456513536,0.18797794653722738,0.20329469412039264,0.2147057048033178,0.6106501423912636,0.5956698872726272,0.6725362008217357,0.344872766332491,0.7192343647933435,0.3848286357336923,0.8526642382333598,0.16625642857297282,0.5913509994652381,0.8022218050999129,0.33381414450292934,0.6587874000000866,0.516385866725024,0.690129466645259,0.441115507027607,0.4424624387153486,0.4666687524447925,0.26957132016335394,0.42270468409917084,0.7447453794468387,0.14618435539565716,0.49648412951073195,0.338731193855937,0.45698906597054084,0.4401266048431558,0.4190194225664618,0.4223413914214773,0.316606770702955,0.3785075567939609,0.10910062499837787,0.5134257617913949,0.6968156190127623,0.5272415782393886,0.6885871247122806,0.7124050415509044,0.6236520356912426,0.5877402792585384,0.3934222848490598,0.36540404798720155,0.2343068224740949,0.23768001911765738,0.33719402888149197,0.2840445351166883,0.5275249944798948,0.44309785174209293,0.20787137154834515,0.6664817517967719,0.5992623786389925,0.904517676974456,0.6278897552043627,0.7244483931293704,0.5334395891897572,0.46777679185023197,0.7457883427255317,0.8037698193600528,0.8257635899863516,0.5273317789792703,0.730173475138241,0.5252883640996109,0.8282678766260672,0.5556033192244931,0.506947504520977,0.48387589979222956,0.5701924286908259,0.6123393371371978,0.6110189091711914,0.6015101503383032,0.7286349157223828,0.7347121388719421,0.7293280977109813,0.7290459264423793,0.6775403988131112,0.6813708974128491,0.7287998486077346,0.7512683773693843,0.7024462935921563,0.7287877527036992,0.6738107899678595,0.6523003800987162,0.8138599363194089,0.4912243125750392,0.7300400880263768,0.8107112443402515,0.6075151622677448,0.17092690262439514,0.13980046774693408,0.6987788222858918,0.5724801741608856,0.7334960234618993,0.6647723365729002,0.5444524296817784,0.6478153185504866,0.4885322299545834,0.7654628740816813,0.8934108151687071,0.6629054334779692,0.8418650685063324,0.7595934741079532,0.7492481474470205,0.8055236269206608,0.4394169307118506,0.7417998634785689,0.6828346683743844,0.6784227374534073,0.7175128532470338
143,0.212853223683778,0.24710799361868344,0.6373161476327949,0.5009130762872541,0.4731719285648605,0.8203368604134034,0.7146033001084018,0.4103427697800917,0.37828281370183703,0.41650333856731747,0.6122196765135114,0.32428163321592757,0.47368081100594556,0.48201026992898477,0.20750999756910893,0.6382285792672724,0.49428080246496253,0.5823626770233774,0.25519120805395074,0.7316652300166258,0.4805272056051447,0.43639292271666014,0.33396901445785104,0.5389016689111619,0.6123532841404512,0.35553688644489045,0.3525283801755428,0.8385915921669024,0.835402436929309,0.7367047292056029,0.35544720374024613,0.527991971379293,0.6221914550052989,0.3390321055861903,0.6296586477153753,0.5428515672171348,0.4904031058779535,0.28638080512312464,0.055235387012187616,0.1954246100277921,0.5658968012745785,0.20122439465176445,0.15140866481539994,0.1022496683105839,0.5735117882223932,0.5541817508493082,0.725279253468843,0.4428832273415238,0.535905895368994,0.5471111770049992,0.6923012190009137,0.28346965253954826,0.5669085100633326,0.5163354627984363,0.24989378205677754,0.47142285406123363,0.4399003921552857,0.42431823547090125,0.27540384361940756,0.40100311595268057,0.387931260541795,0.13349587972059873,0.14374500388917053,0.3500784791625514,0.15494405746163362,0.22435659578451342,0.28867626003832497,0.7745658916569272,0.518157312099375,0.27243912722289937,0.032442175063330726,0.4169833721486085,0.339752908952064,0.7656904005514444,0.3105614652480736,0.7290877986227459,0.246881514134488,0.12868654530902537,0.5999727103835686,0.25418509977031123,0.7251770026538353,0.42802179358584197,0.6527298813172515,0.5436607341387588,0.42836722918167486,0.6535895585649318,0.5645452751485978,0.38480971406004816,0.6358442272010525,0.47921266027772486,0.667645748986271,0.40725299416340327,0.3695463733283399,0.39097530436069333,0.056185481636205487,0.8321314070546332,0.7120705519207452,0.7511315466829598,0.3486192554829855,0.695592435541375,0.5860302782982164,0.14263518913669568,0.3361789675761429,0.10978069324875372,0.4491352528140545,0.45429995837006737,0.7154339156434578,0.27191183499577,0.4365754929475605,0.3864960648234169,0.168257072512619,0.5941638831305265,0.35000275860817975,0.3636567069186726,0.6687930898515364,0.35204393764514064,0.6795848429287419,0.3520008680364293,0.5399398074391424,0.3134709174966191,0.2774452269747285,0.5452897037371389,0.7007689788204234,0.21601179245938346,0.35980458112193153,0.08162891099672318,0.6969310143777623,0.34413604779471824,0.5735519430175235,0.4233354821243149,0.479292116357508,0.7278832668548749,0.46676794398287447,0.0016089852465062465,0.37299677268243964,0.6966785180596632,0.4403625570699382,0.6047975886613546,0.22372396971642455,0.6841043271230373,0.47626622475443187,0.926334520970163,0.827408914253461,0.7024269242512253,0.5641911661741863,0.30697402544357566,0.7284393561842911,0.28402786634709426,0.1049690537376631,0.6214479684326207,0.5340645065667076,0.23604983269917304,0.4914399724121693,0.49926832559348383,0.5812199720153013,0.4860188144462639,0.5044848174363822,0.3589701149774261,0.8164979675158673,0.3821018458512759,0.31347939486143034,0.4558880527915156,0.16375139858538806,0.6616967834385485,0.24507928789708294,0.4477712780445791,0.7692024707124379,0.4554572668246145,0.6802963202186747,0.34723077219916765,0.3183296313809273,0.6425027816413882,0.34047830878465246,0.631804225419152,0.2741908081578129,0.3065300089892813,0.475988670540641,0.717529670267121,0.6571370669828596,0.5551665215559828,0.3993170390355538,0.6140559922424829,0.6086686568201053,0.5672125320859414,0.4214868061243549,0.5630825694299952,0.07666366927216417,0.2691522425680942,0.11077655243861843,0.5122471472713607,0.6847516360085116,0.24523192268370547,0.5801294077958238,0.2523068646188182,0.5161575795393517,0.3701400254819809,0.6626443154104206,0.5018568949664327,0.6161916787984238,0.12511712286876664,0.49200091829595166,0.3333119736806975,0.48876917384003477,0.13740640278926392,0.3954108425386458,0.47155937843249146,0.8862168416684293,0.40370486045404835,0.7861755793469694,0.0,0.5599812948724582,0.0,0.6117763813698565,0.6881228532614366,0.551845388149462,0.49544250330458184,0.2103959479693837,0.2764645186253785,0.47040693496318753,0.579439788388737,0.45519045948901954,0.37118164976914275,0.655426715502341,0.5625011435825187,0.4568974056175841,0.5367904999200869,0.4103046241741747,0.5453924280120902,0.5516021566824539,0.404919677589427,0.24146116714665466,0.4590546724309053,0.4703923198390909,0.45334349672680924,0.21131199834541703,0.7517149460585362,0.23228363042004216,0.056200826551010774,0.7797556061958789,0.37304918807246096,0.5909443973526509,0.5709073108385844,0.5947817315460102,0.5990336107639425,0.744369953551879,0.08497207688740277,0.22168874516900014,0.43137469643523,0.28328087867459506,0.5422418597817237,0.26327733952293464,0.025652855675199145,0.45859360881457223,0.7276856608440958,0.39873062021101496,0.30788084365474655,0.2456403459159249,0.08649393561460257,0.3139074581378824,0.047479044387374415,0.16527179511328985,0.0,0.011357942829682768,0.04312795686731086,0.009604031966981768,0.6868359600672088,0.4903129318501362,0.34329422352973277,0.47154519741282314,0.18946416930232574,0.6443458625848366,0.21722945646249814,0.13987539464668505,0.2619903511959562,0.2664266515122414,0.5244805739935656,0.5993665377214821,0.4606822854510453,0.8011982036864841,0.292017266487325,0.452685310640328,0.4889871073305152,0.32068086114184363,0.6398991574805375,0.7710909618411105,0.9304095364754704,0.8862179046982879,0.2028980338340968,0.6191021279785448,0.48220900167876846,0.47676996033846136,0.45004504637735904,0.7684206741748423,0.22681854711485508,0.14728104856363833,0.6064156183889566,0.5876902508441425,0.44968359229845833,0.7980200117296895,0.42018164915752226,0.5333309358702137,0.6407988993473938,0.702654148059043,0.11427270435120807,0.6116598103431411,0.20830837228441965,0.11885247436394396,0.14308081452065582,0.23122287953827209,0.7309014727547039,0.3089287992375212,0.10220178144733102,0.5326164395231953,0.8662752858085551,0.3028000818019795,0.2893685159176163,0.33695608365399626,0.3364942278274414,0.567308054132838,0.3690939943016777,0.5654485715160159,0.719127265245475,0.5175356263129886,0.5722342945875951,0.42486981687220904,0.6821887085750353,0.19283315137235546,0.1593615823575104,0.4248500506023602,0.284658906355916,0.47839541059757495,0.5969790801836722,0.6530665717063127,0.5915350012306209,0.5726125550870391,0.21361613584358685,0.5722800351978014,0.16794722842443943,0.6170283315645246,0.5860576770729651,0.2911829323402013,0.06902041058449558,0.4098016346087807,0.30031682975965013,0.6784973408284064,0.7292234223095059,0.21080002370943604,0.16892118519691088,0.47912317490354933,0.4985033520315209,0.09631161324538434,0.44556592416538054,0.13886637945485406,0.51190966548382,0.7763265957317662,0.7944310158591656,0.5062750792143924,0.7673142717665231,0.4947999784947704,0.4997826211838717,0.18869643023632843,0.8028698132955555,0.27076553428157674,0.7892898267649574,0.28378395838295944,0.7592600803426435,0.7895354216373427,0.7225754907310299,0.5336047321093134,0.5357218056442478,0.24640489915145203,0.1599257313158971,0.48274262384415667,0.7092953789128045,0.8268147037038459,0.8207157475632983,0.5427085176364645,0.2954028674830725,0.6180983454671111,0.5022841532446605,0.5715964636438563,0.4910451070545452,0.766138548010955,0.3197434826490159,0.35589859563204285,0.7324162216528193,0.7136617154045147,0.8145049326966505,0.8151286424412538,0.6323805743854274,0.792351450894544,0.8091959498767393,0.17978454563608118,0.7592629456030962,0.6998326354176442,0.2713363731391733,0.7408762177524126,0.5404658719793511,0.17536519317209268,0.6228437407281238,0.6227142585393751,0.7682373321895806,0.7379041629227048,0.5150907069053797,0.4883145973097046,0.3858145759764111,0.3450496060249144,0.2882351123957767,0.41655017598629995,0.34208667950230737,0.3833316467499971,0.8110740136502266,0.819313536169843,0.8547342233056445,0.8645640049310039,0.8424119071051465,0.6831694762007126,0.6663088776945074,0.821097667863695,0.623656369213979,0.6664749913340056,0.8406726382643365,0.8674426770510695,0.1257604631384863,0.09141913144156193,0.3997649375178861,0.6870830988138843,0.6775873667562312,0.7627463702497757,0.1608053597944447,0.49578681560600474,0.16337847959747656,0.6805550324240028,0.5832169723537314,0.08722195983151534,0.6127104053153145,0.37690263937037227,0.32189820572414624,0.4047290963267175,0.5512848254349212,0.09350356589734465,0.05687273110751198,0.6973492189553542,0.6861906353992206,0.3883611796416441,0.7209363801787704,0.6108253854657195,0.6109005893752335,0.5056674240485769,0.23043923451117118,0.13333190894408176,0.5140127993864495,0.613300794889004,0.7873885768484753,0.6417870968302622,0.5510853341223267,0.6380176257925196,0.350348923717007,0.8694380615965891,0.22274691835392882,0.54063266895227,0.7159136709735678,0.35502597230431776,0.5605132619100193,0.6300861134816662,0.7706158279360775,0.3803157343415172,0.3661333435145953,0.4646091297264872,0.18077859573920488,0.47221133098503526,0.6182227738888775,0.23277119999329252,0.6334434647387222,0.5367775233515114,0.5342332781754998,0.5155341744336264,0.36631296224408966,0.36912682801423563,0.46691414992428487,0.5415605097780734,0.09756259802714203,0.4134904464154771,0.5875973215978997,0.4323884305538382,0.6370297516242643,0.6595709634586032,0.6562577656508924,0.6624448135984974,0.5743908386870261,0.556343379349387,0.7203628550380102,0.6957188229115353,0.7646552123438085,0.269740129415027,0.694373208124039,0.4161181228265813,0.42769590604614305,0.5770757350318139,0.389300774312649,0.7703564547749103,0.8567271464253704,0.6919302806701244,0.4256763107719701,0.30937691595965294,0.6571751111830362,0.5667917436932711,0.5800631628077791,0.5584301637523151,0.5862633524127112,0.551338380805747,0.7615230734572541,0.5880153724968202,0.5577784887348256,0.5289006027116495,0.6132492165536618,0.6554797236739411,0.6292604796855726,0.716697224106834,0.7551355703657755,0.7509624860905074,0.7590333644603648,0.7657044949520013,0.605937988658268,0.48747677096865544,0.5909478348935655,0.7379468043118625,0.7607596172130412,0.7401077814102993,0.5485810088910479,0.5689775411151493,0.37220838509217724,0.6572035631098578,0.6343773017256553,0.7041982386988823,0.6827040591453835,0.38630141272472857,0.5877636779796005,0.6132939801940158,0.37393939852051666,0.5981453316500077,0.6248246590742675,0.6382701728703973,0.5731414902195069,0.562746146054657,0.7985727870549659,0.8903166820594486,0.5708783865069762,0.44732203409473337,0.7375455661950706,0.6161109984701255,0.396519073593926,0.6144936631872844,0.6174601988720457,0.7399000991501836,0.5663447689611002,0.5337402502105878
144,0.4741558670163093,0.11183462420315296,0.4000138734835124,0.37548274855243,0.6228504030028745,0.7034462264024185,0.6654333671918112,0.3864400021290227,0.15201594047600198,0.2651384984092502,0.5075855641422541,0.31821593283640026,0.50494923063149,0.4156861910853318,0.24748457048505318,0.5050264896846656,0.3780923164323119,0.4697152732178883,0.32815760914428505,0.4333559114411913,0.5292294768196939,0.41541842156841036,0.28388467659067734,0.582379545073616,0.4617587863232435,0.4293068662220642,0.321137870851788,0.7199110600573877,0.7106025320586289,0.6351411472764306,0.3408518057804599,0.534833773417129,0.5486195489990284,0.3459770949150077,0.5888295866843906,0.4942816787651225,0.405581055566167,0.17815857887640724,0.23749913251729524,0.21905510209046586,0.24173414564392892,0.336372091370827,0.8281705584021503,0.8046777473422267,0.3401680418143582,0.5798017320911634,0.5975858758764142,0.4633215503769933,0.5873677439343896,0.5148196654005516,0.5590212281330397,0.2715128078225502,0.531536949736285,0.531238803631283,0.204402813542604,0.5391653483158623,0.30499963318845236,0.5017782147328448,0.0943046771388928,0.22339238013768126,0.27689745243410674,0.21298657153704026,0.4200879580029892,0.6992561829236826,0.050811250624736286,0.2699274482701808,0.29638689758435655,0.5202492753597926,0.9094392524861785,0.2490609417825433,0.2695695867202245,0.819383478542418,0.19173748140127345,0.11929448527303792,0.7813051428922104,0.770647281744866,0.2999997781188295,0.14303918688274325,0.6544331227175865,0.3495849230363741,0.8837247874431278,0.26454278663784747,0.3541698084135649,0.5105134005964558,0.4055803973662032,0.5006115494570254,0.38494470044854145,0.5599833564512952,0.506536500764632,0.34784470495170844,0.5061997350561519,0.38064151891536885,0.43564124360947604,0.4297493904004857,0.8486846886813944,0.5703862467875703,0.4624368446212486,0.5366742986036498,0.17466480155729627,0.4627477795090454,0.5204013014072236,0.6843842455005569,0.45206225191928284,0.15099098295423832,0.3278596226414003,0.33794007844908425,0.5024389686171792,0.3858115734563668,0.2707751942526557,0.37278384764383055,0.7635226351576746,0.5329614569066703,0.3583593299511944,0.27723608084786777,0.6536087070744325,0.6255515056834092,0.6755782412291446,0.739665355185651,0.3986683113652028,0.0,0.23055116760218253,0.3456900387572274,0.5605243445818903,0.5095545584482363,0.05951083663857167,0.4315538096292853,0.5964020684135717,0.3407973744012555,0.6215286407333802,0.8564055590708533,1.0,0.2387213899043031,0.20776700207445717,0.717771326529975,0.14627323423269098,0.5379899793282251,0.34498579448850836,0.3454268478025419,0.33204804049109116,0.5952784042125799,0.5067421883892016,0.9229339487052427,0.8357915247918634,0.6896805530892393,0.5655875393888982,0.5657314313212534,0.5271624283776729,0.5714947498712887,0.863089842112375,0.641022111781949,0.08220622957215525,0.5493788757110413,0.2936767605580414,0.29640271070835644,0.43600347800317707,0.2801473367326928,0.282459443648826,0.2502585936448302,0.6906402176216102,0.3792689331046235,0.5302340765088802,0.3903748040557172,0.554702676949755,0.595703919560845,0.44058845782420303,0.17650022413878577,0.668496250247124,0.23287225399600198,0.6794858570482035,0.7643041982141746,0.12867299745615632,0.6547122499504598,0.7555985669002185,0.582561932747427,0.6411809698220058,0.30335584958142503,0.5471965691859764,0.7491639237500625,0.7219170694172253,0.37113560033698717,0.13562408650111865,0.4890253370791024,0.4403372195286942,0.4161307458784837,0.321235748115169,0.502874716281578,0.6188104126574916,0.30005004799232005,0.614205854097458,0.4424875711032741,0.6567797448492919,0.3649499141982028,0.3715508216555458,0.4992747379642222,0.6038992297665016,0.7323494911750468,0.6512246652728562,0.6243467427699256,0.6743734630703206,0.08693476903416342,0.6795299048493523,0.2240300833546678,0.6512313510908218,0.42204274726187935,0.1273233301999869,0.36056906250056664,0.65657519632968,0.2827990419965101,0.8355599356686412,0.25664014792334366,0.4731435730407496,0.2984066909877567,0.5364224298860285,0.6042629529285106,0.21806441257203674,0.10576649451522736,0.3117567908753005,0.42991536319672924,0.1451857693932383,0.548562315119711,0.4245254861203151,0.390746942868365,0.6031800030170913,0.6343919845930482,0.4554673821612001,0.5142013091816684,0.2897856635990111,0.5190865566549953,0.4755696985118035,0.44024769804803465,0.3018087684845457,0.4605489191215473,0.17290995158864872,0.4702028880234708,0.15699505062611677,0.6861245668356621,0.1525394482602406,0.08740279558629456,0.7439238361721909,0.47593429834953027,0.4759172782282373,0.49033184087552184,0.44633086403029554,0.46124790152545786,0.5943357672728181,0.7156972042596661,0.15827773696450814,0.7045406876189753,0.22896860744402875,0.39444189153981296,0.4414551616555238,0.15265694127252227,0.45248068076456155,0.5588987023179672,0.4476950229315572,0.12512953346796227,0.40474952188924296,0.26573954509254544,0.3291625456744706,0.2609683146981879,0.27443770168747716,0.26630208811744377,0.27041071593228805,0.07872051118346339,0.28252351513461293,0.7109786805244922,0.32515311612910514,0.189818604963954,0.5281011605556211,0.48546786385943935,0.7885564649024208,0.7113773868438904,0.7020808032966982,0.5108282422006826,0.26427646601738947,0.5765225774967505,0.6373376108172611,0.4047510164249637,0.8329248388974876,0.3648657943215456,0.3890366428139516,0.43872809003325086,0.35527703734300825,0.14371585722193236,0.531219018674225,0.9183873231046389,0.8622061226708815,0.5078311849978427,0.5558431203489935,0.4430118300356191,0.44086454466381947,0.26035026898242913,0.7338555060967729,0.23005068970814832,0.24741591755811998,0.48531734269135407,0.4651091438924976,0.3240174812970171,0.7520585429438408,0.3367775460997733,0.4468073362208836,0.8843501467212318,0.7725161647371721,0.33207852180157876,0.6757590783948496,0.34183275640869104,0.17421407457189844,0.2569678931360716,0.29214123547880627,0.7579713187741729,0.20430828541869864,0.16423779912370015,0.5061411887807737,0.4627668700571587,0.4029957480203062,0.2842418870839321,0.30025485440560956,0.24183205445848452,0.5349583087027772,0.3650670712336977,0.5455301373817081,0.635092888690001,0.49133105710525043,0.47797702889415167,0.3130433222925972,0.7118965885274094,0.18402206071848137,0.15030789925405552,0.5322074630882135,0.3497692827194406,0.3366908127461593,0.4851682966706977,0.5037056036082648,0.4597650438786097,0.5425971801151774,0.3382794545190095,0.5466126810366864,0.2932546148182922,0.58311690409479,0.48578302308898275,0.30399897683441485,0.3024348996175273,0.4079900389037107,0.27730493171707704,0.6997074367136201,0.15194240531084127,0.14753022884974165,0.13206415929666437,0.5119822689989243,0.5240322630480403,0.04276258793337735,0.4583631832294386,0.2323307598527573,0.5066993484175684,0.8194830094777701,0.8169053243226186,0.4501355853213339,0.7936546086609997,0.4011325437022571,0.5317628886879696,0.22350231181101998,0.7273872656163167,0.19557393625271333,0.7166028273634673,0.2332788482638572,0.6781220323965765,0.8252737355349252,0.7986143358987626,0.5320890280008159,0.4619534872949513,0.4015396936952973,0.35649704055704884,0.32311096425253544,0.7129097389098809,0.745005236870412,0.8668662911377153,0.7397779674864343,0.3623206113099006,0.49543842633140484,0.4645288193701924,0.7526701120155911,0.568036400268751,0.6294381076977987,0.2453540740088825,0.2762232065801331,0.5014522638348701,0.4862962600798458,0.5596959737108341,0.5755976854226594,0.5001713100257743,0.553730207388728,0.575535395515861,0.2083608818112958,0.8344967416658073,0.5027773603656498,0.5806711262525395,0.7405218486780184,0.5419934452755913,0.16288124690377476,0.688701559209803,0.7086747827318677,0.6601307258257202,0.620705889501623,0.5778033553114678,0.5984218906629227,0.2475923342348749,0.24497549036420768,0.21847510879603582,0.5472828178445223,0.2100848896359939,0.19576930303288614,0.634477402483403,0.6431228023798861,0.6969681501481213,0.6516183119538402,0.6662186993962594,0.36105078634909815,0.7641488582346939,0.6029988762833486,0.4854562683909223,0.7721976516538941,0.6652741701677958,0.7039557134628864,0.20140991797748645,0.1180914190894542,0.5221223473306081,0.7862778120582746,0.7869275544351074,0.7939324283179645,0.12325816066256323,0.41865993170507515,0.5319971491838811,0.7249988509446563,0.5178476389198606,0.2806226565455651,0.4564352516397503,0.3380369826425267,0.31781838435413146,0.41492722576588864,0.354680516013233,0.10253524186247145,0.21776228897238492,0.44022371381418646,0.67328236246176,0.6901553323989235,0.6139930341164592,0.4859801506314361,0.41171523913350866,0.6384235865631397,0.25172373361451694,0.17285739003559208,0.147329461645905,0.7910631714408639,0.6854778594180584,0.7318617365492414,0.5581064643038641,0.49366719697461386,0.055067192782506554,0.8742753443850778,0.15104696549267807,0.5328583470154282,0.7135642015881296,0.4013351351393531,0.4330289315632395,0.5442291803208336,0.7097621448510507,0.3754032165642629,0.3710134022884575,0.5673311948739417,0.36900744257679446,0.6879688975891786,0.4758212638553951,0.37382992154251254,0.6610938193021842,0.5484846405888109,0.5989397022463149,0.5843346555990491,0.5093705611092603,0.49675518235917726,0.2221189406792763,0.2512756146971232,0.10033990199973676,0.5223726212115841,0.4225031866975215,0.5499904590386138,0.5559638957717258,0.5902121857865835,0.5752624823445427,0.5550062248474843,0.43777927382805215,0.40151277531517543,0.33462027571547137,0.32220624662280145,0.3933704261284996,0.3670569613484471,0.40904432298601184,0.6344310846415386,0.19398477189450242,0.7156373436545928,0.548196496276856,0.8616816449389644,0.2807475757185568,0.31181833860429314,0.6270002501166682,0.5973004326832853,0.5174472468147268,0.5234632626066228,0.6528429622629524,0.5503543222694485,0.6253107389856497,0.5516685410753125,0.6900859090471652,0.5761109200643169,0.541940036182026,0.5113880079166052,0.5983023293211318,0.6219213938803788,0.26784511696951835,0.6164255550174079,0.7425016399599357,0.7515527201338926,0.7476037752728691,0.753923782847293,0.6661026228501005,0.735715454949385,0.45114105085658995,0.7634997801289766,0.7834829511975872,0.6894034877138796,0.28444130797663136,0.3881526482414181,0.42201521324967306,0.5984603739288407,0.44744724156847837,0.7043993954836844,0.8255619136001213,0.4661192244560394,0.6882245548577267,0.4652415521667752,0.7273286372427934,0.4505922485424459,0.7411701144597579,0.31830842813122073,0.7028541774046697,0.39905560668290163,0.48148742027134483,0.6861044706703504,0.5904663113329959,0.5425784685745483,0.5238984517781191,0.491270031567081,0.3648411833737044,0.8207635311093827,0.5097721210747993,0.6561732387444019,0.43451131251411307,0.5763538981640566
145,0.6763366771967959,0.13031501381990193,0.4349510239445006,0.41156768704232366,0.5383473878278972,0.6941499868844797,0.47919941766191126,0.41286362231675827,0.804487955079319,0.6392029666190936,0.3337999175094417,0.29523501008943004,0.5558341263839207,0.35485015965414407,0.15239032535234487,0.5545511279998137,0.5664163225698414,0.5195899902751044,0.4908065935911636,0.543225057766951,0.3874116088970226,0.6504512699888545,0.41225366554636317,0.4572271235791301,0.42537835016329234,0.4022011544777975,0.37032829208329043,0.6973377711861563,0.6843542650951803,0.6138788384790778,0.23519839078095273,0.5610292140444666,0.4994012596559391,0.24215690847996288,0.6565877911798518,0.5409678833016416,0.3564399506729401,0.20281528508729169,0.2249045443151677,0.43370674763581396,0.017543311678514202,0.5293722813975457,0.5091202073080449,0.4529793615133158,0.43158113529063336,0.5487101725996923,0.5833151538759654,0.49741987090989914,0.5177342302347141,0.5217382386077187,0.5397599157250098,0.24458753547995837,0.6223943435731158,0.5568735179565845,0.16797184027557477,0.5574837222020705,0.30478760848688374,0.36117168715918624,0.13238546634506698,0.24512997815707407,0.6579808783360234,0.21310283304590788,0.6199076032692277,0.367144078046784,0.08959292269251423,0.5591802026277042,0.3277774731322297,0.4494909511836021,0.8991993236245054,0.9406005143803421,0.07884943576042892,0.8081130806832045,0.2736476421489364,0.13355753845454268,0.7706778834491147,0.8744220869065094,0.32289046758760265,0.03549926748862775,0.8074549340536366,0.22870143522244163,0.630142906783076,0.7331630473028321,0.6519811141334574,0.4839634363212984,0.43817624235332747,0.5991741368523423,0.4987293277797191,0.5639570254771775,0.5438428452645709,0.40110807532083037,0.5582345168842419,0.3506103660549872,0.4374161748583177,0.11093788146245374,0.6384019974412511,0.7485492769499527,0.4966086504080179,0.7899760505669854,0.4579590560839905,0.7526268186564785,0.6074388481306898,0.6182852565449519,0.5361125603920416,0.09054877615918677,0.26948674727400174,0.2683605798965873,0.43390027835478784,0.4871137842252817,0.292505768126195,0.12871135096394104,0.9438279446584333,0.41733548441524027,0.8248113160510964,0.2831726352565535,0.6064606679407399,0.722302695299795,0.6044530231972961,0.7225989889589742,0.3515641021470579,0.5574065324773121,0.20886583424069458,0.19770121509535518,0.8884510112237308,0.45669273500328034,0.7521120083933753,0.34485234448242796,0.46302646605341646,0.34454241207557934,0.6401207449499702,0.82897436594042,0.5469687952654027,0.545586528956897,0.3330559121471891,0.678687799275263,0.4123173520710375,0.5452089247956302,0.3039827666507639,0.511111632429787,0.2745430138156576,0.573703370764957,0.3473509372510307,0.9166675505686646,0.7889751570722966,0.643999919582697,0.48565911040504417,0.7239994931231576,0.3758881560654267,0.7379029446714502,0.8260697627437247,0.5866776111750723,0.7151753350935713,0.7154967326699585,0.8723855265956462,0.8737709644067244,0.2614944008354408,0.8602757879291107,0.8674393926955584,0.3613780565938933,0.648031675374447,0.4554485226428303,0.7296485625847297,0.28640154055411643,0.7134916004723532,0.5775199876200813,0.6496269895272687,0.16730834647605122,0.6682061862200597,0.27320157085113955,0.707860036651054,0.8469561531125159,0.5828989953083215,0.5806652494056604,0.8414644136412043,0.5974610339871647,0.7995140056412655,0.5672584136122857,0.6233324915542032,0.6971645099477104,0.6351924538694033,0.4162593856590858,0.824888864285808,0.5284937860805841,0.48275455584731675,0.4755649524438516,0.43679833175274796,0.464161417238435,0.6638341804329461,0.3316075391518702,0.6652060013797636,0.3462366589477195,0.5995093981529797,0.4564819709875251,0.46673034868600094,0.27703603246820374,0.5117274460211482,0.407704542984384,0.6535191503405771,0.6359368765947997,0.7835011128717634,0.0747754680521993,0.5610592966143868,0.5936740362086081,0.5502262157766113,0.40881289994816855,0.7142360312535876,0.37201848293969764,0.9186613080542296,0.26010903292655196,0.8060972125456617,0.716046827864112,0.5076979392893936,0.7408633252382526,0.5474614734664968,0.4165604599663237,0.42063749015953666,0.2710668611269555,0.8936791304545423,0.2334711784619868,0.15854128845325413,0.5410034818791501,0.46323743132927386,0.08319661163361976,0.5179520062363635,0.54624597041182,0.5818951628030464,0.5478510480253532,0.7834542269971164,0.540418841223361,0.429652464311596,0.6311042743135876,0.29999619042257814,0.9592184763875921,0.3533664861002118,0.9463340669847795,0.18903712973422387,0.68635568903199,0.24728965687831278,0.12901895670776212,0.7631508029256905,0.29326358343970055,0.5009667938285325,0.5681273638282559,0.4835369540178651,0.6191335824074466,0.6615026142038486,0.6215757820360739,0.09127390743953934,0.619898743044009,0.32670055347181376,0.43438812834640916,0.284886207867986,0.15906755376249748,0.7784133963098006,0.7010100020677708,0.22829127471570657,0.17304025397919526,0.24254963027864304,0.5933628376054217,0.321529911511242,0.5639250541032418,0.4814708712234247,0.6232095194533265,0.5943605473382533,0.12330596322894033,0.6356303761717809,0.6062327040248403,0.4066847051866478,0.4253109403806495,0.3428008919967774,0.6851564475193979,0.7273480914553924,0.7590796086090882,0.7491540217522962,0.09601465591009103,0.19667669632226212,0.5161315333967104,0.5849428878615083,0.4209944457599041,0.7546361137957053,0.3914099495270859,0.5582538696108647,0.39156192072463664,0.4171793941163377,0.44500707449119803,0.7615729309677947,0.974617672055146,0.9365921698024634,0.524392694897531,0.5659818592987479,0.24830497873762253,0.4907805812126058,0.4017564860249455,0.7363144359010307,0.25474508006699065,0.33262604136554536,0.5197987777137784,0.5080700818582621,0.15367018922457282,0.6940817651564186,0.5932576390650401,0.5248936555469523,0.25224723724027426,0.6110833781843698,0.07630584466331927,0.6006659212857073,0.34748126501171916,0.4337507213850575,0.2493004463286844,0.21264869359405406,0.6613058902620508,0.32014402093291683,0.35124755832779425,0.5662241504300626,0.2821077830206331,0.5147377061195012,0.5315482726393261,0.5391316010710642,0.18382563110007494,0.5862908490652775,0.27759774744696253,0.5839671218501129,0.6059209205197246,0.5470010238312162,0.6059473431596367,0.38059006658033206,0.6352252910681405,0.48956565351711157,0.4544368560636566,0.5933307648644089,0.48866700679555314,0.4049332159685056,0.519102449593452,0.612165584696305,0.5098707621350347,0.5958179256869106,0.37107414999289345,0.6012008829054352,0.3553488314108611,0.6075594898157043,0.6060151805205352,0.26784386148530953,0.09922365801047628,0.41968643359365765,0.31127200570181013,0.5528644444830071,0.4345244034238548,0.3627135061793646,0.25621754730847107,0.4634854500527769,0.4431868657169784,0.2801247661839993,0.37928138264015426,0.10413876457815102,0.37829480208469496,0.7706514657978734,0.755503546529642,0.44928422649497723,0.7820559889331488,0.43992875754755606,0.600098138671468,0.15911090808100642,0.453441132671847,0.0880048152718568,0.45871515196945695,0.10716737576290404,0.31099763322317997,0.8079585987183932,0.7693893099206247,0.39739960485883735,0.6530508672316012,0.4468801749926471,0.39021925086164505,0.37952734876715105,0.7867048468526335,0.48940076055489024,0.7374536789456916,0.4546714358207892,0.2624296566345341,0.5327756996177724,0.45488109686538997,0.5216733194262733,0.4066555481041222,0.3664506374274845,0.1275108057698098,0.12860769387117865,0.14239919567024478,0.12674464951296902,0.27825533875126607,0.29969662689457566,0.46139004745798506,0.2625852690910913,0.3105095650950304,0.10959569028670188,0.7184828680486662,0.7319237811522041,0.4332232031542107,0.7088969042845568,0.5414379002812055,0.10036746737377346,0.059146852607292064,0.047166702810061266,0.11791084969376014,0.09710336025704089,0.08550181308979654,0.19828389171217384,0.12431041229638125,0.1683804892462575,0.2566144306550904,0.34857837059768315,0.09811220683692162,0.14141547664839876,0.2524547899678237,0.23124742791664646,0.3979657877205202,0.3722005007619202,0.3596432440330252,0.17237801489460322,0.18162225467437487,0.16072836860498815,0.5352095244526786,0.1474792621211769,0.2624247223632442,0.3292363003663179,0.09440371100704875,0.10714092514553604,0.1996976591833913,0.18350672260735384,0.17863926816169853,0.2997431794477746,0.11126723442241054,0.07006445751066427,0.2879631838981504,0.05878768536557889,0.08098688345522302,0.28949657817897295,0.1380859126897072,0.18343435769261868,0.09046688946350374,0.3506469332027747,0.20164315897042234,0.1463781728301677,0.21236664892003038,0.6150706952298125,0.6797091724357992,0.5897164827130731,0.6103253840241118,0.5366493275938593,0.310805139267385,0.6643671364279313,0.25413235011152724,0.14089082656635785,0.6881358843367308,0.5386799515345774,0.7020707885757977,0.5903549688235064,0.5478062230298919,0.5393009002622096,0.15407840424115138,0.7273792990600515,0.1534220248700492,0.28599334533956733,0.7062528120575501,0.27744022902775994,0.4831067981668966,0.4574246990792545,0.6533783657728158,0.2005640652884003,0.20160131610408755,0.3453924663605362,0.012478354463340635,0.44524906956043253,0.5512533936194813,0.27223023483316,0.4097825160913444,0.23809233217993447,0.2798082781844933,0.26365921801101927,0.2544977242668733,0.2818979958903903,0.37485430020983695,0.46137700511730834,0.11615077541522753,0.2589724136425295,0.4928393906973945,0.23170037834815607,0.3444857412412153,0.39261055714606846,0.23191943579960067,0.2215683822181858,0.15143243494623476,0.1361990267847827,0.18553324349936837,0.2546063573181267,0.43732729582799945,0.4143632676218453,0.12022048282299676,0.2714733778726828,0.006649827276737937,0.5908617384753091,0.6591873338209212,0.7659078761415529,0.5765399390114737,0.6160767481249838,0.46921110995700627,0.5271167870698538,0.5750232971624241,0.4527110444807497,0.4697298514389518,0.5740841346803811,0.14525925241433846,0.5683870441496482,0.429231462832945,0.5988547698993579,0.5621138561721655,0.5432891155768854,0.5844295991340851,0.5887791399639187,0.06795473738641845,0.7160690642220002,0.730466971437909,0.7423912944072135,0.7243394825757292,0.7214045059856249,0.7339588766069879,0.587345537419523,0.5040560188079124,0.7972815266699173,0.7783971238897949,0.6961024041787053,0.40120692590067925,0.4507936794039309,0.3799902473724247,0.4603384920399391,0.49098240343619454,0.6757909428000349,0.65788100998942,0.28944617433931596,0.4808121227029461,0.5280490681032398,0.539464709099863,0.5205039371307832,0.598009974449873,0.11294954177588817,0.5545226025133152,0.5551776565410658,0.1589618925488702,0.3244884299371333,0.4693106475024155,0.46360486251326827,0.14784344582733627,0.5414822513894788,0.5592324185689562,0.4711532492361489,0.5646932724482097,0.30758387329992004,0.47609450391989333,0.514796913211756
146,0.4820983904917249,0.2578669006538392,0.4896841008103868,0.46797538020856894,0.6168856282063464,0.6866265209576645,0.651590893822401,0.3951059650244755,0.2623598882398812,0.22710639052114326,0.5030779472753104,0.1671390023812425,0.5076866112864147,0.49821887535213605,1.0,0.6124059783638749,0.5382527631586859,0.5861488794203541,0.2681717102835906,0.5091770492580222,0.42531324657608344,0.39295780252389334,0.3087599586190258,0.5257956724400836,0.7084887191892154,0.25313648554096113,0.42112032300095836,0.7046424539073189,0.6987629551909861,0.6829215396887497,0.18864105223604072,0.5208181294969931,0.6391417401541946,0.06137912677364086,0.5874068036533144,0.517283287641394,0.39390868781080146,0.3193432358180514,0.52557024621007,0.2180323555034968,0.7051359928721233,0.29664726936208513,0.18034874415816451,0.16405720181699446,0.4887419470515619,0.7021634262717329,0.6325151228262442,0.43136539861383366,0.6995919954824467,0.5664556920788846,0.6008986483637203,0.22011274296313643,0.7635655054275859,0.5389578736788018,0.18391964618518894,0.5478944166334804,0.7677813772213313,0.7482101513203695,0.0,0.7471193942917896,0.6385189678326256,0.1890554568533855,0.5832969925390582,0.3457108051703071,0.12224524572569972,0.04628156273887546,0.31164311337327527,0.1738421733819839,0.23911427532262527,0.6833306250246197,0.7825838313309539,0.10273626841055765,0.13585756521227826,0.1287141820379901,0.09926027741633181,0.6889316339033494,0.3862886699988218,0.10194454841341423,0.5539531606541344,0.35060662865471043,0.5320355527722587,0.23020617187230985,0.8230124903746769,0.46229762574849714,0.418976689236393,0.7741221938199413,0.6951471892839945,0.5147924995032161,0.6118523523294793,0.44103011705827255,0.595881103184364,0.7181056457475754,0.4298871716436451,0.6602093347740103,0.405458416279576,0.45669333770493514,0.5270009530513403,0.5351123415833079,0.19750312978395265,0.43037337124859704,0.5311995422203483,0.4633268097243206,0.5387989793076096,0.3997185697100205,0.8161209573656587,0.8184514688183532,0.5667709672349458,0.4725489284227803,0.7998957713716939,0.6213301569845208,0.8426614046308428,0.6413525879928048,0.43629839023415284,0.31567085024877034,0.6165389917958218,0.5585084964112581,0.6358317281480838,0.12221739235171027,0.2890522774929738,0.28099685331161794,0.20480013485795223,0.07050906051444396,0.7169696442145375,0.5669064699930944,0.39330330703030625,0.5027686330829632,0.5881984108512263,0.29673547986162935,0.6287931875934631,0.09436077753314914,0.41315912081687384,0.6236514400594049,0.3095451786255666,0.19709175969890502,0.23038017675245193,0.5760158969213374,0.34107941836436523,0.5879078904739178,0.3431746843328342,0.6889962872940879,0.4428041925052234,0.936580342572565,0.8869160001455323,0.652210079999513,0.49980720936401546,0.5701025252466493,0.5276051028984456,0.6189752309715336,0.3635424851501626,0.5652244930135452,0.23576157211150262,0.587678246880789,0.3354206136381953,0.34536162660249903,0.43912482909919603,0.30258036239557573,0.2936352873456565,0.16197450320789095,0.7261931026532803,0.41167843223559825,0.5689526254521092,0.43715490588917355,0.45964843890212226,0.6652081088985007,0.5458839054311977,0.5351438979279398,0.6939243046709725,0.277153714323999,0.6808327772624031,0.5636708952072986,0.36906002546269945,0.5639484722833019,0.5585756907846676,0.701705232767515,0.4451166491942494,0.23259357491794028,0.6803025208638962,0.6688925684548319,0.622373318657405,0.4537634380865189,0.28469573522378866,0.592141047647709,0.5575262136375159,0.5292660074942623,0.25594687722402554,0.4690044764736078,0.4719558104967034,0.18625109326311035,0.48093711386544746,0.48754995508714943,0.692138918318137,0.15551594952698922,0.5819096761628173,0.14111731868305763,0.5569156547233782,0.6737171245955378,0.7084764027977543,0.48643013065698343,0.7359366090179822,0.1262074536069052,0.530473479726173,0.5594696983784231,0.5199163221066805,0.3629557580515012,0.2745702745670419,0.7573377807301913,0.8104691351250228,0.7282997190164642,0.8298444501447453,0.24902120222745155,0.5451641379043799,0.33206514422693423,0.54693588175574,0.6277510314990082,0.35838516211551125,0.24375491432002216,0.279558320888427,0.7091829131697275,0.5097621818436507,0.5622417923125164,0.5245578786185899,0.3548789824037689,0.5953105630170737,0.47586747769984616,0.51560748954533,0.5078586658201717,0.32279751077186275,0.5326016002649341,0.6299651017585094,0.5450775735462698,0.16997577460277116,0.42547804082544377,0.30519293950479437,0.4343533451355802,0.7027167084522532,0.963797637419792,0.7178621218657576,0.32328637868024906,0.6930521610961773,0.765634357602386,0.5720433503846476,0.54980654125005,0.5580296338242691,0.4493166816196852,0.6809624935043368,0.19166377196967777,0.4079293560443533,0.11926773377371805,0.22136371052604759,0.49689119608894344,0.7404397676728912,0.2042280334655218,0.6362337488931088,0.6550872117874905,0.7066475695880853,0.3608221401353607,0.7167568864901348,0.2519627616022736,0.3827671570719828,0.2236037788386362,0.2863839383499019,0.16614702756085245,0.1772011424649857,0.1639809595834056,0.1754757021852273,0.7440872496655103,0.5465303453655833,0.18918382400299089,0.4798701866866621,0.12873522461518125,0.9292936291124313,0.30557175023907723,0.1737088526954208,0.27668298036905115,0.19251389048018727,0.6817206243235459,0.6891628829889943,0.4821013160461957,0.7513649522449475,0.3957746023253365,0.5205877378414826,0.5666640331352275,0.3329191126542851,0.6208864774539389,0.8455929405821199,0.8974057401688363,0.8415482747366356,0.2884490441938514,0.6879019887227124,0.3432776084576303,0.6011643323814747,0.34802307423453005,0.8192339418469794,0.25540529753887103,0.45372278576455327,0.5835303578100666,0.572092129938851,0.4867060615466087,0.8354368003011301,0.9478661846885611,0.43598164521631,0.5557880887407991,0.711964926627297,0.11256803662635628,0.5986572931745265,0.22034231201825483,0.1705607264398428,0.31954867295840256,0.2953791923110101,0.6841329083119407,0.30104007514974784,0.318450153063084,0.4805760639961931,0.13153220042725153,0.5650480587320961,0.2533224668036156,0.2863663877151502,0.2703937885354522,0.5494610732689246,0.17494558613018021,0.5469037533291566,0.6978520624441908,0.5221669114251023,0.5618644471462638,0.395337527401685,0.7052881758134559,0.3708388625491559,0.34247909109579927,0.6717223166143113,0.5759260494776254,0.469553111675925,0.5770840286728117,0.7151933017219851,0.5665278274925798,0.5592291525263171,0.3510585038457226,0.5648230000862898,0.33686693364544784,0.568754793064025,0.6680561494129931,0.3914408846022622,0.24184549768864447,0.5940867772001477,0.22305017122390144,0.66131167757301,0.5700450332270758,0.3231127194068899,0.19544800179143626,0.5274865951096683,0.5435072413726856,0.38527664073052115,0.4744873486740955,0.2302123900006735,0.6022548034074385,0.8137766365463366,0.8117658664731094,0.45640271578202357,0.7903352477099754,0.45832992913195025,0.4493425466310945,0.1469446367759015,0.4539152237493936,0.5193984089620212,0.4428699668182349,0.5487076794848987,0.39130502700905917,0.7773922801952123,0.781344401158707,0.5344834125541202,0.5664998318196627,0.36833698335263765,0.3184841670067046,0.35710091283761286,0.6191265062306663,0.4732528750707127,0.7785434467872573,0.5726129672395807,0.27267896815177467,0.5852616600640747,0.4835015991494919,0.6445451827236431,0.5086695157966955,0.19842928985807345,0.46323166357531187,0.46322726567985334,0.6447913519852277,0.6290937259780969,0.6114396439591975,0.6131035027544205,0.5438689822582525,0.5823546967551526,0.5933711709823445,0.4943505838716844,0.7678953012292947,0.4100265498997561,0.2366478968556713,0.7568213608618375,0.6238752383410562,0.8063869687759317,0.8445814603401968,0.8637672395288916,0.9151855798652316,0.9235592604784144,0.8497256475439413,0.7628952355541381,0.39977061806623604,0.3670812559557775,0.6140183432202514,0.4263078953172241,0.2544914898584992,0.3076087557721438,0.7682416777559403,0.7505696470055084,0.724105038304814,0.7034536068052281,0.6489474456176365,0.4943718383130156,0.8953449016328625,0.745434000971209,0.5952166618826623,0.9090099685802178,0.7818864522423661,0.7401161153606343,0.3960304521311612,0.36039047067230773,0.4285781560967467,0.9034448901479385,0.9111890487746731,0.9934474274608723,0.7682213740833453,1.0,0.6802619238077771,0.8898889330906468,1.0,0.3093016972894186,0.6065660763487529,0.37842071981971265,0.4274801507107485,0.3340246817115828,0.40718764868818785,0.31886136610101534,0.2086015328920751,0.3406191878450375,0.6836882074004947,0.3886159958911125,0.7541294717474308,0.6011470769120932,0.4013528267600204,0.5271864152786919,0.42263069897005956,0.6817196068941352,0.5099765675861705,0.40508084881939327,0.7217086059837197,0.5881557780987994,0.5894223319931913,0.6061099514388857,0.17960954066352,0.810265147220988,0.0957265337324914,0.49262585688122373,0.6522805857656164,0.5978571768136953,0.5153810986897834,0.3348191263507251,0.5225854568091579,0.5455840397136046,0.5246147628259815,0.7559315164528009,0.640181157470239,0.8651803786908004,0.5921163079205167,0.6491492715763106,0.36717739207182826,0.2362398125515285,0.3891716144106479,0.3614169497447941,0.5577229518389196,0.5470857648298446,0.5439752931450251,0.5794804349889172,0.12604291091750677,0.301221105984825,0.548679199395822,0.38758764161411885,0.4813656064921199,0.5188123634691775,0.44929365626237044,0.43425004592592675,0.4089401758827189,0.38330777382528075,0.4466175473373322,0.4277653019289044,0.5793136653280153,0.34808865191127225,0.40418561437290507,0.3671432709156528,0.13838054578412087,0.7947258140257982,0.7124805394852779,0.6631987874309188,0.6859556801573136,0.4407826112730611,0.6533571416346075,0.6092162858234751,0.5979425783190198,0.4573542576696165,0.521708872320133,0.5151264139385767,0.3228221328300813,0.5017221191698216,0.4490084006957331,0.539639021757723,0.5032221456214462,0.4722467665513867,0.6029399847365968,0.6199044580033778,0.11560879192754285,0.6593554779578434,0.6930924490510489,0.6963950236710265,0.7030839925377191,0.7360327895295334,0.7807978198867692,0.6475930526887023,0.5667058997658008,0.7348349589917477,0.7046439083054913,0.6762963514453626,0.509064672640644,0.5130764174639797,0.31387998397667716,0.419796091704461,0.5700581535624166,0.595358186067047,0.6712386492792423,0.4536739162863189,0.4020986126642419,0.5768074130406563,0.4783170747052939,0.5775558779515548,0.462334548671642,0.5032829666755394,0.5623707931113563,0.4411621929710049,0.6402072242244071,0.7297714496363878,0.4605769049324697,0.463590242299795,0.6942963706771308,0.5982724037693665,0.5553293938883415,0.4467609284898444,0.5908782529150419,0.46289268142864715,0.5292317439989079,0.5536664701005785
147,0.565065666451612,0.13116861463222745,0.4662031366935375,0.44774391196182983,0.4723608865324506,0.6612805541824156,0.5848395875880192,0.22522537613408417,0.5688959104335246,0.2965426547446022,0.48922502650546684,0.3313506272017674,0.4689279494797382,0.37491456878030516,0.1307049360313047,0.5689469402451164,0.2472491494343856,0.5418653446314723,0.42808162658734916,0.4743653294859888,0.428289125345813,0.5007894752092102,0.4504939754845354,0.44690642465848907,0.6404890269028907,0.6653383655781732,0.45852084527582154,0.6820768422718486,0.67784476997723,0.6156669410505378,0.22053893883283274,0.4532702340254411,0.50564004897015,0.20840795684564908,0.44022457501092827,0.47478746985921444,0.5767786364887625,0.22728038276151769,0.10236527036412534,0.1685913787880579,0.3701712982425191,0.3849291073267732,0.23742186955341518,0.23289615544122338,0.49116408491576546,0.8072836186486823,0.5855372855497881,0.3537527025713163,0.8108615267419715,0.47784927297368873,0.5380204556190562,0.27605443936257595,0.8079426334380473,0.4495754477216599,0.2320988433821715,0.5197968042612205,0.3105594447302469,0.3065774617552071,0.09151836645096423,0.2796021906795565,0.010518729720821103,0.20534945052439052,0.34409767564951815,0.7089263531213751,0.08840668260203939,0.0842725223478218,0.3036342768561855,0.11606195669269681,0.4707802965305266,0.022209480376739234,0.27147463155093954,0.37241027859915654,0.22203446330687773,0.1954810486838338,0.28364875907471043,0.658596464436558,0.23144023602562017,0.1352812370132067,0.5420262832397058,0.3909953317010916,0.49611976239884326,0.3329111623065097,0.848194279261903,0.4668506197230933,0.21137517803247283,0.7784367761383686,0.7134354310826431,0.4065041207347248,0.5654552587472148,0.47045013970270416,0.5505683858543035,0.43030770675346314,0.5049955207269904,0.26206557231896815,0.4063702421896111,0.48829093524130573,0.35254519542258955,0.6724469175350204,0.5075010206771945,0.6151077209613146,0.34137850286536003,0.465887991640322,0.44852660049870047,0.6075314890259939,0.322679278281633,0.3213899542297843,0.3535912731927266,0.5173381659527445,0.32935683077301264,0.24873126712126722,0.4849321467939724,0.4518781629453943,0.34744622060571434,0.35630758293685905,0.6524170355746781,0.45611383835518066,0.6705602236189272,0.2708078444681432,0.2896247515391378,0.4600302449472132,0.1472601066063421,0.46716124575669343,0.7507500765329127,0.4791430352131667,0.4474585129916165,0.40749389663800917,0.5839230112490859,0.34056290674244094,0.629536364204499,0.3703887108709437,0.491785577847547,0.5194661514912434,0.37080717985754597,0.1991296273872016,0.3606595862155409,0.5566870366248721,0.39539040611423987,0.5234142773107717,0.3103188679507319,0.5824066978878413,0.3441758359112824,0.922053051128705,0.835989717954893,0.6872348325000207,0.5622299942998698,0.6709423155777404,0.45382698068494953,0.6672423336429286,0.005974506174874859,0.5617221055568554,0.3952340570482293,0.6620370073245978,0.6974318339933917,0.683775494078318,0.45132939575680187,0.6782866978039548,0.628347280058723,0.4028276396604036,0.5917781158263461,0.44489022103502784,0.6360773042213048,0.5927505480147862,0.6536277980061788,0.5954316326618158,0.6109122774907163,0.41555406097816894,0.6933283324451454,0.27604345541583664,0.6223452134202125,0.7569595777995759,0.3256653141955356,0.6076109422113446,0.749762728174176,0.6719221683363538,0.6582543324797202,0.42467137665275867,0.46205501153625195,0.7007287312357726,0.6671574831435169,0.4335796281152861,0.6341396181468277,0.5427415247441466,0.5343282004140272,0.49586069572939295,0.3125715025100861,0.5662408990546909,0.542095642512895,0.37012001488870105,0.5450718539048665,0.217423518001423,0.5112351702363259,0.29948423095062404,0.6222855385523687,0.2763076244955698,0.5706945378837511,0.5408000290633527,0.4810086809355106,0.42902123121608104,0.5482086054089307,0.01912103125508763,0.7275828608003486,0.08061655175503063,0.7162316288587214,0.30004342715324,0.71526492793039,0.3114539765866523,0.7484273836620653,0.30436446040628357,0.8074983457188638,0.5456274990970982,0.5652545242867394,0.5677546251215996,0.4286545378703445,0.5392013524250586,0.15320789526191023,0.29729231114404814,0.20754239826683402,0.20661706082751014,0.2931628492913268,0.5182139403744379,0.4932526257160891,0.35047351770035173,0.2812902416332698,0.6706090096208112,0.3175231341737146,0.4428182607496866,0.6167715276022134,0.42141787910308615,0.389146778564902,0.29822371064209974,0.24331897864616947,0.6706337549819285,0.09030239852725175,0.6604878614738858,0.5603287631392836,0.6731668253003956,0.5640192885325543,0.24610043355643116,0.7480355416335049,0.2591980101164495,0.5295105992529753,0.43484498526768345,0.5333680052589023,0.4591818866732909,0.6867056757351164,0.3017470378388682,0.1222157448508386,0.28940986224090687,0.3607353355497989,0.4640165686832556,0.23890302354174842,0.09987740734358778,0.33529764665130596,0.7083113436882601,0.41873687705251744,0.16476197314237614,0.2156506697074888,0.4194588679121659,0.3465397213137107,0.3976331128489702,0.14454014344018606,0.43382614214740933,0.4147134520306896,0.14334216137027148,0.42750354338380075,0.6091981749383781,0.5240197053701672,0.29550516818294825,0.4077909971007841,0.2601411542543901,0.4425371714681577,0.6109062496606105,0.5594632750988391,0.3805754553157782,0.1453669405543144,0.5664733828835065,0.8696561589933393,0.4650429892931945,0.6826589319388223,0.4158950534505694,0.4266291339322065,0.719301987112804,0.33420650198374374,0.25558515546210003,0.8252253202711226,0.7092464619806053,0.5821361082232246,0.3864351397137592,0.617739405702109,0.2756655300414264,0.48928346910303744,0.3916304129872645,0.7568472834606573,0.2464098001207196,0.43918988770002776,0.5468730689613268,0.5292828158831621,0.39078652492770877,0.6944065557449375,0.45705388385260215,0.5378367540848906,0.5546996908375282,0.7410069716451276,0.4387078053578308,0.3751032747104144,0.22963095644262396,0.6912430238348489,0.286921189621101,0.17261648534345414,0.6045080032935194,0.30455586047822886,0.48089715232218105,0.4385078872880897,0.2392545965254554,0.44168634513055877,0.5889633768369333,0.5689385988630817,0.30783178573413333,0.4577627433179784,0.3492800108047732,0.45436688671993686,0.5352540528611582,0.4233621505168946,0.4749145885454793,0.30121846435761884,0.6406679361078284,0.6160660942084479,0.5679104144250948,0.7405448163358989,0.6020975473935707,0.44287183332810814,0.5424784805742306,0.6995015059829656,0.5016923740945222,0.47114407596463775,0.342950932867611,0.4783195711911724,0.3122717683125925,0.49778111921556284,0.5466488111982181,0.3142322789092183,0.5831641720997085,0.4234940413207494,0.05217269113403298,0.6864652516469864,0.7573182681571383,0.36862479611590393,0.16442293073816178,0.4313879706024457,0.41073478045449163,0.46312850164278846,0.34440728185150077,0.2150558586487147,0.6213941849734177,0.7315784800328081,0.7187047630241837,0.3778294992135078,0.689117299563806,0.3940178630920366,0.41491934141294123,0.1867039793426422,0.6125358569598944,0.5188470565816432,0.6085894699771356,0.5412217504679324,0.6137506980866824,0.7418545921874438,0.7809416650253816,0.5965299008497515,0.7631884376188129,0.37496470755275735,0.3245900657867672,0.3343892129533472,0.6686264744729391,0.6391788985365272,0.7707962085280574,0.5575535026958384,0.34236931549318445,0.5458893838356378,0.473263400913037,0.5340313241153009,0.5046264382880193,0.2669478564470449,0.4433091294753798,0.4445488182078723,0.43641697917344385,0.415042658981103,0.48200824269624926,0.514338949912163,0.5418533374174904,0.46966667830110387,0.4874639953570738,0.40329541679605907,0.32356026478667843,0.6678886656066492,0.2961018660676733,0.7293591436505198,0.60489902941273,0.7255189317338087,0.8272862519611874,0.8596472478430267,0.6243667871297012,0.5643149342964029,0.4040007866993354,0.43969254671283564,0.17296794137345942,0.365451892746585,0.43467675332675365,0.41104516236028493,0.18990778935317895,0.3082041158213991,0.5777937117442837,0.5853905537022188,0.6356693528512727,0.614248352250696,0.5862379866895165,0.38405773597613374,0.8945433065621566,0.5134461499965253,0.5482745928364899,0.9005002655489259,0.6197555044004545,0.6286927926261444,0.3809734927349611,0.3324701064138955,0.2550586728659282,0.9083782436752602,0.9412266773879041,0.8007742141156214,0.6924368008102443,0.6174414715603598,0.10765690425144772,0.8557470368675903,0.4906646523570302,0.45580372702676936,0.3804220707150901,0.42081506557859927,0.4059424358981648,0.3353396246642526,0.4139503676532495,0.28578752910101657,0.20911966232191853,0.2761988481901052,0.611997652627933,0.7416945310117856,0.6884673746888582,0.5431381244047526,0.3971279081848773,0.5225484197395452,0.407726580849054,0.6328766833315179,0.47503755583554014,0.37797732376531334,0.6139256803557456,0.5947624610720117,0.5918671325749695,0.562733052489298,0.1993886664523417,0.7052899400989577,0.09551179295983023,0.7379233852101746,0.5430981569020481,0.3319352448479601,0.5067866191594506,0.5525777452216964,0.41614206594575537,0.1553639365878195,0.11030896410499297,0.2890021507471028,0.3025923794746339,0.6182564515835888,0.540558046980908,0.21054313253243112,0.5340172988748156,0.41050902975613035,0.41738525549952593,0.39725192649472296,1.0,1.0,0.6109760683406283,0.5486373265907724,0.10031938935885924,0.3463390667764385,0.5032512047050081,0.38034966274310794,0.7378744749258273,0.7509592658378471,0.7599053429324473,0.7502762683900629,0.8888778480618396,0.8936214598454597,0.7559397251632199,0.619727058195699,0.6429248233384054,0.40916267615614943,0.5701504275670444,0.16305390963275287,0.3003647275810584,0.7005129080283915,0.636654751793003,0.7314236715833288,0.4998470700801376,0.6305499102685275,0.612268751187852,0.6504081065909971,0.5651091443863218,0.4190827954993304,0.4202416253756958,0.4271257334081747,0.35739210093818014,0.42320233717694866,0.4986102371895987,0.44664651754405765,0.4092501590061992,0.37762363199615584,0.42648032640405237,0.4178213765467731,0.0,0.7070585411037197,0.5605716616549227,0.5592617100092626,0.551983298229193,0.568935480813657,0.5839033241231415,0.5273666592158203,0.5343745560104063,0.5312923721482459,0.5017963937749029,0.5279762160234179,0.40528228185595283,0.49343713179869575,0.20582646800018695,0.5585364705145347,0.5502693385829525,0.4882140738601387,0.45779225453266625,0.386284424880168,0.41923903332459034,0.5473234173838141,0.49818781419630814,0.5572484974211345,0.6257281919452063,0.4225413703521097,0.23926162168861032,0.21065937568313395,0.40469542875335246,0.6263773818631624,0.5525468936350733,0.21017690834871636,0.5095930865508423,0.5459296407094385,0.4044421532901507,0.4530877010964326,0.5590082942016168,0.07619876867891014,0.4863807252302276,0.548234099383665
148,0.599651105910952,0.43986096258891894,0.8035591626301897,0.6816931872713382,0.7530726912560157,0.848129035618168,0.6938493229098727,0.1280973978277192,0.3983472366315319,0.35853726528476626,0.6069529770876536,0.38261920336468574,0.6496449169696427,0.6450971358459775,0.1621190331617685,0.7743979037085721,0.22935525910890667,0.7287158346477197,0.496769993639792,0.3590576977971091,0.584676082721331,0.5015294513153188,0.06170173000454029,0.5123370896618127,0.4896520535792979,0.12047722427095998,0.07992571949994849,0.8608299599977323,0.8493184688196254,0.6866270261237692,0.22262768676179592,0.3946666630994664,0.6028779338930884,0.19003344691217045,0.48557445316688197,0.4021997875662343,0.3292192766994328,0.2508548836957547,0.7120307704787401,0.04178981932544483,0.40774198516261856,0.19194798085537104,0.8432342615038445,0.823059577264267,0.7460859190335288,0.7179273185216141,0.7202563542272412,0.23834563641502274,0.7173433370928621,0.7002121792532019,0.6922618752267579,0.39554145196841906,0.7278515755532404,0.3717496511149384,0.3645390755379858,0.3889099056913245,0.8121452333519447,0.6821706830770028,0.19806682620884303,0.7917847235344864,0.19406058770441492,0.03148954052241217,0.5432864380465222,0.27443387171280664,0.20153355698588235,0.1819011698055746,0.32112145898960476,0.14611392282973112,0.9657829992487961,0.41867888718379875,0.30330443957661934,0.8967315545854228,0.04364281060679339,0.23882594244066743,0.877214296161193,0.606424482572438,0.26899727037732535,0.2183223894429374,0.48481780598869006,0.29219809975202576,0.34365882115628843,0.3906788351684503,0.8886848386067094,0.33239056672712103,0.1476866878534274,0.5876661049058082,0.5047614378132088,0.4483851103910983,0.7722734055886137,0.5427154811584759,0.7635363882008981,0.7729418249872638,0.17809723949688333,0.757336243605839,0.7389039001425398,0.45597263063412463,0.6614377034219184,0.5669651759478855,0.4932212619929896,0.5042895750920785,0.40142432049605287,0.8131258191622234,0.45087903631285225,0.40351664115845415,0.8691567878286958,0.8780430609434804,0.6217110969250043,0.2302786515560564,0.853094881953944,0.7391887904190021,0.5960219046917037,0.6819609217081165,0.367639785909515,0.5555959139932766,0.6053141079944592,0.39244624574911224,0.6172405807898386,0.8864098022401357,0.6657027238678942,0.20622738585645564,0.16013688196129902,0.4272067601727304,0.6551074362763809,0.8452581653823442,0.27111329483884217,0.8156935403503381,0.7113926226633636,0.33256966655581427,0.83404886627615,0.9140646913070548,0.4723919476907466,0.3445477648189365,0.5092921401417089,0.8459460143549389,0.20590379825902988,0.7246625366112058,0.2854841635049498,0.3169588901160381,0.3649816756734531,0.7681153674478117,0.4736384654885608,0.9577014490444149,0.9072477940734307,0.6442855559663073,0.5036679248399044,0.6843857517205679,0.7926430967709327,0.6977880239110934,1.0,0.5554836924676773,0.3735881690195231,0.6984362551716484,0.45248436200931075,0.45546861543286254,0.6194464858972745,0.42802591462023865,0.42126315338953824,0.30872957004410184,0.5906199904471601,0.48172352052387574,0.6359508068539117,0.34940752035928346,0.6373154558945974,0.7940681683364723,0.4785781730698613,0.5217367028985466,0.8235825974797515,0.38461121024799005,0.7356991627374642,0.41977345267247207,0.448410497599982,0.6096703006878307,0.3835274005278786,0.699478541803089,0.527555004608176,0.3705636796280112,0.4793115880760066,0.6784083961375802,0.6251686685195773,0.7970448135834779,0.4077998149791072,0.7667862429964912,0.7524008281858952,0.7204642177578969,0.49785109744841427,0.4073217979230764,0.362529374468642,0.6247788898192487,0.38729277252508204,0.5672168892729472,0.7736351363278472,0.31863303495185036,0.4567558015822014,0.22789226442383573,0.48721508718072026,0.8336237670760401,0.5235046801029017,0.7589519809745414,0.7328257279471954,0.08684533572941956,0.48872498995995306,0.4817465132989047,0.4840049013925213,0.3941145755309228,0.3143551786548782,0.7854987187911773,0.8484535339925725,0.762873928241314,0.8967244767860849,0.48905821828234614,0.6279080007713761,0.5511688356099189,0.5458812013692539,0.708289252786271,0.4345424113300078,0.33570272667325296,0.5019304758258439,0.632200865646468,0.3366691255886107,0.5379563307678898,0.5630422161605797,0.3459009081187469,0.32254932434317296,0.6983826488854087,0.5987522931866567,0.37564294160369266,0.4287867889781647,0.3975488492695389,0.6837772319003911,0.04519723658578734,0.33876230027877124,0.5155642019638382,0.3868637111689023,0.5071606706376318,0.2277852256072728,0.8025069699768151,0.21047917260427992,0.33666987483963456,0.7875382252792185,0.6929928700468598,0.739972411812769,0.3316103212872636,0.7110451318245027,0.40371205962318535,0.7082602297841082,0.7624548352834557,0.6121388795947817,0.7414974291664823,0.12519298484249367,0.6451475858371457,0.6661523386252404,0.24515592932948438,0.6433018043674822,0.6704290655686357,0.7527782638520093,0.2910330745883577,0.6292284462550866,0.6302792534112517,0.36578928666162475,0.6122062936635984,0.37557856280974405,0.49127817024622156,0.4686745754444132,0.22458686316082596,0.454958068994435,0.6814145212680578,0.4029129594055814,0.1848929918617035,0.4868382479349372,0.33220447167659417,0.43651190759783354,0.49372387851824173,0.4672242533817722,0.27229406356599495,0.16453807571819046,0.6873020378592589,0.6254759086480517,0.5866399224199946,0.8256645197457799,0.31607208177781887,0.6146040047368675,0.5211796055541603,0.38291375368134006,0.5409446774319376,0.6265527409535916,0.9237190340673428,0.9025661017569221,0.4112452616725112,0.7595428016693145,0.33228727428399113,0.5564182057851527,0.5733423104459745,0.7668212671252983,0.23293905716196497,0.5030128137360731,0.7403805486925359,0.716078006331329,0.1057144927847622,0.762138690136278,0.3012010515955032,0.3597207039819778,0.6237095192856944,0.7760051297782368,0.39763948308097397,0.4951931685672507,0.5130858092763292,0.07391961448677882,0.5779977669934382,0.2858077022564662,0.6622375323450385,0.20149785539022877,0.313639026048705,0.366010517366533,0.20163635197238375,0.3861851595210513,0.3454522878180503,0.312560175535347,0.5069635459585697,0.40667998340113964,0.37188987284514524,0.4026773982762321,0.7247350379000376,0.35353873028148736,0.4224566794455266,0.3819362492073901,0.7957013598498589,0.2189918337813018,0.1959148617745722,0.575569820303426,0.4815021946836416,0.5888817161834741,0.73929790475341,0.5796620167275123,0.7074418851139793,0.422476035869974,0.7080469144727095,0.4293606066090862,0.6781524578383418,0.45353530121350255,0.4110986409688876,0.3352491435822606,0.8067029539114535,0.3793186436627874,0.6663575115789889,0.8572061763976554,0.443602547799936,0.1402910383968855,0.119914496592354,0.5098705984400076,0.5292915407564313,0.16335022081516,0.4685062790272939,0.29661158670445015,0.4498174931911696,0.6993460344298986,0.7232309201244992,0.48548472815441573,0.6937985111970355,0.4676178423675828,0.4637809191564066,0.17373556725907868,0.5735671542073774,0.02369965706289855,0.5727159575921177,0.05101407953225158,0.5170373250298854,0.7916241329864351,0.8112154794857465,0.3827700077332316,0.4268357094059937,0.7993261500758202,0.7641815400225107,0.40283521370986564,0.6931651061080943,0.5523028688944246,0.8558480098704668,0.6837635671680933,0.4153136139921877,0.7378637947887126,0.733049376433026,0.6628982428084973,0.49669794350088364,0.19745467002840697,0.017145250150935425,0.08197970415747642,0.6043168638502512,0.5781650366453093,0.7440910620639862,0.7436333480634183,0.6412633911782858,0.729182203006854,0.7325100972706269,0.16921984126403494,0.6051913260597693,0.592974860825288,0.6598912772550184,0.7849081338204267,0.6784992398617918,0.03372400342838829,0.6777566939457446,0.7066643672434385,0.7392438182598752,0.7092681541757262,0.6214832654427844,0.5959406278657308,0.30979959613975194,0.08220020171758824,0.1964463053224846,0.4307188280944664,0.15887812888498734,0.3696066560786749,0.7188224213714397,0.7208254920282466,0.8486240782897397,0.8263744857935821,0.8462152671553907,0.611839861204912,0.7690899403682702,0.7136816801864604,0.7496100375510428,0.7515346129219557,0.7417881318058143,0.819453071299886,0.1434498831803313,0.1364933817203515,0.23550681971624954,0.7717146817026973,0.7598539083762123,0.8121957032357302,0.04635917469476741,0.6311620232900382,0.3903328574409273,0.7273733350335083,0.7325079542442645,0.4193908100078751,0.5828211018753351,0.02970498106314341,0.12123705247642384,0.44492845895091176,0.547565938187434,0.19442576661624142,0.02493416904210343,0.3674972803870883,0.7187494059319691,0.5898305980388087,0.6055571932489409,0.7451100224735474,0.46909568437885785,0.5166978581818915,0.3751252626883595,0.05172125918752384,0.18491186549739996,0.6997317693530976,0.5849085610311304,0.6618242894367896,0.6791790043190169,0.7559810281808419,0.12935882807589572,0.6588975070982992,0.1879329915188867,0.5498739952735233,0.7819103182204309,0.20331867385320998,0.6625321723002975,0.4955148671138947,0.5995649151256677,0.8479239037566102,0.8423358932797548,0.5644744243873183,0.31556391516028803,0.5771490225998742,0.7626064523718565,0.4413417450149572,0.15798980402991317,0.21265766584742518,0.09698633354872976,0.09788844872992937,0.5375728827081225,0.5310971625139376,0.6419222032302432,0.6755894179595817,1.0,0.22320577248957787,0.7454941793677887,0.18234427235339523,0.2548029422855786,0.29023159500130336,0.5321414510557417,0.552005863520215,0.5128022963341708,0.4802821529592119,0.40391424518740243,0.3648139219281815,0.49072248986452827,0.3080181271939841,0.4952779438527089,0.07799828629735177,0.08877440278920301,0.7573431643403133,0.7737976503297143,0.8487555921491692,0.5994276415238804,0.6760908742548293,0.6353668711553984,0.6383086708377466,0.7709740422681192,0.1924830544061519,0.27456274553225757,0.4034829253609541,0.6945888867254718,0.3959249671583001,0.8439207080491636,0.42554981846444734,0.40542894894674364,0.37304413973338757,0.4263582966503451,0.4815452923609571,0.6237233335131248,0.3809403867049805,0.5101211445348912,0.5056235023636942,0.5140653114359436,0.466178392707196,0.49096460668468206,0.4612223075849067,0.710068720295982,0.5931948684912435,0.567635164861574,0.6024666796266513,0.7219723448920814,0.7409159180110879,0.3653838363039154,0.5565263919366336,0.7544766604210442,0.2817134624085382,0.26854947345896507,0.3389730659901562,0.4500345584222789,0.7741991996011623,0.5219648884342246,0.773350945355557,0.2669484944794874,0.41325897215098145,0.4072539207037016,0.5192975256393131,0.6512408868515344,0.8158211475227528,0.6438674510002874,0.4071735910537378,0.6272179947841758,0.7487116403518542,0.2821383119592287,0.4486191675968146,0.7863688901898678,0.5582361231508908,0.6895124683826028,0.7360429041780066
149,0.5292072940641872,0.585931705696389,0.559118329544191,0.6662774298092623,0.5369514439907115,0.658779884543269,0.6775128110095805,0.46061394123741556,0.7320453007102747,0.4920814538313526,0.53713913544987,0.29244548954961175,0.6215969462637779,0.5227085906739921,0.321306775375345,0.6679584640922497,0.08634033926812987,0.6839718112922336,0.39371778682262254,0.4911871496546128,0.49749151605374053,0.4377830416859486,0.22551369014019748,0.2883208530381765,0.4518399542213915,0.35866119448940503,0.5147680055827001,0.6770569887788923,0.6693614048416576,0.6635893439802215,0.34510573896070673,0.30221996076451024,0.7461180591158614,0.30804775602054546,0.5195053689365905,0.3965714160597643,0.18957982823716266,0.3039163061226493,0.6531362881355716,0.0914479048239786,0.187386211924737,0.35802627481629634,0.13779253850649809,0.0,0.6189859242645106,0.7256212934715306,0.6396295218885112,0.17659181841676677,0.7089168511499038,0.6930846142030395,0.6011700903613543,0.5940155324310811,0.6888029706345543,0.2951040746390428,0.5698388510352461,0.27293973321444004,0.7575025303694012,0.7877651747499957,0.7267035240902564,0.738928927132894,0.7670796987674531,0.6787047804082753,0.8096881131566498,0.39048182436764173,0.1473228345499344,0.18978658596457873,0.45251845213113484,0.6960062422894556,0.0969781652160978,0.7106440634853262,0.1744466049117,0.2423348923765631,0.30955331051208745,0.08984644019091936,0.5806504236563671,0.9153684534628845,0.12614041112998373,0.1696702705714154,0.8554307321305925,0.4895811577274684,0.44681988166807257,0.5432285437067218,0.5402806906389334,0.4521856136722979,0.4920071483288182,0.4953808229593796,0.37566555577052707,0.5260150025404341,0.662388649014076,0.38705060212924963,0.658113810092818,0.6806127124070931,0.6113620962958919,0.6957026392022622,0.1361722778636018,0.8821399290918961,0.390564154994683,0.7884200886390539,0.3716098512478316,0.7422073468143959,0.46471236954058986,0.4724923250270896,0.26754049196912355,0.4341170269073451,0.7921270986195583,0.7927258969284955,0.4193505517985204,0.36017518815810906,0.7732421861191014,0.6625646961747366,0.15897514121503392,0.6639228589877144,0.45001394915481713,0.416556864679953,0.5836482016450787,0.5313941595186591,0.587188112150825,0.6313216050606243,0.5211261448146121,0.5240105021286695,0.524284966879169,0.31544591040872305,0.7090595925043679,0.7717794201982041,0.3938636527486563,0.7250868295887489,0.6196515624883667,0.5194872808951938,0.7589349365890882,0.735360888210178,0.35544391522205926,0.6945980133050218,0.4310538026066808,0.13123870215902259,0.3676155421357485,0.5963115204443472,0.4391893903654486,0.8451006474879129,0.28971113829201883,0.8043001673998976,0.7896626034622558,0.9602902860216445,0.9188553419221034,0.6146452265655811,0.45063908408043224,0.5693895437033645,0.3665143813108085,0.5531639064391083,0.5002142677288275,0.5374384739362678,0.8744795651768742,0.5745819111150877,0.7890099909997705,0.7804901857079697,0.4766783506148284,0.7721654183932173,0.7806215421270304,0.23307909755477307,0.5414706717712412,0.5693288618039647,0.5518682521536683,0.4401113905838168,0.4811490936170156,0.7969313363117541,0.5181497097303546,0.47045470227052494,0.7417853414743787,0.46952326148284046,0.7059941013021857,0.5860497306605652,0.1591059145747586,0.48756748917264775,0.5725349786073766,0.7327187612448571,0.5007804273806823,0.1765335693064005,0.7484308613705971,0.6146522440844571,0.5707220164211169,0.5688001354346102,0.7424550797784059,0.6466677152145585,0.6218175631362465,0.6161890777716865,0.29328503209535556,0.5023170527912354,0.6189463099362799,0.43449304626221347,0.6234960075996242,0.4407812446703191,0.7818756107679129,0.1927662995881224,0.636175843420904,0.19127370598869173,0.4941791912687629,0.6740832335281589,0.673407148991929,0.6004892440435844,0.4429098458017932,0.10202228079369192,0.29791240698830473,0.7071309605629602,0.3129198782202018,0.5665846422552223,0.7806635630001962,0.758491260143402,0.8007286112187135,0.7493179676805125,0.7737169757940627,0.5231614207480949,0.5645734785793736,0.5631663848217069,0.4558100418771217,0.5987749459895126,0.5675167662172586,0.5171608482369475,0.22931335446539777,0.754348352821005,0.51019676799141,0.5628265726622154,0.556063235221064,0.3647556938288819,0.3315025182027329,0.6778473407362826,0.5654995632031199,0.288455798588028,0.7421888799157316,0.27446479979883087,0.5429413404472456,0.20819521668725927,0.503330489380733,0.3749459850014103,0.5135839320647084,0.575716339425994,0.20081730721288535,0.7459367551233644,0.24058459751095676,0.9041618503398645,0.7584513794032292,0.8085094008459873,0.6190787707881094,0.30216738449298086,0.6193245231663117,0.2886334608990892,0.8393181176396314,0.8574870660128685,0.5359481050645841,0.8525724534069518,0.3580831900723486,0.5832312019483158,0.7870437688106668,0.4445553290427048,0.44667543385354774,0.556343887441893,0.6018474610838933,0.3547462093953145,0.7615792313155048,0.6113052837748268,0.30975786078924433,0.5809820981049356,0.5167472202267391,0.7204836778023936,0.6963712074547888,0.23339205785741585,0.6838152308546485,0.741300995755968,0.2700107087753998,0.26886708226967315,0.5725359179900202,0.15423689509081293,0.5504712250781914,0.8030382125779814,0.7809889846776668,0.9104072210776302,0.19481113143999945,0.7364460897673998,0.7064439361553054,0.5350906031845597,0.9313711743289773,0.20765285159006322,0.5146865914693599,0.6484715232692856,0.6803615378009753,0.2497429975518144,0.6189833222776813,0.8227965006563647,0.7704217612031665,0.6829199488964856,0.5932542275995262,0.48093417172431024,0.42128762209462595,0.5609480334801111,0.7724143329246195,0.22383387616947187,0.22893198424643632,0.6438919033181176,0.6300237225043541,0.3695569739128545,0.874138030846215,0.5828080044495791,0.5178276017889772,1.0,0.7933149352273744,0.7992303573597236,0.6721507385405452,1.0,0.5175835700334364,0.4035422670122003,0.2214364206731017,0.8378266052740376,0.2996808771257173,0.4780436548323354,0.18031299934351352,0.18942725203259023,0.4231087003247946,0.7890729637662577,0.7664809506622015,0.962659528931049,0.3145701676985661,0.5224934251215252,0.31426290551237046,0.7748279693786493,0.25266969608298395,0.3027733349094235,0.07777176093165533,0.7192832851861755,0.46009199621332114,0.4173941520439948,0.5599207169996148,0.40972282048355935,0.5470808057747174,0.6325339497259761,0.4819528605026436,0.654098040362525,0.33262421734708675,0.8811415625428431,0.33992009497052716,0.8678449036912117,0.35944122397142153,0.2917194791978708,0.2754676761638839,0.6636752967575656,0.5232581590835016,0.6377313631299751,0.801083425126931,1.0,0.3817511504680764,0.231214999519568,0.48496385196728387,0.48849414968760985,0.4291700090916598,0.439658736315182,0.19716113817878272,0.5514643359713488,0.6568207404783647,0.6700305533274282,0.5236159911899135,0.6701702158292582,0.5195551780922582,0.49480441535191133,0.09934793036566543,0.8425373255948189,0.10970301409261617,0.8347593301764874,0.09349442972314109,0.8240172800198698,0.7531845237679797,0.7518427552309439,0.4177692520350057,0.24700120943207035,0.9467231583419886,0.9363673582068731,0.4742949257487277,0.5701964149544897,0.8119872699308505,0.9203986315406949,0.9307540462357154,0.36782326491036227,0.6410710920832565,0.586812313985808,0.7231233704361466,0.6802555394190185,0.7516532942153823,0.08219058706521637,0.15919582559625647,0.6035396985450755,0.5902963487337025,0.42747187986324,0.4478026420223477,0.5554427077171198,0.4017576639603231,0.4274960185491882,0.47196107696040734,0.5941481868303924,0.3283908851086613,0.5912265834010576,0.8291605420225,0.7913081206098015,0.02234273354557482,0.7282198794191297,0.7223023922216125,0.5546726704268621,0.5001404055222197,0.46235134440995784,0.49721130937621266,0.7206201143496258,0.14119265710827608,0.20948831028015366,0.5252021325783256,0.2927350627128977,0.2762011049750916,0.7375442659351829,0.7357175332499937,0.5434142300039544,0.5090322300363528,0.4265750381636401,0.2953458164876409,0.7686447234365944,0.7312865838290448,0.63992825349393,0.7590334893918728,0.7711556150368849,0.6011735749088563,0.42785106806958273,0.0739890989303747,1.0,0.7612971465113281,0.7854624460054525,0.7129225318768988,0.03333310477517092,0.537470804311938,0.475617653919085,0.7096370018464696,0.5438200505451132,0.1580229290567279,0.5347565998956167,0.17451850658355106,0.17612790061390532,0.38431668078544495,0.19602926640905768,0.1634353331092513,0.10588489174330287,0.5455601559282723,0.7345643104507501,0.5893812353439498,0.608889417632133,0.6571788150996418,0.4431599661267043,0.5190621822291908,0.3004247447933529,0.05917612844336899,0.4282192988404559,0.6937601085345299,0.6921591643649977,0.6964232028104903,0.6018837663363836,0.6638500551034554,0.2537547929651262,0.6231892299912435,0.14759045275075267,0.39620928178220344,0.7164954172717823,0.2975802970785832,0.610623605545504,0.5641325029607763,0.5230378088954651,0.565305467622168,0.5719414419029826,0.4759678188278784,0.256449310117394,0.5250943537704691,0.654789603080706,0.1519272739329927,1.0,1.0,1.0,1.0,0.49701173294117806,0.41258497237549946,0.0,0.0,0.07768951383071332,0.7436215270316507,0.6494669889671832,0.7384956616924655,0.7456416688211038,0.7474947933017503,0.8789701665224878,0.8812142819757457,0.45186888376073214,0.377565612247629,0.2677076722623665,0.2432358159525189,0.46939575532323385,0.5362295780302767,0.0,1.0,0.21988439452847708,0.4832524811644545,0.0,0.5872825480780662,0.24132619810574082,0.6568981217380654,0.34894499395354184,0.18850215498862397,0.6782689571598206,0.47514850913982903,0.500806658888922,0.33021668001459725,0.7446190253113759,0.33154651705764543,0.7228328914958014,0.35010225014023777,0.3022291851743172,0.30371872307576236,0.2613180179347475,0.3425053504317963,0.796983671407802,0.2505095435625621,0.4108177872464064,0.3926210430577811,0.39737814339889804,0.39428456021660613,0.3203175709871904,0.4689848125364063,0.6152082527898249,0.5362813733138118,0.49952581295264,0.5043444194071804,0.58879166386837,0.610872286152914,0.09662671567502568,0.5214281582877739,0.6709346021649282,0.30511042690555695,0.22467688636622807,0.20701570705449485,0.35936492309186013,0.655469379532509,0.4776634663435262,0.645144714942811,0.31838295167712516,0.44126881670517426,0.2616380892250796,0.5201485564828304,0.5077438983002978,0.5816398692909505,0.5570811651177483,0.4261301809054631,0.4721452954911206,0.6574852499277137,0.5663937841804937,0.14341068586259548,0.6662060206471908,0.5399291970929091,0.6231803494456163,0.6283464328888899
150,0.5601072629820404,0.3332770628166706,0.5439359464846885,0.5500895688050261,0.6250982223441887,0.6643979437511267,0.6682915785563672,0.36613738011796015,0.3044930643796446,0.4588949371416052,0.501953984769967,0.34758428338200464,0.4373522790841504,0.6364731851414394,0.8027317136590097,0.6608235206064229,0.0,0.6287235288616169,0.3023841648108719,0.6687597551024423,0.47817353330158663,0.4284443845027505,0.3526430414580344,0.3197840148546429,0.41555576003614614,0.3622442630445788,0.3240946405939547,0.688753237509676,0.6779501457802882,0.6789444199427286,0.3136187544234528,0.075727284128129,0.5518650852184983,0.2969539195112915,0.7502022012904221,0.1290901106369455,0.3138083435832938,0.2787562792640812,0.6010001383905053,0.1408041908748245,0.31160187489408947,0.30143779003963234,0.6901654036771949,0.6369088241102937,0.6104545945429646,0.69868201474771,0.7044061246046825,0.005672580802799494,0.6879832274178044,0.3652853165209609,0.6666850082146533,0.5396035354791272,0.6534713678642129,0.05297233506086196,0.5523021601637161,0.0,0.5283564988295959,0.5015162685091247,0.2444041469962651,0.49454013376006756,0.39705357587794904,0.10465117208243693,0.4329793405315541,0.42960739126334085,0.1339282955672737,0.3237474686014938,0.7192813155415615,0.45376767807563423,0.6980812135315836,0.4335495617636837,0.7077967917933966,0.5991798609240458,0.33303552203379994,0.143190710071243,0.5069556059645612,0.7210261279174964,0.12275189563410543,0.15589204049855068,0.5316506573229074,0.33836816203199055,0.369117550258673,0.5369923341154551,0.7178676515667312,0.5673488537134975,0.36958119262457423,0.39197753332685165,0.24616776307558927,0.548383907830203,0.6636385549023898,0.46012549085533555,0.6501538051336632,0.3008990890556515,0.0,0.5789395410617223,0.5149358784426855,0.6133261954726617,0.4504294615617453,0.20405261332691685,0.2558617918102279,0.06012260975817303,0.7052012529353845,0.3090455478447466,0.0,0.40968967030236425,0.5679643949993154,0.5533704539468137,0.5375717942689655,0.30513506618101094,0.5403563420993687,0.5469303265179778,0.31681557186945447,0.3129212373629338,0.7274614351175317,0.2802243922821554,0.4882763098470021,0.43853000356791294,0.5092642410091877,0.5174860390441561,0.48609790089636534,0.26814223358794387,0.1664699889327406,0.1510288084178232,0.7286067846809577,0.3641087220528597,0.4166062862960247,0.2727289573097593,0.6533580903026922,0.4001461060825839,0.6929530845799599,0.617783946178994,0.40940731294227833,0.4910604118514323,0.48166970483300686,0.25650198734946517,0.2183893470884425,0.6342229618466906,0.5650786609893496,0.606112938046933,0.3092684393623076,0.3906356395469185,0.47184315044794334,0.881326228046972,0.3433748410286468,0.53690415817471,0.3597854603298898,0.6543365854284793,0.4057491376261203,0.6153156960636903,0.45002542115071703,0.4454632627510682,0.4295774764730672,0.6616536417057315,0.40568279345680996,0.4155155346492435,0.5561001937503641,0.393169637344887,0.32913525279751593,0.3007475799144614,0.6231084444628431,0.4498366969609794,0.6450404025556808,0.6172957779680333,0.5433975467117433,0.42120655896787884,0.5770306731274127,0.5375761569141551,0.74190187302319,0.3060331830816492,0.5522486064102085,0.5189447125307157,0.233134684746291,0.5184225230422952,0.48890758767555786,0.48608676019336516,0.42809932224879255,0.45547654796779447,0.6201819696438085,0.5919793898703917,0.5299821982061099,0.39555923601334925,0.33139439180560526,0.6442380561117106,0.6196490803380461,0.5746937089685186,0.31006317309982695,0.7106191277295034,0.38801781389184786,0.382936137302605,0.40898854831905246,0.08391807477834337,0.565602788677756,0.25121042809258426,0.43669573257586125,0.2720672615437137,0.47450145108470276,0.015971913232988914,0.7263808511095362,0.47394495753260507,0.618237654243639,0.3397468078476108,0.4525667142729909,0.6382967328702723,0.4469199268734211,0.46532481050239816,0.37300303140646157,0.5507926819269224,0.8554853654667929,0.5144998865616679,0.777790357275777,0.44472944822027727,0.5709261853433825,0.4789116768857202,0.5011153560738439,0.6414051513052819,0.40454729877324724,0.3161035543101637,0.3421230399329573,0.4305162805712754,0.5857758198487144,0.5532815074917062,0.5487464883389532,0.4542795650226586,0.14422791672040808,0.8631535960155401,0.4212136004875012,0.05119959458233221,0.414139381990617,0.02519809832653034,0.7061054578634496,0.13644982884941387,0.3400236275711695,0.5728391386111316,0.3371883804148816,0.5475013162261653,0.02949921552303957,0.7519989960223132,0.11098934291946595,0.24410989837925987,0.7512953136245307,0.4793955226560958,0.6233600940922096,0.11188712209775592,0.6009870498774261,0.0,0.7014864598962665,0.10668696720786942,0.2535267430553473,0.020524253290642946,0.28346570806318283,0.5736937857467834,0.44904176358209424,0.16960181930866494,0.6101428096262356,0.6997041272308622,0.36234981647328024,0.2596729061533014,0.41039065049749973,0.5740761007175743,0.3473636664710976,0.5550356929895252,0.3745777377239622,0.4823467345770732,0.4654784600109082,0.1870583639642027,0.4476988109083718,0.6391650842275812,0.4334054152859752,0.12278301040387911,0.5677935341397901,0.40287030540369184,0.7925158496639418,0.26452040932702026,0.16859868944260167,0.24150615005404394,0.25970286652175495,0.6138458321200315,0.6657003501535391,0.5013597858623354,0.9042510638974689,0.3139245150740634,0.5402428863021564,0.7647349690551581,0.12098715849400213,0.6089639869028546,0.2717331314821025,0.9245743768038212,0.8767841653621005,0.047990744221471066,0.5783504435941451,0.4198660648809225,0.42902776548034993,0.44411236479893856,0.7173943489806655,0.1947257270557397,0.38625006492672104,0.6334926708404273,0.621746612215055,0.23174919055771984,0.4831399158219035,0.6082768940120376,0.0,0.47404353171202535,0.7567913823583553,0.4871831120089724,0.5639454384225546,0.05064111333378947,0.2944020272938471,0.3434043572052956,0.22862727323258264,0.1895870481744914,0.3066486679474544,0.40767632190360625,0.0,0.15369849944470446,0.0,0.3078268340140315,0.33698094551032853,0.29992584084765667,0.09163755212168252,0.31336815192808665,0.09429035741406376,0.4423098411020136,0.0,0.0,0.13105436951080968,0.7212234197216787,0.46990001295442496,0.4289672100053222,0.39349258531625075,0.17116862570585364,0.4536485143196458,0.6298988256542145,0.2806228844534086,0.6044039724698399,0.1314233400392596,0.3316517082130052,0.14281346436938405,0.31258935375035696,0.14634278785643384,0.0,0.297770489071876,0.8031725299820995,0.5367942989544258,0.2623906434650213,0.6591241723928173,0.25196396669752286,0.2506547902940731,0.31730664347113635,0.45915007549910136,0.47214798129705504,0.3275591722277594,0.4150266577859426,0.11118984429952135,0.49639837725373714,0.5593191443182026,0.5966937158775668,0.29074783220681943,0.5508931265190999,0.21487925217646386,0.306008006508007,0.15774712548621148,0.47232974669214106,0.017741796343881594,0.4727122093311564,0.04874759106906895,0.4083266206219401,0.7373690467378121,0.7493615476938607,0.6240332503469835,0.27999133609139965,0.288991138516098,0.264457443041674,0.29656245823352845,0.40841876803778576,0.5147595999615772,0.8990491316004581,0.6559223593585606,0.34859378339189134,0.6444495011256969,0.5527591670263605,0.6394832320294357,0.6705147794162978,0.3805572358992773,0.062261389761629274,0.023020415634187996,0.5610778250828202,0.5499430065983876,0.5657679120148309,0.5747237470213695,0.5372715392818406,0.5502343468884736,0.5569318739430852,0.1681563060411618,0.013061254873347859,0.0,0.3120565613404981,0.7993628236419987,0.7434740196343197,0.04983315789460619,0.47040897668352655,0.46535032537926646,0.7122735830060963,0.7548337253246046,0.528633231453009,0.4688209034386785,0.15462728152725674,0.07896270581687921,0.28638611653712,0.4851524952575099,0.30712105580336213,0.34679514676902207,0.6949147911170025,0.7060137391994123,0.6946645324372955,0.669664500405214,0.6897071973870221,0.39796555060555366,0.5526075415597924,0.6824156688762694,0.6438965514437806,0.5341842944823895,0.7334128288039621,0.6967342417139017,0.21978792508866205,0.253706090293927,0.14877589165565003,0.5619726618794244,0.4936782715432302,0.823585410243746,0.015178881249068531,0.7796020797145365,0.7669855313386127,0.4847103720556722,0.6527401457225106,0.5228769497175345,0.5044109459890084,0.0,0.0381508360270681,0.1948905576051932,0.3854098121920284,0.2644024624134997,0.13876545214137095,0.2929964548041804,0.6907636383819148,0.5892821598804279,0.5337127111727681,0.6534129014842637,0.3210568418982132,0.3586247070387644,0.43918751357131147,0.0483204398002371,0.19659833077953778,0.4900341088323697,0.5059357286465735,0.6501474493132756,0.626018146982294,0.6371638543379683,0.2892998237360907,0.3457865666719911,0.0504069949522807,0.5815367386057854,0.6488082659328657,0.18347699273282858,0.5697873886739393,0.5468896102460055,0.32247371021800547,0.5350371972241131,0.5234640024276075,0.5955175731634602,0.22642418881110873,0.6634313316365575,0.6558688230208518,0.5056549705544109,0.44562451036689255,0.23289577092374114,0.3285208751522319,0.30589880107725353,0.34076893772732425,0.3646946367569082,0.5862626839090457,0.6815483913295265,0.13567458171577368,0.3596045714161825,0.60439220902772,0.3124445069882878,0.4554078660119995,0.5020601158634576,0.4383858890101759,0.40736570365873587,0.37817081483342935,0.34911391299953876,0.6156909609676947,0.6286126169350403,0.7241071459205354,0.20550970276276992,0.6411266990594799,0.3173490558943411,0.37768376488788413,0.6651396163758385,0.682823371929197,0.6977647566509735,0.5084303545553512,0.6690218904165173,0.47366086064737084,0.34675661408956443,0.6655680100301489,0.4910670583195624,0.5974555441348297,0.10627058580399235,0.4436835789238869,0.13002487933555515,0.5315019706731319,0.12262854751895338,0.09203969164702921,0.07728462311966959,0.0,0.04903244307550829,0.3588553333704428,0.0512507606802685,0.06453285897305014,0.04306567630955294,0.06354217749194958,0.10987069093178457,0.1340735986176501,0.2582548208761548,0.6188248208673304,0.2739487100574513,0.2561138549575068,0.390707724176177,0.5585898518792755,0.6139254103693859,0.2761226427456164,0.4499302129764671,0.6757526962611742,0.5832128489938563,0.5092697721439232,0.4851034390834524,0.43945097220669355,0.6419505560717979,0.48398803191137074,0.64590799682859,0.4803733693882457,0.4242092642158152,0.4681451130291589,0.2020577520602922,0.5706474691383961,0.6463333497980814,0.31979152000973143,0.3327969977193553,0.4899227282996077,0.6469003101629833,0.3021402836200679,0.61553274352958,0.6339037627354949,0.5991713706281732,0.5882059969684141,0.5912647390260479
151,0.45641255999825425,0.31444815068351983,0.48285604518633274,0.5105498966241468,0.5671407827071541,0.6926792860088387,0.6410349522772284,0.23279567151964853,0.22215158249788847,0.18833355992307374,0.4823974406188762,0.28644961892062526,0.3763190742927455,0.4621721189724265,0.8071711152529839,0.6027333401865812,0.3656239435674632,0.5854005821730265,0.28957627847003115,0.6193839358209261,0.44950526914627276,0.4188981081750164,0.33243615471127735,0.41074261998892725,0.28971051941234427,0.0,0.2591175581286067,0.7348960872626638,0.7199395819431145,0.6475885618165751,0.31836115603500326,0.3617692171960697,0.580834354823676,0.32247761175949735,0.7324454871278211,0.35876801132046,0.42605686771041157,0.2971267019098436,0.4298588097883732,0.3220062816051049,0.04879223347878873,0.14196616502740375,0.7202333270206299,0.6871817972927571,0.50640986972608,0.4937506230225139,0.618400341673156,0.27494087540776335,0.5077284271100662,0.41028383755083236,0.5900375843817456,0.29432237479799417,0.8234432956742234,0.35758515131884605,0.23696721081916963,0.37794617524115365,0.3241474690115748,0.2556975770331754,0.24703718823585136,0.28549705827026883,0.3221728904947212,0.1063945731742842,0.4913738126137146,0.2868523794079736,0.08805387660331697,0.2750775291717848,0.4759333741257186,0.545840166001018,0.8469151555732755,0.2764057121755331,0.1696702196370354,0.7457081611076056,0.37282756847741055,0.13113263177404183,0.7062508233312789,0.5686989843712632,0.20883102289563352,0.15852557350802193,0.3906337241310391,0.3399990535313703,0.36430981944108914,0.24194438413363564,0.78182315265805,0.4800768863910451,0.25027884783515597,0.6127290299622222,0.48414101980024415,0.6675328993919594,0.5945945105847652,0.45331164748629377,0.5794507510134118,0.2776375017180882,0.263298504294019,0.559273660719866,0.7306268384992026,0.018492592873649707,0.40041867799935255,0.25109749502656076,0.2550921862287384,0.13392447197466964,0.6957967751137903,0.5604457285379841,0.30922131649449514,0.13451186698026113,0.39188706073573737,0.40020178360163006,0.5344741297328632,0.3510370701901284,0.315204243170847,0.5406738693169189,0.6255387399136475,0.3609446534590131,0.436587439463449,0.3638610398478714,0.5345730690006778,0.3910990965243902,0.555398931031682,0.6756000045582808,0.6145275190829413,0.15350895042142243,0.16114983185700377,0.49526412000874653,0.7147896549932449,0.3626756885228703,0.38802393075272684,0.2546348187783474,0.6880662440328642,0.6318942596871263,0.39145353342820005,0.7892720974551196,0.27999881295568696,0.33595278295789255,0.37581161063432983,0.5827671617719776,0.1178577674583054,0.5730611879715577,0.40227826126313987,0.39068986783606574,0.18544722584963766,0.4298451838470778,0.20061359205861926,0.884668858412428,0.7358997312431932,0.5812499251268046,0.4081312854363391,0.5399990001516075,0.4731385842606919,0.5513756432953494,0.7269312264543665,0.5159084618667363,0.2679455301178227,0.548299294240039,0.2155067663820849,0.21723930204554293,0.6058622842543558,0.1847788854366583,0.1712010468188684,0.3332016967683384,0.5549871117248296,0.2924320823896607,0.5053841102933121,0.46270854974895526,0.48707077562922974,0.39042181023069655,0.3664351413742486,0.5604733440690493,0.7083252125515276,0.2664522957519903,0.5720478183029156,0.48938100697580006,0.11175004325429744,0.5620073869946138,0.47007147029906005,0.41404033713044464,0.3079916285314394,0.18285628707218546,0.37993131446211875,0.6481331598963208,0.6052661632287353,0.12317444472950481,0.22246175045154154,0.5764847770653864,0.5623256816457862,0.528549103816123,0.328192876064996,0.6164164840552598,0.3588266338550337,0.27444740304791293,0.39245264724798307,0.0,0.4696523947871387,0.3391737411486726,0.38488048731964686,0.27929891805700213,0.4178461882814073,0.4848572133532643,0.42199095531567,0.5221154663652995,0.5319555829036717,0.20098318502362894,0.2987292102682794,0.7789909262292438,0.06537273316020618,0.6753093896984642,0.0432186923187966,0.3228190929395505,0.8654579632934366,0.19320165090274372,0.7600014756738228,0.16851943100867328,0.5189087993198038,0.2709763347795478,0.49139728379042874,0.7160154290360353,0.3149903522123056,0.09993448906124813,0.4177867924482064,0.23328559639786473,0.4314838389874234,0.5119795797910732,0.5589929099836829,0.41671546326806297,0.4124798322503849,0.588223802798582,0.5548247236646091,0.356222121128863,0.21241774585957218,0.3981493965403941,0.38455868410153043,0.335743926957674,0.6079142922958971,0.04651945326850264,0.18353037184437396,0.5384030463250409,0.22121405005948125,0.7195586386799325,0.15444033323432105,0.3119114396378582,0.7236487235427039,0.3953246264483978,0.5571855552895074,0.3993744295867218,0.5476416078016387,0.3462002984916346,0.6649323097195661,0.2380041045090247,0.007183329155437151,0.15670626957399922,0.21372424134221343,0.5042766950856324,0.3139762248048669,0.1617186424216801,0.38620021356630824,0.6709311805398261,0.2694734066318861,0.27301983973226,0.28233951552140657,0.22630743576169032,0.3198319870865908,0.1766353525265538,0.0,0.20266834716100335,0.19353554552042695,0.22857990015621568,0.19697283707615404,0.6573424269226755,0.3739692102278231,0.15633632186412588,0.549026570215469,0.4118639818889254,0.42189864123474813,0.18604018880398807,0.12468229725455776,0.2141960717784968,0.27524980089641227,0.6489250820242074,0.3363357447138058,0.36080856533150757,0.9406241615039708,0.329436328378736,0.4651466226834787,0.807709297937772,0.13498727507836542,0.10521552325070187,0.6804012591775769,0.9549241183513727,0.9260789804829763,0.2923181874226412,0.5524124189268844,0.3390359548591326,0.38836384430213894,0.35791405194398235,0.6967208555780875,0.22149536594144026,0.1885189701208135,0.5660763160777749,0.5549334711012537,0.31660270817667013,0.5298730861719823,0.603635062725065,0.5313261190510897,0.628157039273477,0.7148496510761068,0.33738493584253904,0.6977061197757809,0.13219499957837824,0.12236825283165483,0.16967457984979703,0.29310023168566984,0.28210771219973874,0.3183888198689686,0.255742571776995,0.3587420862208065,0.23970557738780804,0.3497024015651219,0.2709953684879344,0.2597985453448944,0.1515566713794783,0.3825222546030388,0.3101703707546956,0.3850014462264081,0.5052045407966202,0.3206153865441825,0.40173432455510366,0.31493713860202277,0.6902617395326806,0.210301631727486,0.17669760621939198,0.055934397854332525,0.3131801594849926,0.47307942827961796,0.5733963952976621,0.5815498377033312,0.5663984669760249,0.41001004689847836,0.1505659809014618,0.4140708165730851,0.17701718729900753,0.4381528238330053,0.41656798597879746,0.3096608316087995,0.5447880396711594,0.3867442269684842,0.17192239203843643,0.5613341546690174,0.3759810382065521,0.13049236971076417,0.08880015532938632,0.5346384651598871,0.5528843423554959,0.22628746264283206,0.5119315371073921,0.34184842548791544,0.46407306860185205,0.7513565754101773,0.7542709261437113,0.32567699087190316,0.760711035211103,0.28746915299930104,0.3333211092586934,0.16704274785000695,0.4143859956107043,0.017989260297074552,0.40918356686276003,0.001670123808392121,0.39516097308918274,0.7941351739214462,0.8387561898528905,0.6208334861258026,0.45740084482067667,0.12637036371295146,0.09091845004847829,0.3142505011661589,0.5977750391692624,0.42365148684358006,0.8242312884818895,0.612283086388176,0.3018874571377885,0.5780119736794874,0.4934410935948017,0.5876767952521201,0.5117588097306036,0.11255219546683772,0.0631511276446001,0.04110460896298293,0.1801898800293469,0.20060830840096913,0.2084636864164389,0.23531682391099448,0.5396705866022721,0.20071986555695734,0.2701604682960305,0.0400149437730337,0.2944312864732283,0.40025538812545264,0.5308973270474032,0.7761944466968496,0.681269329541568,0.006644032566299816,0.228941144501518,0.22520607254836647,0.26939192396513384,0.2500636960064666,0.19692669404907173,0.268619158398119,0.20769572956374815,0.08075449470888887,0.0,0.40828585803145934,0.15293139691299718,0.19953599716447668,0.29612377693116704,0.31009733297924236,0.35034618488467156,0.3436383074144128,0.31204647909765393,0.14039822681688632,0.3450244471740618,0.18848708373635104,0.5823494052157677,0.31825570740647274,0.3822753498310897,0.2868606179105107,0.03192752561108672,0.05947846640455867,0.18419248377675093,0.3412515910862277,0.339277416909058,0.46381368079640134,0.008369573371060696,0.2423544005078759,0.5023492064168548,0.23478637030808275,0.17979011886581506,0.7474506958276905,0.1612373450523716,0.04780339956211891,0.0721106185482702,0.4112033229884123,0.16479442154429783,0.05376478229187469,0.1864810327674238,0.42833656513116447,0.7263230550944872,0.5887305128982439,0.7863649110586147,0.5684082089709112,0.14888716517253844,0.5069529311754893,0.219630672897688,0.0,0.0709108525785401,0.6582715025704626,0.7060574730630823,0.6080264521708261,0.553841484865931,0.5854338912159783,0.3347234377706253,0.7119405919268323,0.11652967687650231,0.2106164563257448,0.5447610380114205,0.048440152692817845,0.5360925989283113,0.36079203319929987,0.6981890718243342,0.3844567988686659,0.3307521380764759,0.4313857514557994,0.13848460656117398,0.7883242651637538,0.601930085491205,0.3092643007375914,0.28925934995801567,0.16404093005711254,0.07844788474125498,0.07982203383964435,0.41750622137592486,0.42303960241169425,0.5938180417004097,0.6762628702101519,0.14041829216992446,0.1934581752736907,0.5435265588537258,0.17080478225131956,0.4175033531488066,0.4634756037270742,0.4488843722487331,0.43070821273766186,0.4845125170815551,0.4641776960150377,0.6024281620291319,0.5906554292465575,0.681710855285321,0.521967369668968,0.5546590520867513,0.1331740742160475,0.4738345379283472,0.764454290524924,0.8639518339504416,0.5121907500718815,0.6647478470465595,0.5146570675033941,0.6989959414885827,0.600371957037447,0.590019904771693,0.4046413631988063,0.45016026909741147,0.3921686150318223,0.47296879388479895,0.39972818581618025,0.5900988894841896,0.41492292927658214,0.39430574649681455,0.393722823151745,0.43221376035152415,0.4284004423962096,0.2677582780335047,0.40931113889539467,0.5617187617479963,0.5518349736263299,0.5743806928515259,0.5899629203081226,0.5465384065961988,0.5802250626145179,0.5602521689092224,0.6056554603891706,0.5868369069248212,0.47859523752944894,0.4544901335711681,0.5310008721217114,0.4053734645450996,0.4090667545897175,0.5761701563520915,0.5993804368372089,0.5212730880227554,0.5113359959074085,0.6667297757882092,0.574614806218616,0.498214390834927,0.5695097456215591,0.5176845507280802,0.19677830759367543,0.7116205622120326,0.6524150379472604,0.26987121643296813,0.2896477820766539,0.4840259893382093,0.558897484432769,0.26431898352417016,0.5687031773584369,0.6156699240582914,0.48381300690508106,0.586685645987509,0.4817567633821143,0.5358818329200801,0.5422407739901153
152,0.5209309011142687,0.4231556574318354,0.629338264830629,0.5951054887240984,0.5419938066375302,0.4514496447959689,0.7761956374785001,0.6588654843772686,0.4154563487602193,0.4378818024292351,0.5861818449766604,0.45542501989909406,0.5113659984792697,0.47871347551575705,0.12186425425141302,0.724061373601366,0.5038461794566204,0.6946224235067512,0.29186464625000225,0.2503647629960871,0.5700320680121941,0.30056372504116596,0.3314474096345985,0.6603962643538731,0.3653202390599368,0.5373742375716638,0.37134533519372104,0.47729749533400606,0.4696537416247353,0.7683059916401632,0.21909126064766946,0.579415127771086,0.7403883522696554,0.2143166742851606,0.3262116721232771,0.5618401469684626,0.3694963532636711,0.35273235310262147,0.4667692244395693,0.22222755715644357,0.34606554980334214,0.1878275515880119,0.36256476392385395,0.24288748906219243,0.6622291230106295,0.7488555468839929,0.7318290017144399,0.5018654704023662,0.7484785884453102,0.45903046153704175,0.7064556395367311,0.1655348085745008,0.722622136508339,0.5728670742319169,0.43067988821983433,0.6306385010234714,0.6770792954878667,0.7076473223280415,0.3668168367132474,0.6485894506243305,0.583869108798963,0.2562740458839329,0.49663849637443874,0.4799942744122201,0.17637520380492114,0.2735430320758393,0.4618410621160783,0.27369211358805023,0.6592403317460446,0.7529651994506463,0.17824753570974117,0.5565301612500773,0.3279039514888818,0.13859433280263933,0.4858773678543194,0.6237606372026445,0.37521558287230455,0.05588019355793825,0.5017581488217743,0.30741363543546524,0.8310749725768785,0.526959685295076,0.5692098537238454,0.1945145899368159,0.713637335711032,0.36788209501324853,0.14811786902715976,0.5160369932195163,0.7202705066430576,0.6431155799758345,0.730101033472977,0.604342810616026,0.31688981842563607,0.7604716208152303,0.26590481862578785,0.48751585824327576,0.49034730546462263,0.7080243056711611,0.3514979165085101,0.6728266672995811,0.25465524103953574,0.2924534634669162,0.4537661822090462,0.48150558641203295,0.7549263014909897,0.7666259608619237,0.7222166555114188,0.20095850196919193,0.7754990967796762,0.7412488028397408,0.8872693885791441,0.5071692229087051,0.7454444499206705,0.4044671707784483,0.571721985102038,0.47213302788655626,0.5768909364126918,0.5076692121596402,0.5496183370744115,0.301304183289521,0.132443300886414,0.01827394307725603,0.8172006341522595,0.5751646500408447,0.59117145297685,0.521479487894137,0.776888796095147,0.2096787123534304,0.8392779206971354,0.5794042541520547,0.3499068099157664,0.4815841931962606,0.5417326470022414,0.18302497725004213,0.27856762083773046,0.7433877294383537,0.3578162757697461,0.6445560128641643,0.3655122164170336,0.5918721028326127,0.5385532824920348,0.9214867398469835,0.8179027872759531,0.610699442045402,0.47517320901800053,0.6143893983730528,0.5590065334025563,0.6341519310461939,0.37895555883958804,0.4084007669444074,0.4319488464037064,0.6680728069102551,0.5180203301519462,0.5232949609318397,0.7021593377100551,0.48417776050793004,0.49899865514283753,0.30748925370163427,0.5604734504545075,0.4394332666890942,0.6149471963130013,0.23163570326792654,0.5083941632008625,0.6020381830249654,0.384987042797383,0.4574793515951074,0.7750429894856229,0.3439166219311147,0.6970058433938382,0.5760858538715888,0.28880892455591556,0.4717918765661673,0.5563587106932727,0.7025581533676368,0.5074451124172928,0.25339641904189963,0.7229589118044882,0.6322627545100403,0.585702631083787,0.7653302835212537,0.431473430083983,0.7088578005579814,0.6738929977984868,0.6510670319853061,0.4860168130233158,0.2359944644575204,0.44039243564819164,0.5729362166499583,0.4531292332176409,0.3135462546259806,0.5900021300745347,0.3738777453064962,0.35484776388808353,0.27981737553851693,0.43005832929670446,0.5707669453431028,0.7441367901508533,0.5193474388103186,0.6130819992173643,0.18996733051093634,0.37615169189637254,0.4984787414945506,0.36388035542076014,0.27908564893937454,0.33872965517953,0.6643044697157903,0.6481437694568281,0.6174692144799167,0.8095568741764946,0.5713964278336151,0.6510898576393421,0.6084035049698757,0.60945929251939,0.7751010036247897,0.5515736499518625,0.5005322184159221,0.19558539837053962,0.6618553720207514,0.3702938780624363,0.5673934473591044,0.48876030688899413,0.31775386217805335,0.7068716428313362,0.7116950175479312,0.5317807265519974,0.5682172783894371,0.487914472541534,0.5812380413977811,0.5710286916303856,0.34432414207232537,0.0841036938151838,0.5221173259309183,0.4824974340685758,0.5144398377335548,0.2131867662717073,0.7805933102622539,0.19779956924198147,0.1840441702657305,0.7263304712229701,0.7150660050195135,0.6832636758974162,0.5922039968656673,0.661390253142115,0.43175338872094327,0.6826690563103145,0.17215908576008648,0.09422730362320914,0.4614642139592256,0.2721463320784714,0.6395146335904853,0.6867736723927348,0.166928628143268,0.6838277957738979,0.7350164441852789,0.5503025340728925,0.3396558385624486,0.6586729069053842,0.646072166772274,0.33754342991442204,0.6124770789060461,0.46257737375379593,0.6888270231715777,0.6603002181777922,0.17231134489772815,0.6547932468131852,0.689539015107866,0.09218025932850947,0.2526253948293186,0.4052532647805862,0.4144219966386707,0.7384682256304347,0.4331833294737287,0.398758929520846,0.12717419682226078,0.1497824764477167,0.6215630237378788,0.6306053219661382,0.7111262824499222,0.6307623227401945,0.3388556679152503,0.5556418880245622,0.5819257233406223,0.36750090237032434,0.649802665335775,0.3352978826943831,0.8637094881897867,0.8266818897033374,0.4401020685869162,0.7641480440885359,0.3710692142486813,0.4658145598148626,0.5135873956572,0.7567947540729772,0.5107387491247625,0.48982458141654195,0.6922790375426778,0.6898291496225799,0.2452328672186441,0.6959387419449896,0.6805167566568674,0.5558219790655031,0.3813236009219819,0.6297598990827158,0.3220569548462789,0.7557430565171878,0.06847784573998107,0.26806848992033594,0.35292836267607663,0.16286502987187687,0.401334214704343,0.30556382870503757,0.44421397680418756,0.4662894297022771,0.2587973209368502,0.46225848511515083,0.46476530693866847,0.4862829797150359,0.2670324757396508,0.582244254209195,0.5353341968109908,0.5906526162483564,0.6164048063733489,0.5267526438041019,0.5408988434447238,0.39028400770390836,0.7636374768216431,0.4173276881830714,0.3762710112121422,0.3840909584502613,0.16093446973663214,0.5391496263053173,0.6803745184038389,0.2309912493272131,0.615232195256015,0.5881604077009789,0.3375906054398438,0.6019943295538326,0.32549108536204047,0.6391950839113432,0.49371505790412007,0.38163668416389696,0.5003847770682214,0.5186613621570118,0.3491101830360022,0.5529870045812596,0.46440439225661434,0.19205917026462363,0.17984203865076576,0.593187923694044,0.6135303352198332,0.24647177472341017,0.5171662046503949,0.20794991538946195,0.5249753983730137,0.8809595397514558,0.8810710534636917,0.4443782776034829,0.8251069851374003,0.3567489324950855,0.48545151304767425,0.07815516450531057,0.5871555697373668,0.2574108631649902,0.5857534240719856,0.2864768337152892,0.5235184786669661,0.8624673464473499,0.8753773974305654,0.531281527477345,0.24539655504632155,0.2954383136970385,0.2579537354418903,0.1885379301796623,0.8120143234616214,0.6019379062109128,0.6884651523458033,0.5946187190367602,0.21076791772974246,0.6826634890998206,0.5899647959977373,0.5259711926870695,0.33243307986779663,0.30383240289457525,0.322599531991269,0.31695364979267543,0.449624992405712,0.4380960831603029,0.429072782005587,0.4549283372630907,0.571596053248204,0.40681045922830233,0.4154352031807462,0.31572842463636114,0.7942469415586869,0.2726167670761069,0.3063443759590428,0.7665468879627065,0.7010801809655242,0.17593759764209055,0.3839788843908796,0.3715269969362569,0.5202480444618209,0.48720864097432476,0.3625621722682636,0.404724980473684,0.28961406380037635,0.347444626642142,0.46921562060562994,0.29392408032118095,0.11409715639221076,0.30969788110485097,0.5965847906256064,0.5858267310622532,0.5888888086639816,0.5795099402589214,0.491441356480082,0.29714854843031246,0.4867780262492033,0.5311523718861462,0.6987420668541091,0.4921908463292238,0.5856686681594524,0.5464825757526347,0.3205138019124546,0.36052345186278384,0.25248402832383116,0.4657453025719942,0.4553817242396234,0.6445145834754311,0.1317870738399191,0.3876284450683292,0.45670046467859016,0.42619544515496655,0.32814658056199136,0.24773186137658004,0.39418590188734576,0.3421352192420935,0.25817827068748544,0.45153115251466786,0.1748918771561664,0.3308437047068709,0.21086187436852494,0.25201260167470657,0.7150214002891135,0.6144475074365096,0.4568168869694004,0.6894735055177295,0.38095323503823136,0.7384863131626165,0.4765733924715342,0.17215971225424956,0.3842786238609338,0.6103425124844156,0.6529902187232071,0.5703091029479473,0.5327355485513311,0.7166264090346084,0.25794036701841727,0.7826555210911362,0.17387883787101682,0.33880917087874,0.7144750466094428,0.3053729633503682,0.6489782561708602,0.6014711599125855,0.8824933314487646,0.2953177429055337,0.2313270276670151,0.31188765087539155,0.31109170269488723,0.646483652360682,0.7142094968008859,0.330001938544736,0.36606653235469006,0.17808000935014634,0.20527562406967645,0.1903210027197964,0.3323117108517236,0.3325440790426353,0.58546073415061,0.669421802030206,0.12228526509486631,0.2307523287450343,0.7062541801613292,0.20769809714857296,0.21372939015001435,0.2385152400266099,0.40677885412259174,0.4298905564082209,0.3650373290635233,0.337073627137815,0.43224686558870357,0.44248027194696493,0.4926055553710112,0.3524694707746287,0.6637330816991761,0.1860202991127725,0.3315821111309177,0.7581453997776253,0.9222540296746283,0.8094013760005871,0.4985549408251064,0.6656084874585927,0.6983066272913273,0.6557726438105679,0.7292374843462064,0.23113312598236496,0.24017828351375733,0.6068682220668902,0.553676841043269,0.6131032953497277,0.6622292276913733,0.6326406166502496,0.6053912681711701,0.6063226604383716,0.6545814560177429,0.6976987000575003,0.5192529560287499,0.8278228854059495,0.8112949262823537,0.8114012327321682,0.8148269063401918,0.827666531002981,0.8079786556221221,0.7788340727408326,0.7188833581897063,0.8277330805559695,0.8048302144495585,0.7367478447388754,0.6158270601808538,0.6901314278900346,0.3575316027508516,0.6244679419441669,0.7241908369610662,0.3941494173871448,0.551169077186663,0.34677899758300357,0.264784020255621,0.7261481411177417,0.4733922685294541,0.7113832977657445,0.44934806967356977,0.17407658960896666,0.5357660864909084,0.5217697206494623,0.38878086029783215,0.5407341909962619,0.3280275595208617,0.5144400653328935,0.3842456964010681,0.7100070026636025,0.08758765876841615,0.4622963988990526,0.7183215716053407,0.4765535259928648,0.6778996777989902,0.6341924752040358
153,0.5817314452079106,0.4788244511268531,0.550146782147132,0.5268105384745738,0.32462089629253815,0.694885798455857,0.7174792587433865,0.338600886559895,0.40655094076664167,0.19696138104097613,0.5831592598006448,0.3385686195555049,0.6246161371406451,0.5125463137405584,0.09695371550195493,0.6585977324654048,0.49389736035946596,0.6193603848547156,0.36651695729047606,0.31598516928086523,0.500627499312601,0.4573455380668422,0.28609326472969193,0.6038611648140335,0.3845805868555679,0.22700933107546972,0.30679266005591294,0.7168936772776772,0.7146752278731019,0.7584773886084288,0.2934776154993039,0.5469933503601798,0.6588249184432073,0.22353587678578768,0.4231179168115663,0.5504711906824605,0.25294330564020906,0.33095579873400655,0.6405729663682046,0.25685747798921055,0.30870931860177225,0.27784696457612873,0.35697441596735235,0.2984793793310953,0.6194102345498061,0.5257247901355911,0.7065045890040313,0.4491504929714337,0.5183731084783134,0.49768893901806593,0.680385316962296,0.17697272849112347,0.4920046869431196,0.5400530932391395,0.46671298504081904,0.5217352384145859,0.5315586187203795,0.3926080521989996,0.22829892519447895,0.5003341966716447,0.34286547690407676,0.10287474721505412,0.4299802035112113,0.3186799864549861,0.1455043779437258,0.34055640280369215,0.482702237392058,0.4903202469855557,0.44503985617816466,0.6280991559995577,0.1870750776272609,0.34984269645842564,0.20092569991180262,0.4193710481250584,0.2562389329475878,0.8357973623792565,0.34140867504582706,0.15706156342072544,0.740485921213573,0.22525861971093827,0.5632619733041213,0.17172679861913992,0.6923362901267639,0.3821861231686758,0.3471803669252372,0.4764092870671286,0.33286134292122305,0.5379246351037725,0.6526464329258732,0.491624736640058,0.6322007913059723,0.09241720060954947,0.2953138195172847,0.7012136936788327,0.38696629484489004,0.19584398073766968,0.46875876544322836,0.3937486694705613,0.32432710892687966,0.32914348224543294,0.36162759973788383,0.4417560546820753,0.42613950938718104,0.050954532386328036,0.5525312978533663,0.5594188010381567,0.7608593871721502,0.35216490942524936,0.5285459540794647,0.6769001147873328,0.49689700709554235,0.42372582971534317,0.40811739882086745,0.32914603434614126,0.5852425598660751,0.35184849721350214,0.5964676167838318,0.23947477205673748,0.40495900009910063,0.2421645126887324,0.10359437285636225,0.34330725323210315,0.786536755317243,0.5610954578091019,0.5173543737990848,0.51514291050438,0.6932801731338366,0.21760704919577667,0.8673896674615393,0.33983636228163344,0.43386245065636136,0.5947490154521283,0.3331373745386914,0.17250643358544807,0.398614877155678,0.7126086932091251,0.3332829973457036,0.15994187589390801,0.306289229534257,0.5460662102428883,0.40417952136573226,0.9135492434043679,0.806894389148688,0.6286757068654242,0.4783971290988313,0.6504732155333719,0.5222170251398888,0.6535342740214799,0.0,0.5367825582895808,0.40955375675399935,0.6468015344225959,0.43962186071957393,0.4492994693451704,0.5844092506268599,0.4246698638622094,0.4523795520070511,0.34215877695832475,0.5678413322331266,0.4517782616565607,0.6495083057177894,0.29604580196498725,0.6296437144709058,0.5388279633077085,0.6535024650302017,0.5008734633377325,0.7175900462208529,0.2965800257172942,0.638995272083153,0.3618764527071328,0.40000713431916574,0.5940974301677687,0.35644862536927635,0.5622646494306865,0.1396195553708157,0.4688005989995007,0.624763950761456,0.6778629949252049,0.6451993049882063,0.8154021560235495,0.4231629730786405,0.637770251546713,0.6190813155336947,0.5850061674018833,0.2949810892975261,0.408535929232675,0.3215475315428804,0.6118132896228088,0.34056770266637726,0.3642613500718109,0.5925551529496157,0.16624840571866425,0.3131445305222511,0.22728778472788413,0.5064056758141003,0.5995087759514359,0.7069643837190145,0.46903092695429005,0.5815124796734169,0.0967322472441335,0.4168894600467039,0.5021095861138609,0.40529655438850243,0.2834753416630974,0.32970396112733874,0.5497436640937415,0.8250987129704367,0.5023556763800447,0.7908882975700213,0.5265381477823583,0.5870959233939843,0.5602884811909435,0.7060172352620463,0.7074103773936324,0.24939575479581544,0.12993045588268332,0.2728652772396944,0.3253938703305979,0.3717794082758043,0.5523972815861905,0.506185217495599,0.28614909280558887,0.5899619458561659,0.6271138890628656,0.23288602335611586,0.55572911507005,0.40486230294245235,0.532799851084357,0.5967457873481691,0.6308170365869603,0.1506357656609392,0.5641125613463819,0.19683498284905226,0.5582738076370306,0.17850851426963263,0.7821365952407294,0.11216533845717214,0.27989731470976087,0.8895871708391397,0.361192088392442,0.6189501811016042,0.5186109325708896,0.6087371112412958,0.4860860439074232,0.6552136524510386,0.3066591647804428,0.33380977702539816,0.26784584400044376,0.27263531773992744,0.5441324030920287,0.32544164159154937,0.11045461830979678,0.5808973931990998,0.36680048092808,0.43695563008635335,0.33862906692232264,0.2997556127560587,0.6020389515558894,0.3180434475717363,0.5582291251095354,0.45573376300646323,0.7442997660645019,0.7271143521415298,0.1889651867295946,0.7232141806698731,0.6020462023867812,0.23375878569212938,0.05565431615241326,0.3923040332667865,0.28076077150625117,0.6313641448574722,0.3089523006402141,0.219262829354836,0.40546283932978844,0.1316652485919536,0.6338971293599853,0.6539064753114228,0.6293318957246571,0.7662196479011686,0.3505623666534661,0.44033467300041224,0.47482173565254,0.0,0.14237682686937522,0.5242496742616141,0.9611524379604435,0.9359007838987646,0.480664264049688,0.7194951922970062,0.4767639147440642,0.4545469305903353,0.4977570807790611,0.6844615488317436,0.19977388798205362,0.39094211078168856,0.6152465783468366,0.6169140692396772,0.37457808604976917,0.6739228703445492,0.3537189319822877,0.14372308719043486,0.25919924695361823,0.6297999149103084,0.30801106866005323,0.5897695671866092,0.16078526076699073,0.2163742103513785,0.2043139839210209,0.1353599880387184,0.7194888841665854,0.3047493505957604,0.41377824698218174,0.5303682945577429,0.18715700806690225,0.5297456353194809,0.48005848161773185,0.4589605394166948,0.30098378775597406,0.5647946110705927,0.0600442125150248,0.5646068164633053,0.5305384911469867,0.5191828696448552,0.506867615366688,0.0643436826609246,0.7409736822658431,0.5094417020155404,0.4660562428768797,0.5755564099197537,0.43094912946360836,0.42123539385868847,0.6231139040869889,0.49492690842903275,0.6101262488439693,0.5739501565496785,0.1796434278049292,0.5844452615419622,0.1774828756622311,0.6157662114622877,0.5059865522934477,0.3644222055318261,0.20580756384418628,0.4796981933806926,0.33109028776901894,0.5846656206629155,0.333193473420905,0.372175239458225,0.24794333920797532,0.5626405417491102,0.5477203489946921,0.3947889223552364,0.48511549451731084,0.3106327343501219,0.5503031577769099,0.8950273543779763,0.8934872921605381,0.3967006113448575,0.8468214062836505,0.3911023534377314,0.35759863186088103,0.19826615729073632,0.4622531186568817,0.27248295104353093,0.45693834937381017,0.2706820761101909,0.38564872137088974,0.8708306586136206,0.8955887929028316,0.7029396071439451,0.26011536603918617,0.15906717952934224,0.1371621795214215,0.37517074443482296,0.8114683073656617,0.5112849195967376,0.7380625527014234,0.5120386932045784,0.25894726374590776,0.6259750283439703,0.5397154063661684,0.5636776462863877,0.48030951070548683,0.584164338606915,0.3054680281956606,0.287852803145995,0.8599330561189615,0.840321146021779,0.7337381795140556,0.7290310390660949,0.516735089852496,0.7137057500995266,0.7129320322150056,0.20648744043134037,0.47877847623709985,0.001713836490600716,0.06782893061117307,0.705719986583018,0.401335103849787,0.16964752118455548,0.9281957258682605,0.9381925312311576,0.6937134430828832,0.6299763847836186,0.5658795634475331,0.6126718284010744,0.5137517584298195,0.3094587352024563,0.27229001676132425,0.3261712405540236,0.22615679109176126,0.07017721135178806,0.9180681064733959,0.9064832694122599,0.7814913250399124,0.7808831997516708,0.684553643171035,0.5632025075822853,0.9555408706821543,0.9067650769094235,0.633829834400542,0.9586100275620653,0.9273298348784427,0.8138384991085371,0.11029655673279586,0.18008266758468242,0.689666652646497,0.9676488136813278,0.966453517138448,0.7915739205444399,0.10550875629870972,0.7261451546580772,0.4358060401513088,0.9561808288659851,0.4894835876312786,0.3190233475748252,0.7344220962342883,0.3543125294180276,0.2410526364074136,0.0,0.4749164861095871,0.12349838511119711,0.210512547581602,0.356447024361978,0.8112881673352876,0.5887245002802504,0.5654627481335261,0.6372989545585698,0.6677099117726707,0.5046399510754447,0.20695732643589632,0.14382744948038337,0.3909820769702869,0.5166076331354525,0.6097388843092106,0.47447897928145577,0.6355636535420724,0.6593588285646811,0.21010551842761702,0.8152323646157587,0.09413150345069336,0.6883737089668716,0.685811295601974,0.2423376900108498,0.5744353747088546,0.4748427488318045,0.8263448552357631,0.5586521450576795,0.5537996447571133,0.5144656755909269,0.18603489850967644,0.6973126766959128,0.6491734691216318,0.1857472775666644,0.4182470534999686,0.4903987894987536,0.5786003611419909,0.565529490862395,0.44174932334591305,0.410797602827785,0.18710146838060432,0.24153392689646785,0.11349282629174426,0.5193129306701993,0.5981224694297204,0.5188140933218911,0.532531566251671,0.5735295736383528,0.5710399641630677,0.5598535572362188,0.3126466303897536,0.27293415491334505,0.0,0.0,0.0,0.3451923179723146,0.7098796023376359,0.6193228080905261,0.15354906212772498,0.7955199591479215,0.6429481148338795,0.46129836021089476,0.7056138517002182,0.677238359429025,0.694065334450267,0.6444437947553928,0.6618427709175942,0.6305075291892114,0.6525528385839056,0.5747524112738449,0.746712463940958,0.5632808179422745,0.7949014728870372,0.5986001967551018,0.5573530911469852,0.5448434025187696,0.6376079719850887,0.6290879810584008,0.6155848631991038,0.8583892304638392,0.7795127744856915,0.7878202712717599,0.7765904466418941,0.7899791600120183,0.7345092423591176,0.4807536016214454,0.5997099322430335,0.7884872750190417,0.7329420759089506,0.7120091614470837,0.5544949959467897,0.5815096168331559,0.3740124315589191,0.045737477915641124,0.6367576187235843,0.5869745894184074,0.47764002900900787,0.41977113548559825,0.2801831246461634,0.6390338065612754,0.44329590511794226,0.6224274515119327,0.5756972059005442,0.8098547708892434,0.3940769174802404,0.5682270651404387,0.8287703556640085,0.8251557687773962,0.5662949530130192,0.5476719704922357,0.835175147272071,0.6420936778093892,0.5378574800032824,0.1707897147860168,0.6380208827071074,0.4364234070053868,0.5795795549141823,0.6106083514071138
154,0.47520887291622155,0.4737868969611115,0.7130895292438374,0.5600904524024592,0.33871198220737164,0.6979514186201622,0.7296437614236613,0.4195346467032657,0.40037621325150535,0.23744005655250633,0.6123679463019867,0.3827807100350516,0.44571261974445675,0.4458839612594048,0.09644579237595131,0.6563147716285128,0.5251972864647542,0.5817155652818531,0.3838362029939913,0.5312880678189753,0.5263641032828288,0.4584800067828804,0.3665942975689308,0.4397287202560396,0.4271343456500953,0.6084630885220029,0.4031056400989934,0.7304500338957961,0.7255908320743336,0.7516558481891086,0.17716224556660382,0.4810588681417241,0.696941831807089,0.13348103664698172,0.5322728357823354,0.5450685633723567,0.49445001024969654,0.37630242582837214,0.627552137220779,0.21964118706090374,0.3551848959848571,0.2983675675866758,0.20896277442209252,0.11991488114340994,0.6007008675291997,0.6936062752496097,0.7700976951771709,0.4178363881900313,0.6840664812558745,0.44486470680360324,0.7340065231247437,0.18921599682601623,0.692654436421763,0.4889904772384774,0.10547553572407779,0.5388222200693471,0.9018203686758622,0.7648292168103702,0.29275082434865085,0.8859210338179346,0.18706776931404132,0.18019388642148879,0.4265764736582049,0.33022708374436127,0.14779235148992861,0.31283944280004833,0.2331797281155717,0.7153974662661838,0.1952748205050993,0.19879782248582678,0.2992922032628325,0.05918956932049928,0.3365384624366495,0.10473292736775101,0.30516412645785596,0.6352904460393174,0.2263982048240881,0.21572736570446807,0.4660622836495257,0.24206128033741126,0.7413559699036855,0.30888552796034585,0.5441630560146209,0.46556278319103883,0.4525617944379856,0.2580774001799897,0.40269326962605423,0.6665819403823621,0.6517846259245442,0.4597560982870642,0.6629708799424925,0.92426613864717,0.4182730720633325,0.5250733856536929,0.3573016137773431,0.7764574024600297,0.4872991724516874,0.7213638102539166,0.3104422314862167,0.6581697852139284,0.46236476292814493,0.4744543673505392,0.4175126233187511,0.4178162817197784,0.9386384450085378,0.9439980623322755,0.6395036426341206,0.36884945268680347,0.9468353253978138,0.48877369477057503,0.5078351120021787,0.44504629072496205,0.38234907364391785,0.4098636418294915,0.5863662785891103,0.7616128896385118,0.5847971854896004,0.31834139638792663,0.6212353063471762,0.3478626306959941,0.23062383995275562,0.19261651112361036,0.7159495347477425,0.356498596542397,0.5059850399118202,0.25321379004741534,0.7098745805304657,0.3281717019084036,0.9318174917881603,0.053354306831740674,0.23711851344911153,0.5218563303083035,0.49562444863182914,0.25566944614987336,0.3428802334042103,0.7215426249544136,0.3610631482769155,0.8576782192267077,0.4224753660662749,0.5410779902400569,0.8037190334163012,0.9188935134738481,0.8148846214641338,0.6256902034542899,0.45839348667335017,0.5918278221112045,0.5536324356996892,0.5512956353053935,0.5721561746842203,0.6033536125490426,0.5136582790416271,0.48168605605652565,0.550787265171643,0.5555543971782285,0.6408063634248772,0.5246906657681811,0.5481294388196837,0.2007564424177869,0.5586273528694643,0.5041122107692173,0.5588808926583374,0.39395460033863444,0.4716353056493067,0.5002194131890201,0.3571374161550067,0.43237055602913915,0.7630019335671725,0.3117444009382623,0.5993406399203004,0.660704135178735,0.23613349442269216,0.5728298925924491,0.6293152276110481,0.640037591422996,0.5380652649495299,0.2951959235056433,0.5365610248446218,0.6387520706259368,0.5914544827433852,0.8787294480753168,0.5256279931211997,0.6343588377512571,0.6312576167780248,0.5883100666028074,0.46916919542249375,0.47609496042700206,0.6317040258264851,0.6781784148188255,0.6281234947899154,0.2821006252951278,0.5888197292023698,0.0616692464562553,0.43305027144160485,0.08772936802693306,0.5507875768131814,0.6758470926747912,0.41625141833640156,0.578101672676364,0.6170185623690471,0.23363198080947287,0.6879670301792785,0.3651029240768269,0.6906744279460505,0.12308619344439532,0.4612037824670382,0.8635270842405881,0.7225703042361548,0.8574772354608275,0.7962740861563086,0.5740329221769386,0.6811150024334686,0.5891458145363931,0.5640321574279605,0.6555134252940454,0.473358873428049,0.37535091213204735,0.3228119596699051,0.7336012118429609,0.1298864105458896,0.5730804486279595,0.5213752761745539,0.5040873311433114,0.6411128834278715,0.8002197608189742,0.6446928694793446,0.49249270049699545,0.5098424742036304,0.5202385918760348,0.6107088537708694,0.4631771258425759,0.31738195815952003,0.8023505414662166,0.40373456586035555,0.8435041990448727,0.20424370801981734,0.7599613237937504,0.14988667837711414,0.3531611906485686,0.7582224394809749,0.7825948124851196,0.6160803733160659,0.47230784845917534,0.6119640743601278,0.37839492626182847,0.763935026041621,0.7962288083706228,0.33395404045366195,0.7776220301373616,0.3646976154868826,0.49938898781021884,0.753686151664738,0.025265933632881325,0.5040363886998381,0.47634373307909283,0.5341144288130698,0.10423654797617361,0.7249184419760597,0.661356621252565,0.3045567118073376,0.6323459914746334,0.40683943963247743,0.5795826217737161,0.5459579622073141,0.2320009679921626,0.5506510951444216,0.738984811368788,0.5496595479801769,0.27086520137151704,0.5952555061564195,0.09539517278201914,0.5924759782281824,0.8688948327107847,0.7953309369113771,0.5810828346589381,0.2895935019936363,0.6623716269548099,0.6645763632375152,0.5046698078773438,0.8139190920360188,0.3695908138042427,0.500453618951235,0.5763354144651196,0.5141111934095216,0.3047906827909294,0.5156502557643428,0.7697782563655585,0.670073425037255,0.5015111528013435,0.616899482936287,1.0,0.43472861930215223,0.46107122113188176,0.7316906342236238,0.15690389624597037,0.2636830085831068,0.6211199840858759,0.6149185323547479,0.3818264365308377,0.6870581807618757,0.46007385283551805,0.6577873080170354,0.7901319344306663,0.7134278368872664,0.31212938354043684,0.6568387097726757,0.5549256245567629,0.7664209930714747,0.48793202084859,0.14557238631425026,0.645939915260888,0.21870327865395872,0.6148809154809987,0.4209249855717363,0.15570923406818518,0.4373495664535937,0.7662144030014806,0.7521380946250801,0.49261984254463076,0.5090064937031007,0.4407597364717085,0.502229151258102,0.6060890170059817,0.45545267186520433,0.4990818985767559,0.40833609212286864,0.7462076407539546,0.5859060787289334,0.541168522477132,0.669463904261034,0.5145072163653402,0.44794246546900574,0.6167308173974932,0.6500581816020955,0.6014356967735853,0.5328427680021592,0.6322899494219787,0.534616071624981,0.5379001072908494,0.5630553273260523,0.39004801185954313,0.251631519707447,0.513998084396512,0.5394893696523549,0.2615227683671968,0.6979665270253538,0.03333181633547562,0.34512990842387004,0.348722800270541,0.5000120765438105,0.5098694881701424,0.4890783778778819,0.4224481038985157,0.2539298308892966,0.0646112405399858,0.726087750868684,0.736713704604746,0.4421503971832151,0.716774940021867,0.3943336421386828,0.347647434142944,0.1507946454502923,0.6523054858699233,0.13469186482804293,0.6385608016245135,0.14875770806430122,0.6217283133862614,0.8283860678041731,0.8560024294230274,0.7359589764950077,0.4527963788810776,0.7190743813438017,0.6800771458843157,0.4156540667094353,0.7343872728241044,0.6379577553395493,0.8557818470574238,0.8052320256548413,0.41537147702641014,0.6319253826763114,0.5450805442083881,0.6356866498062625,0.5707233658159286,0.4984931780638638,0.1620999763204483,0.20928518888342834,0.35602853748972724,0.34983286920965156,0.5461696264393167,0.5566138824995116,0.7060925187681651,0.5327451953071439,0.5414075690755795,0.30074328821621876,0.5664900544752063,0.46429181577106304,0.3343792635922921,0.7569111344771094,0.6033002509550075,0.08280702836944653,0.5045609523173721,0.524721342288231,0.5581413252102253,0.5271352698065598,0.32474566242357733,0.2891273019631063,0.23045313841236595,0.1551296878580297,0.0765559245595804,0.43975642255819164,0.15974205562418917,0.2591161184837409,0.5028948942455831,0.480769513429279,0.6766452818559452,0.6706983417713861,0.6080385088046859,0.4185897130361284,0.6251401231268705,0.45994645152348423,0.639670444313885,0.6347532261231466,0.4968712009932311,0.6535181407315495,0.24076901271276896,0.13088641593677616,0.23121903717794892,0.6258887567991785,0.6487349003509023,0.6974577893357646,0.07748118610871317,0.33120255804950144,0.860591527463122,0.5547305806724446,0.38582568054202415,0.30006501800844254,0.33261055049986,0.10666626541162716,0.08458192514311735,0.39196712460509386,0.34127780707658545,0.1388765065897827,0.20782961784909798,0.49139750997522064,0.6984686110484046,0.5904979670759842,0.5508401029075103,0.6379934428520422,0.4199036218406557,0.27630997525881995,0.25181255851356416,0.10457030450449664,0.31019568159940714,0.7020896882377545,0.5759213838701499,0.6896320743622822,0.7679221454830504,0.6310638271012096,0.13738405832589687,0.8784898731084954,0.14907743807242665,0.529943386320562,0.4211031284994132,0.26656683862157565,0.5820360978008822,0.3859978157533328,0.9047836515895711,0.577181464289201,0.5609963146643888,0.4333842043170537,0.3201675554708837,0.48122091705194525,0.6302694220587668,0.21237082828973633,0.5455060468331897,0.42023708399986215,0.49545187113844524,0.47882514632152284,0.6391309919427592,0.6217455939126451,0.6230124799145564,0.6508553781823367,0.14026626162371575,0.3842398646390174,0.6093000838618591,0.40575854726928506,0.6016983792514305,0.635603796958691,0.6231556672129385,0.6204951957410467,0.6217813495476365,0.6082741389505353,0.6684531095266241,0.622451030396252,0.6705103922664046,0.3036782337253412,0.6231373820542915,0.4194326887176991,0.3306129436943808,0.6549713548726968,0.48178948240252434,0.9496038360811341,0.8159597315785352,0.48007275143659683,0.4937988365591753,0.4565393375615022,0.6571211519665543,0.4261675579164792,0.49521226518294614,0.5508350644130724,0.5094227323136605,0.541062622559373,0.314739820622396,0.5800013163843146,0.5411789004372375,0.5143629736622277,0.60999710395273,0.6389841695056471,0.3358581220401637,0.6277824327482963,0.7406609370904635,0.739529394553101,0.7316951672870013,0.7331928405033715,0.7740086683162106,0.5898403664193359,0.6212198734225556,0.7541707239171014,0.7020884178129034,0.6254281527331498,0.5554360157324,0.5986733041163266,0.5767644608735571,0.6666031522834465,0.6344518256537497,0.7003358863597137,0.8133424676179807,0.71102143017819,0.45508217562901376,0.6625324144020451,0.28691347586873955,0.6644090974901825,0.720543911825895,0.33290090086979746,0.7716728172282258,0.5506366263077679,0.3552570897306773,0.6401253144990064,0.5457932381090063,0.6192487831908041,0.3624949235773907,0.6390358509040094,0.6572969766407851,0.5629377874676227,0.6629690020309612,0.7511568236769274,0.5995108283120008,0.5697378964535444
155,0.462955337116337,0.06930819301498391,0.0,0.0,0.41255151042728794,0.1852359559541767,0.12003627916395362,0.31437112657180666,0.0,0.24142903746362587,0.17505047122965903,0.012075281370073071,0.5274694955416382,0.029053205876064924,0.18963854415301695,0.0,0.7237121983380823,0.0,0.3139784082424992,0.17666049779356302,0.04047885341241463,0.6029441454373536,0.3503564166843103,0.6106288103591472,0.531043731543208,0.33908382884222876,0.23209515112796533,0.23646982724633497,0.2101309598195567,0.05479548970255644,0.003231923237253843,0.6783031213255805,0.2260464622205689,0.17377018851159826,0.4383994039862773,0.6674050203330176,0.5970008615023524,0.24175129524813657,0.5136943178137348,0.24383152533343389,0.28452957361904957,0.06323306356263132,0.46858956793958756,0.3910541191337065,0.045436396948394554,0.0,0.09505206048549007,0.6119931349144401,0.0,0.4878321574112385,0.07001629892985976,0.13059183058316676,0.1595646508727313,0.6663241772729731,0.0,0.6265504665489028,0.5348951615163524,0.46488639127833153,0.18782072498338637,0.5044192674774947,0.5609235376976728,0.017187112882969178,0.4683126369590055,0.45780210080249667,0.6046624896423903,0.2130995219281466,0.13221932106167886,0.4845367759772849,0.712792548519701,0.7503097001813767,0.24410521333226567,0.6113742572066585,0.28292155517264594,0.06539612268173736,0.5356731247373243,0.30507396316186247,0.4087621938181344,0.16291336402953513,0.044699962290845656,0.3514301952449942,0.9912903741183898,0.30438432935708076,0.1458070800346713,0.3470187107790527,0.31536059313355885,0.19289856087141252,0.5419685849710221,0.29406692233468884,0.0,0.0,0.0667613828792716,0.27567178532802095,0.2973960666038157,0.7550238793051578,0.2916603313038633,0.6230765395983521,0.12431943643273322,0.20870521773315448,0.27384182114205574,0.050099805727318626,0.33988018429883443,0.29834857872122794,0.15989284252287325,0.23735052964230197,0.58735627776689,0.5901128833960574,0.1137012620588981,0.19879898092690287,0.5671918043872511,0.7259306346203023,0.8449681354563209,0.6443932312443958,0.3631518052200579,0.3103899214679852,0.6232194863841821,0.5612872671524921,0.6299694495591825,0.47344900415648417,0.056374083447914766,0.06961325999047782,0.14796608464881733,0.05652852606021258,0.6210510053036089,0.1723111594455362,0.2159402581083622,0.25129075503574205,0.17241189717388833,0.5134433037134903,0.6157553332965066,0.6236592269814659,0.45477684979051713,0.18122371498509815,0.0,0.33294898138764195,0.262998435979305,0.07437440216226088,0.320703197740836,0.6903788880388471,0.0,0.7254792061273354,0.5792255755889107,0.9432810075733956,0.8856414560320813,0.6557175030094586,0.5084364611894052,0.5438977892882316,0.26391295973930057,0.5491934749326093,0.44116016539540914,0.564150552211106,0.0792421813240958,0.5572058909227049,0.0,0.0,0.11212135346705936,0.0,0.0,0.2800220674815153,0.7547892477855966,0.0,0.5219005661631936,0.3090739283322758,0.5011014278198556,0.7341802254063446,0.43673659874029663,0.7307113691579479,0.4711868525188277,0.3462866921368338,0.6729626139918176,0.13625098556307755,0.19354418790146175,0.5824458321999658,0.12796183005851255,0.04905079552191725,0.0765906839696198,0.08807620736160364,0.5264085794525882,0.6999506901889035,0.6558741054633778,0.5004182237944409,0.06851589970748519,0.0,0.017688972853413504,0.030062113557677028,0.5365324554507108,0.49565247563422316,0.0,0.3656602270305791,0.0,0.46939879170328286,0.8173218606432743,0.3162617002593912,0.2245505804058386,0.4526950119579902,0.538894992334468,0.28671385374452885,0.6755815983316595,0.48179871361987603,0.0,0.4076934927488166,0.06394128380566085,0.7030079737285674,0.04759876848692427,0.5543017700993725,0.33374660273065154,0.5401094435924575,0.7235715580688923,0.4778210616401854,0.30376618173900316,0.12167644860279746,0.09519690014607214,0.16822832599815155,0.7235975737090748,0.07916668457283212,0.022018059279712718,0.21901699206423056,0.07481793922628079,0.39615476194498495,0.44061674122674727,0.546399229427338,0.409272998105114,0.38814319184914253,0.6902547978786027,0.4532471301719197,0.14720122034528468,0.6925101969052726,0.0,0.6835365895638319,0.0189003769720703,0.41501888642452966,0.45327911364630524,0.5210392102710175,0.1969322910710357,0.480711573948338,0.22725230887665115,0.43204829330064337,0.2595201832128261,0.1891235183337884,0.7376458627184352,0.3245414599236793,0.0,0.6653702715084298,0.0,0.6391031360108886,0.4079536368393708,0.29928044960522676,0.04942588001060586,0.23090590986425413,0.29737781501410854,0.0,0.36416614062863034,0.1549491270827896,0.7289621701492431,0.714800932001703,0.37926005807528274,0.3115861487975371,0.3342474078318024,0.32014327497306627,0.3559107790556566,0.30219655834835446,0.1515923026162493,0.3217724514109576,0.3008764499283049,0.14867456717774755,0.27798504518619316,0.25493979827683977,0.3241371137701638,0.3887872898803683,0.168957690563318,0.34365179509897303,0.6462268224432588,0.26378517226879583,0.14100670918899846,0.14792207609003874,0.4729382348342763,0.6062909550477064,0.6019121089868406,0.1422746398377158,0.42498106940483077,0.3721052843870513,0.04712538446305915,0.35059111404422544,0.13650292410490023,0.6445644749292709,0.6646989617641416,0.8741559828836344,0.8297965111791843,0.17168642636088577,0.0,0.31490899409740447,0.6468905519400912,0.011228521774721889,0.6793986990410908,0.15761773395017595,0.23609895805490946,0.0,0.0,0.041899062442641355,0.7770649842853803,0.43298525533971405,0.5005370884751191,0.17654522914274007,0.6023304714905715,0.06266350278435788,0.7593112496363329,0.15504031114746192,0.09206263080174627,0.2175072636375938,0.5686402447507446,0.5678659051794291,0.3128554402691848,0.14315039433851698,0.5998656259760738,0.2292175969033332,0.6357034459314673,0.0,0.0,0.2287466448424105,0.6962868709639796,0.02457304547682478,0.7032960133342865,0.8020450959680164,0.6529498789366007,0.6726527429049802,0.3045885835754918,0.0,0.10607762730776918,0.08567529960886076,0.17281055523873345,0.5642352066323228,0.0,0.02266894106199561,0.5661578889588749,0.0,0.7034652156214203,0.05883995151496924,0.7154379139399293,0.06726916187996203,0.7020766844558269,0.5874699865068173,0.45950609049363694,0.676747943296712,0.6082588629889673,0.3548418474128858,0.6346606909372409,0.8701744023634258,0.18449705273099506,0.02625209485588879,0.6960330727779337,0.6828587424107663,0.24209130469754417,0.6005570948812318,0.3385303767652616,0.5610987391495104,0.9403640036271472,0.9114295105651226,0.6355665777945133,0.8882770162689638,0.6293719130993991,0.5852418000752848,0.08467406858249804,0.3743929265332573,0.1788913971768987,0.389541893032469,0.21019477047290572,0.3161237669690749,0.9197424722472423,0.8050425795190023,0.5331071543434839,0.2614095121643866,0.1353077566709237,0.23610678687341313,0.6712051076139132,0.8588626446832421,0.45251649421685697,0.4905847851790736,0.2614513545516286,0.22402368304459785,0.09444231677209615,0.006953312147316582,0.5390477975639782,0.5112832900445345,0.43799723593122075,0.2439737358822407,0.2452332143973629,0.661116195787686,0.6439992457174799,0.7470640423784416,0.7420931492725081,0.3903154502541919,0.7219913063799154,0.7468733377549748,0.14881786320180868,0.9624928146421198,0.45495025263554084,0.06039921443971362,0.15190700505459384,0.2757893546077061,0.1465125403284989,0.7591698520828885,0.780069130319659,0.7132811052456011,0.6679984603228202,0.5637700440595641,0.5918074175021535,0.6557158088365386,0.29126797312788244,0.21994111743835154,0.36194705672309896,0.15211989384370495,0.0,0.7870296391594034,0.7891885690391268,0.8278245298195844,0.8060117426074586,0.7582187850267169,0.6366432379918664,0.8201504614670383,0.7610985324831924,0.0,0.8136313953501857,0.7944666760264483,0.8323280675038249,0.11753636786541347,0.07574061027068305,0.5291760064076841,0.8275714813849451,0.8350506334153783,0.6914165231714207,0.13786460237546122,0.6358263123969605,0.6625448416865621,0.8247531225061899,0.7109955898659122,0.20571577630859117,0.5553959351260521,0.2456287951211188,0.28243344773263485,0.1168411844627948,0.5562391001106516,0.11009978737508994,0.2081187196108775,0.28157920332192143,0.4746886447810234,0.6123420476865021,0.4756162594188139,0.0,0.5122958390025555,0.4725378979005551,0.21640179512233104,0.1925206900241829,0.6483249568066296,0.6291535273596609,0.6182017909495275,0.40098416812608667,0.3266485608955797,0.09987173592702744,0.35221523339478694,0.8798164837413777,0.8227620156325097,0.4441483474494153,0.7161683694377159,0.3073359629252039,0.0,0.6365768877625032,0.9140058415850337,0.31283969509523796,0.3181380384039037,0.4307116083509613,0.1634002188625651,0.5038834537632876,0.0,0.19336504585664924,0.42519044600735734,0.3225490778542548,0.4382599446223057,0.4186594924453998,0.26430654914669255,0.2691915911095258,0.22448983036230183,0.2739200717431497,0.20642569998373966,0.4750805438662432,0.03746897521014655,0.5236667987167867,0.7877109731632718,0.7957903342817279,0.6326638906636214,0.585875868483775,0.31614637725794087,0.2694828074301014,0.19463557660076997,0.17297780365472734,0.287658544685283,0.4223095920461196,0.5568255717353293,0.4806944575615887,0.394833520916649,0.6656775492179255,0.640088424678114,0.7469539162081152,0.7335468848277533,0.6291028697793722,0.5297091711049381,0.42340395735530434,0.09918841391051637,1.0,1.0,0.7080956237976226,0.614440079972612,0.7074934302106201,0.7421821388893457,0.7327901704636157,0.7002858355812538,0.6247640293789428,0.7916789944387284,0.7706133269605234,0.6966725198449024,0.7392751771624358,0.8831578634463351,0.910355864757553,0.9114025667420718,0.9190954374679767,0.8278604239164045,0.7099543620114606,0.0,0.9297736685907295,0.8891455138263336,0.786726643612667,0.0,0.0,0.4589179128040277,0.7689928849502163,0.0,0.8495826313455256,0.5093595742036011,0.6750209005741408,0.5638806687874842,0.022852805966113665,0.6808013761853461,0.0,0.7792451959857561,0.5361259928795961,0.7225209950362843,0.4560306836896653,0.7064267443670588,0.8257691913338147,0.7354748477947357,0.9354790798784972,0.7068273573977369,0.0,0.7054499334784167,0.47078376411859296,0.06519200891251606,0.6567999270946266,0.025923173296583522,0.03559629929478814
156,0.47101499696760324,0.325121028453549,0.69760782531562,0.6466679157995482,0.5182959977808,0.6394361577775021,0.7481576209309558,0.3584033795369431,0.26459318607332843,0.2387734989747954,0.5336807358125166,0.35332889571176346,0.4170224482716112,0.662787812393582,0.15926387240803747,0.7791183234664161,0.5395809003533969,0.6866882454936257,0.33137611844808795,0.6029024926903314,0.6600650518009271,0.3973696039411281,0.44471442671151473,0.4661930564672792,0.3785818284643836,0.5897038049579908,0.254276699709483,0.6899822850798382,0.677356305895496,0.7658982746873108,0.12433591306279257,0.5653731477555589,0.6622418261199485,0.19381360911558623,0.6186208351776197,0.5568101425341526,0.2893506844971186,0.12398060760393828,0.537941192936456,0.1413352934889441,0.17879254221461316,0.31811774830798906,0.24911433720459256,0.2251808007112358,0.7352108828389116,0.6270251819590461,0.6877055199046422,0.37315711520203937,0.6314637912087672,0.40193646908403885,0.6546626097609411,0.1386448856156135,0.2788241954722894,0.5620058895317632,0.3675451036075322,0.5633719783431124,0.2757754725801605,0.35130342605546355,0.26921542973054924,0.21899938569635355,0.7853854517627035,0.2089111454587493,0.8398940098216169,0.3297302332639167,0.21368094061541681,0.32890889653206384,0.4261444253789761,0.5582428602633437,0.2835813036558175,0.7112823890161724,0.10275107516969666,0.14023200215730816,0.28086730595932213,0.14038344936429795,0.18231022955999052,0.9266122233813905,0.27888583036186465,0.28454957981958096,0.8554018316768003,0.32570987361631054,0.6967889495346331,0.2607641173118612,0.5747062799791307,0.3586271366012822,0.340881237944071,0.22354026555751172,0.3979078507087217,0.4627278452108896,0.7780888771782248,0.5227952563633619,0.7837374365090312,0.3922604617772395,0.6471582491021907,0.8472552892032119,0.4257530439887458,0.5083485666262572,0.32351726908697054,0.7257241277343439,0.33024566311107906,0.6947503005429038,0.5705869839004349,0.4463491244118367,0.3755482223792685,0.2463003506780101,0.2840518184007601,0.290873714990359,0.49117015322423596,0.3936577401309388,0.2722698215532861,0.8246955238895368,0.15050786045394676,0.477229516309925,0.4780142663789783,0.3648152078350752,0.6338086152922322,0.5319336601189093,0.6339932504056689,0.209079983717316,0.7057368165991357,0.25222224327109133,0.13110575862123966,0.19403939878039264,0.7156145134325951,0.4700497653417172,0.3813993089360592,0.3897813627090176,0.7364082472914176,0.34567223643966316,0.5413755288437191,0.16755375280170584,0.434606923075408,0.6679952490709089,0.5205629585318013,0.30337288716869254,0.1704182428932438,0.6635662901881013,0.2739631274674207,0.7370366194899169,0.41191141116897095,0.5698488944867476,0.644267257776936,0.9136463642392486,0.8101967748186146,0.6644836981324477,0.5124149864091766,0.5878115607167838,0.3625915741859179,0.5545944959336049,0.5192978552334736,0.6263605767979894,0.638403355245826,0.5303575673202726,0.3248609473263844,0.3270025306700374,0.6427316013885888,0.31006779113480615,0.3159928811705627,0.4106319416042559,0.5554745439311632,0.6097433448639542,0.5645822893098558,0.34850652526271403,0.5131988314808228,0.5497868954159001,0.306188542022329,0.03973843017631317,0.756011392830441,0.34375008631325665,0.6176028095768066,0.47502880592044905,0.3789973329363552,0.62940717850648,0.43288867853170315,0.6408785436650062,0.30156324137471713,0.24625389058425898,0.4091258562602505,0.7089941366046132,0.6357201338905032,0.5662380076164473,0.22393660923613046,0.766785538983134,0.7531303008227832,0.740815870260392,0.45661240788611607,0.4381225275843176,0.5486664768576183,0.3127170866607974,0.541750128206252,0.4301414657732053,0.5126024103878637,0.1552136356709443,0.35077435381353333,0.16839280626365644,0.5226045302598568,0.4522611871178412,0.4885609465862374,0.19587173667813088,0.6077383595964798,0.1661796601706792,0.2255165777507562,0.30784326757632596,0.4359475459168083,0.45586440326527244,0.24379712836982706,0.33973148838442646,0.7847920909436893,0.17845145133302012,0.8212570581171457,0.3079477791447231,0.7268981549432997,0.39599643397100703,0.7150805164864513,0.7233789181239128,0.5355650395428457,0.46797171797502873,0.4756142241083545,0.23292864219203827,0.4668545145776978,0.5229436346595343,0.4106100098752522,0.3734808912393461,0.658517012125874,0.7171906639183891,0.6324266214215225,0.5648337363363934,0.2973228497866846,0.6038147566034623,0.6715285397198139,0.6163098301112715,0.29774905387604356,0.5847738347563209,0.46853467377440994,0.5834027980089418,0.15315238973973708,0.8990613483444805,0.13620202684292881,0.08563797412173238,0.7405284425567032,0.5042897696385455,0.7408860420446092,0.5342519346052291,0.734482907484639,0.5086329478770993,0.4247868777924561,0.6824218703903892,0.16712174623608247,0.668763246215491,0.3593797196858184,0.6967983783325918,0.2086018512599835,0.06799930704159364,0.6177568349953653,0.6249778590361664,0.2709791499754888,0.3420984611538857,0.18199344640113263,0.4643737812076568,0.3035692278635388,0.4321248383116461,0.3492981212548604,0.5784043155428483,0.546910373722513,0.061851149093376814,0.5768159460459978,0.6681127142407031,0.5272827000582436,0.19120860469588397,0.3996232891500282,0.33823379959405975,0.4308336712849484,0.7793686229610486,0.7479067197634349,0.5839075566972314,0.14368393346518116,0.5669740267541864,0.5815319997692735,0.7105839472386843,0.756811665641261,0.3608173625951143,0.5055424451720556,0.35688475155252863,0.11572756098869315,0.2492831467883909,0.5378355733384002,0.8691058825300743,0.7903525114006474,0.5995483603592915,0.706128631645436,0.6135374234357396,0.5690976882373375,0.6205488131029646,0.7559206200324009,0.17304411951826593,0.3164054383736035,0.7430370603778356,0.7702908978337103,0.22933295232148027,0.7022564612623782,0.575033240220943,0.5482737840145865,0.38540579086707744,0.5497772371668532,0.16841803112397588,0.8215656042503485,0.3424813307984976,0.20969054743902957,0.19188196769423072,0.5181499993741461,0.6668303471628808,0.312054437960239,0.20397316610659202,0.5365815888803293,0.08907440166033637,0.49782462535234273,0.18741749582530506,0.14861663324941343,0.22375418307891837,0.5858906278773658,0.4687902442993128,0.5884155941706688,0.6203724361854668,0.5205770819876547,0.5431376874523834,0.3454289068740666,0.7687473351339316,0.11731395592386216,0.11080290966729872,0.5190457595029195,0.30349251626360435,0.5969545624220685,0.7418322098204293,0.7707646167862214,0.7317028215252173,0.6061429516066466,0.19535873233072443,0.6135044577211487,0.20120577741934645,0.6502894662026536,0.48300439905155396,0.33633121423362855,0.5663699723233598,0.5227062208019279,0.25719680951473,0.5268054342857127,0.3878985804271351,0.22316357370696446,0.11558835216217374,0.5732836593167286,0.5960816408940062,0.28414219810060587,0.44231687711325135,0.3030683529838805,0.5359544927293309,0.8143791826773041,0.8232375999937623,0.4666363052213384,0.7953259503907283,0.41273562924789825,0.3826304925348843,0.15046849948106292,0.5471353261114529,0.19423164068956425,0.5476007567909249,0.25530939018706095,0.46619217892463144,0.8822639535214182,0.7809780398514152,0.533458926958943,0.2460762707847197,0.29460062289326006,0.2477475485309527,0.3789478799185166,0.8014329716982956,0.56455397043356,0.722028142947367,0.42657130696260454,0.2829851851709369,0.7453037231270766,0.6831248978004305,0.44636615898631377,0.43299681574182314,0.288708303870953,0.24908554256840482,0.24557642318205222,0.4384838625550007,0.42232384308362986,0.6164704331771262,0.6244887176703589,0.5101046145626972,0.5948669204343269,0.586568022329283,0.08355328644808122,0.660276003303298,0.2164861812131917,0.26509183110956225,0.765413366379453,0.10509836696558134,0.14270626565850458,0.4110316361300785,0.40319960507642616,0.3990970013542645,0.3964732602256438,0.31557914079371685,0.2778239025788221,0.41696096962784707,0.2739271354218738,0.09177204296434069,0.30229447559218353,0.06459890851024196,0.28230664196700633,0.5828018841355326,0.5920559190376642,0.7221550540276007,0.7099170194093037,0.6293106767711644,0.5643682391705039,0.5195499785662814,0.5527996825020635,0.7463834248874402,0.47524164212876346,0.5663326903111713,0.7059652836841097,0.06661954610194218,0.06678915893815193,0.258602022698006,0.5069421255900142,0.52278887816656,0.5299928744936376,0.13044130740533674,0.3156024061852051,0.6130757721051487,0.47514810250533523,0.29270620213857,0.3653533567664797,0.4293126360035643,0.20932052566441567,0.12726559201221394,0.45490092386771735,0.43364396687120316,0.056151567031145475,0.20874528381574403,0.3669808859787586,0.5099256522265742,0.6141924843994846,0.4383345042367297,0.7464513250572369,0.5193866423716396,0.4743170956879952,0.10855102837721266,0.1129111651324385,0.5128554318549164,0.5450846920557789,0.43375546901068857,0.5895897526199009,0.5278260741942779,0.7524658817815216,0.39406666728745193,0.8340954230739223,0.17850795807143843,0.7561351536661867,0.7280467966188657,0.1717335998046215,0.7028842902066119,0.6962953861021703,0.7935195045002745,0.8765425249266969,0.8533356978799828,0.7744591161353912,0.6827184643782396,0.8483872842766745,0.7568520618259553,0.5961601355547844,0.5027806088510283,0.3689466285334513,0.48268537753144053,0.4676275674501579,0.3865002793245532,0.373174593739568,0.43034277592047404,0.4892402128281509,0.1267275592330029,0.48893488687000897,0.7490132318507637,0.5346499638967785,0.5869564109357247,0.6047180752511401,0.5252479012443938,0.49571847833303084,0.41661129301988953,0.38198048340607677,0.32478905524862695,0.3173688778936383,0.451986413436246,0.7025875278513268,0.7639873805986431,0.4112794633815783,0.5384751374501753,0.5826197393430088,0.49797632329485353,0.71959560585937,0.6665055389508097,0.6023464147548653,0.5106855493391974,0.4767716651358409,0.7687173034037945,0.5859126778447616,0.6288813624755539,0.6124972335336902,0.5595597709532972,0.6095026682367476,0.6509365315044773,0.6433537320070338,0.6011107438458749,0.5739867279334268,0.6503059349162624,0.693110130717686,0.45100160208286555,0.6056912035150069,0.8052119398569372,0.8004287280689414,0.7915272752236331,0.769841376146589,0.7550200410978047,0.8602773669296426,0.7529530951253064,0.8070862936049661,0.8150284714476997,0.787102453584988,0.6926065576809938,0.7148173593294054,0.3395782048329284,0.5184163169542317,0.7652337171702475,0.5328393889601087,0.4776215366565531,0.49718910451941495,0.23882490976688867,0.7862371231465577,0.4618932680664713,0.7786125717181777,0.47837368079583265,0.22918599046999147,0.5996091130298778,0.518345081280287,0.44836224997620294,0.6886183512093654,0.47360225355120256,0.5391569573954145,0.35838421537527976,0.7250873377377025,0.45399843271978396,0.47342864115965516,0.7914667379837088,0.5202124749036886,0.7466050853368127,0.7204477734409092
157,0.40822997763437446,0.6943759736928481,0.5389329874270511,0.6663559105529694,0.5216909487300327,0.53469918425599,0.6714487112937314,0.2775532574178726,0.2991769669715181,0.24636926441662316,0.4899196803303232,0.2228000293331216,0.5764018122623626,0.5260144775978716,0.10381960991348477,0.6432422785680038,0.27716023154695785,0.6435350934545493,0.22891901537156106,0.5643814025458078,0.5271563912434905,0.2344412358295053,0.2785610052645179,0.530061255959196,0.44230218807042515,0.40112514157362517,0.3324219426947452,0.5679426468017552,0.5547718727127819,0.6579288898074231,0.25216998901212384,0.4886670818941249,0.5974564538175327,0.2302100621614442,0.6190040105168236,0.46866966384651715,0.0786358676758039,0.5091533979286912,0.8841617567614998,0.16560108585521743,0.44270295159901213,0.20857312165855652,0.5195552554908496,0.5060984516680914,0.5557819888687183,0.6852053856238784,0.6854248935097219,0.1513839303752696,0.6873736745707316,0.45804096296545044,0.652498898923925,0.19599137928625246,0.5202368265950907,0.5145469566193657,0.026704738098920818,0.4404756606455179,0.7796739206183271,0.7641636088534504,0.24518866149377927,0.75885178808259,0.20489206702300486,0.12340092173918445,0.38054622265720867,0.4425082852998078,0.11283582972301769,0.07122016726186167,0.4922708809124342,0.37949224749837485,0.7624733752753593,0.1634477224427001,0.21150511533029667,0.6625079644486782,0.20870665145433212,0.15686707531609428,0.6019617039869105,0.7333552486246747,0.25992167203865285,0.14513500101286617,0.5770936078888818,1.0,0.6202642984756315,0.20363205788990985,0.7017200686546713,0.5218141218213749,0.28706779504832436,0.30778750278916056,0.3815686840442816,0.4861002852926559,0.6367748199222795,0.24338096876923673,0.6588170799104978,0.658508434550944,0.3225281921749688,0.80265707573844,0.42968932488623307,0.34480846848523133,0.0,0.6795703414988791,1.0,0.6374178510480687,0.5527341984105764,0.4597689444261845,0.23545384537365324,0.38330574349572255,0.8045378317895197,0.8110629920612971,0.44865146431315495,0.8398424356484604,0.8009813322463836,0.7754743559088798,0.24277803615101087,0.5362928178876503,0.24563975357831563,0.43053967049026964,0.6410196664525583,0.22296132518521258,0.6751410105987294,0.6320195581877758,0.41634546841711334,0.13413544357311943,0.23827112880163487,0.13021303727076697,0.6983648166717079,0.6577630428179261,0.3517472248167386,0.6056735639893065,0.5880571794104801,0.3526611922352062,0.6508381487696512,0.6902883075859054,0.3999848083874992,0.5007479010645315,0.3883503414981367,0.4497097661922556,0.14513675590434985,0.7133557818143688,0.2026510586510234,0.5113099932456775,0.35462542416437826,0.6804948535398797,0.5549890272027055,0.9351047626282945,0.8533064977328593,0.6771369178930854,0.5612726264368851,0.5471568108174467,0.19527201848359282,0.4751146624243376,0.5905366800038792,0.5710340866436964,0.2169868508195477,0.4664688476890968,0.28735131492514304,0.28924207803243907,0.45564145192480077,0.2674354742510156,0.2517184846524308,0.36298317707109895,0.6263807543764225,0.31329383910417996,0.4352193605229215,0.2071313390264434,0.2995434823690917,0.7030348192905923,0.3518348321078877,0.6489995967121229,0.7298420220840838,0.29870794470034184,0.6909109756811456,0.3143210792906789,0.3249225988965691,0.6295644633029719,0.27248257662130076,0.6425764923922102,0.03556322357144865,0.22894659932759948,0.7799662048802907,0.7218014725701466,0.6753136450236571,0.4964634799560059,0.3123840682839372,0.6150273940831534,0.6038076340305318,0.5792435630628733,0.5606081573705827,0.402346070553011,0.2921692692860065,0.20228395713594943,0.3562160182695099,0.4518379946988369,0.707822275360897,0.3248409773924122,0.26561041609334296,0.2510926163744116,0.5598076609783109,0.583616208984345,0.7698137824008916,0.28951282489587093,0.5434675195232332,0.04172235852476013,0.35700248850998617,0.60654236967354,0.35137220772940636,0.42896351557683327,0.12703315357290226,0.7702987260648456,0.7489182520203369,0.7562441334157605,0.8242977075899136,0.40811689021975034,0.5666322585953868,0.47668515247627335,0.6962066130003064,0.544572199194285,0.31793353394194135,0.30880394034892805,0.1575147282633814,0.7278996345242132,0.5463544431946914,0.5400799413176254,0.5974089164179557,0.3330594718536195,0.5997489628384911,0.8571495270572955,0.3559172000529963,0.47093749950565644,0.2664856725399925,0.48960292577425757,0.5819536485582842,0.4957686390525745,0.30679941937965755,0.6350050682952482,0.24728362196715012,0.6274634128708136,0.18752788254033648,0.9040221672107919,0.22171979309103018,0.43440288312002806,0.7427577226469579,0.7783277464810483,0.5937091744152367,0.48133288641194905,0.5985652600703066,0.46775279839072187,0.84570517353234,0.3471027758658029,0.38180304053534303,0.3305594995023474,0.2898198590265656,0.5361984019116542,0.7543095021895752,0.13671647976683518,0.6886903923868022,0.6688430557116128,0.396500957386281,0.3739642945632097,0.7274041886865164,0.6101308724645808,0.3184092341244797,0.5817004073480724,0.40117525014543054,0.5299982099023951,0.5071541099958647,0.29838229784834713,0.4721649514637251,0.7190766290037388,0.1321701081133707,0.14262454393492532,0.5649693751451141,0.3576769294984361,0.8002164244481922,0.5118006067365224,0.46424597241049587,0.3235573956769068,0.0,0.7550646563308046,0.7395207830151419,0.41867168730528853,0.9568696875390796,0.5547874337923634,0.4273136431301691,0.8787274011338859,0.5153569004441644,0.7163478585393329,0.4604813567936267,0.9118764134866783,0.9043973592273639,0.37895726773671834,0.5577095168510907,0.5646665835216074,0.0,0.43581675304526624,0.7564077940182348,0.18914820358235596,0.17725680364677865,0.6060999097039262,0.5927294339347051,0.27841785498352767,0.7989485604248824,0.7021015332351374,0.4589954861677815,0.7478440971200524,0.7808096872559491,0.3315380993640722,0.6866187392774525,0.17824073668426668,0.3863565347384958,0.15034143737724612,0.07745973219992155,0.6682597134579684,0.3045449708703881,0.4819109426866017,0.3924022426042804,0.1823225107174296,0.40843184019733775,0.5142804850078516,0.5044777405977476,0.28958646217564327,0.5054923147938429,0.4109508239782447,0.5087967825155184,0.6796306728522983,0.4376425918462571,0.4869448001673707,0.3852269468401747,0.757874611915625,0.5674622996574223,0.5294312221761741,0.7418895891061172,0.629762051461425,0.5024509636821971,0.6031955071345015,0.7124171028142927,0.6254869769597742,0.5219285694903388,0.1608192830040711,0.5213521520721373,0.13086423878548334,0.5461085195010673,0.38694035010169375,0.13163688801346832,0.4944580898061811,0.3952328570851016,0.057923658478517055,0.7594415026433395,0.6509107025712879,0.5565780415222739,0.4803211112421727,0.44130407982021147,0.45174207146157797,0.39212202805040325,0.37877125740811884,0.3248942752261617,0.4355885843201996,0.8124294336636829,0.8231985643835473,0.48310442090673,0.7798916222045513,0.43497829707968555,0.43358904030296413,0.13450669593097148,0.669443327025333,0.42396286146403056,0.6608152213418996,0.45453158537321864,0.5877817526192994,0.8634672197950514,0.8629119240906499,0.447460343786894,0.18464672993943537,0.17900965978115932,0.22433780575598325,0.530070532189007,0.9185178989523568,0.6686002503301887,0.8731961894439108,0.5498672809929259,0.36838170940286363,0.6084408302536138,0.5568288150393919,0.6070376847081901,0.46073965990863636,0.4997262540030365,0.41609637839428276,0.38111395100739426,0.5809095039214508,0.5707265589345949,0.8068070384013731,0.8111669420489288,0.5624385401764682,0.794880954345611,0.7900930201671108,0.15775930406488176,0.7912776164537177,0.05985729597051632,0.40931188130249363,0.8002566345133,0.6920203973906345,0.2818109370637845,0.7571737823725812,0.7814070924557536,0.7405656386340224,0.7399765576610392,0.6628298881388617,0.6964076022600794,0.49481810043086083,0.36468251890628106,0.3900527633513352,0.3934774069629347,0.24970241139489782,0.26429069398943156,0.7103173102075789,0.7088081276925605,0.8878498216567964,0.8590284243443383,0.7911246207579973,0.609391229388878,0.8410898777226159,0.6944258968228718,0.6194423791877929,0.8381798682206505,0.7457720341810664,0.8728260302574046,0.05100814720760533,0.0600863118853784,0.5942488108900102,0.8357892149208751,0.83910724106858,0.8110043677298725,0.49829644197721745,0.6824022158822489,0.8294889701964948,0.8149796372828177,0.612798765052747,0.12847656115834782,0.4946744186723239,0.3254120381128759,0.30482418806136763,0.5127987609552637,0.3735087046920652,0.03418508439993149,0.2125398253330324,0.6534943021597708,0.6772898948917028,0.5893449476964248,0.5647307931940371,0.6196943911208231,0.7871801935782213,0.49241753347922756,0.1292227783037745,0.2015176262646171,0.29619704589123075,0.8087339071162903,0.7768801382573955,0.6696740219574708,0.6563467945901357,0.6448119811716496,0.4004205758876479,0.9284563933843616,0.24863398008511964,0.5450745283152831,0.5718325576470586,0.2566767054520613,0.5770854451075185,0.7766885268644951,0.9942188142204446,0.500685764964096,0.49047589757821874,0.5558573589616421,0.2754667179917658,0.6024604762788772,0.6172626813224766,0.3451653942032529,0.6907560335587881,0.6018240824771551,0.5174777245519864,0.5018287868000733,0.2446742452070557,0.2501792864044185,0.12023120861653623,0.1706462199264558,0.05214472340116823,0.647656063679222,0.6046178805370133,0.5985443165790953,0.6601756988307358,0.6771423106821404,0.5540848562823175,0.49169058979884533,0.24913520921364918,0.20996778329792706,0.14321494915056954,0.1482513912682526,0.33080255082928817,0.3866493349054351,0.49560519441064854,0.5770179075043401,0.2769243882831852,0.48742630199500364,0.6508945578099428,0.9022684670851594,0.5906012516790455,0.6591427944284677,0.5559543987871514,0.4505422674626477,0.6557075471801675,0.8843707277175562,0.867199520202656,0.5314476569969646,0.7147826163004063,0.5357373264638498,0.5704174481375635,0.5579832828225147,0.523443396201593,0.49537169808982223,0.5592504774899073,0.5199795162922738,0.4907664869077785,0.8552122025131748,0.7497536423725795,0.7507316273163503,0.7418753199956465,0.7889868376410344,0.7675681795802005,0.7460855631502636,0.621490858591658,0.7146844940160018,0.7153346947217241,0.7065166436303663,0.5354651714281218,0.5899655833819695,0.47688156604522525,0.1708752665367683,0.6034470460461793,0.6684738523745422,0.5854428871054996,0.550515116729965,0.6477287188509254,0.6231058266051328,0.448465049148945,0.6210259731688113,0.6342891146908906,0.40792751299503927,0.5709441536835305,0.49233605191962126,0.663284375870851,0.8673897735120643,0.5252116124232052,0.614902876378427,0.7249057440556105,0.6255023994938459,0.7128629475964914,0.3826702663089403,0.6480850282584154,0.3035423484265146,0.5873905858535279,0.6198366960771969
158,0.5439492027920507,0.6867312887205851,0.5409692099411462,0.5534015946333377,0.7074599290122032,0.8425824997753321,0.7532144434100296,0.4357048733450393,0.45512458599155975,0.35371675359792315,0.6004567924785104,0.3103933659195442,0.7267025934460092,0.5015205353822113,0.6691069095809143,0.6667308132122153,0.32308419556990486,0.6329179624638204,0.46667800956483785,0.6003362678437217,0.5079499648147443,0.500103503595575,0.27734832810304805,0.5298725043850703,0.7031030432607204,0.25061362367362316,0.4991529031982058,0.883720430219589,0.878220103453036,0.7739057487311098,0.13561399441529512,0.5446606567985508,0.6934239979431843,0.09818643680856745,0.7470179681184361,0.5455464547870685,0.28736269700947914,0.4724271735258925,0.7066745948191191,0.10569542533689427,0.4216978200320436,0.2539693723682581,0.2328906550654836,0.11922796078413353,0.5812576882196396,0.5644553469763144,0.688823072282581,0.4773654732942454,0.5588845244990289,0.7572112592385997,0.6542089937981719,0.17660465858908755,0.648598563873785,0.5392771236486462,0.049927888495113336,0.5906456548267282,0.7443177105573878,0.6031248021592404,0.37381684004748617,0.7179399172603538,0.6942620148759903,0.28995932658280155,0.6788300591778006,0.46530786068978325,0.13629337871378544,0.1390188137603905,0.3982725298540613,0.14248999937386764,0.08191062282491257,0.7029886756445539,0.16738170198375504,0.30304942596848383,0.38538449966663596,0.08663392861683927,0.4973530276058826,0.8491239151543919,0.29278617766896714,0.14092944272578237,0.7773057465208776,0.3707596092733679,0.6723006186315863,0.4014256780393283,0.7525867803387144,0.524260471013664,0.44704269843624755,0.28742705645710825,0.6172800810346775,0.41663075304920905,0.6659850584150548,0.49809984762860227,0.6525762899586638,0.6267869897816964,0.540745039784904,0.7216373661120176,0.11911934617612599,0.5458083197797952,0.6990885187508633,0.7101526536503194,0.5263444007623974,0.6520471743188957,0.7039781680189077,0.4346101368575362,0.46184763270158796,0.11041033522963349,0.786298031561316,0.7770719412891351,0.6508674739403685,0.36605850305536836,0.778743847891843,0.6927705665896965,0.8795064343235524,0.6241632219075066,0.27388734633355577,0.4296286141172088,0.648131456665969,0.49149979803932337,0.6683157444831319,0.5220983766806144,0.5316559339575313,0.1382828819192331,0.16345340029904265,0.25074999495085537,0.7457073323929816,0.6941525795036018,0.4518180202966129,0.641315091458915,0.6963187664186048,0.691232976156752,0.7185861538650147,0.5470945181019166,0.5149190221488045,0.7250009853360004,0.5031057879579061,0.060594641329316655,0.17005074496143857,0.7049845620291507,0.20944260953237892,0.35467242709682695,0.18988551838930676,0.9045525241046575,0.1838643039830133,0.9835007135886132,0.9666413506944359,0.6944705997815211,0.5799049305861105,0.6231733912703955,0.8344445257783235,0.6505542340755562,0.5136673120365852,0.6237672898169878,0.44563557042548113,0.6197863684805806,0.6095456810620894,0.6117642874002395,0.5979753028502898,0.582545767379841,0.5612949854371271,0.3486360714930748,0.9662606697098667,0.6254276721300246,0.56382290258733,0.2012719732732914,0.520401473234721,0.9261365769837597,0.6057831631732052,0.8609178751853965,0.7598252368894384,0.31195086127920924,0.8124700650007873,0.6787331831257841,0.36153191960680603,0.6372251714934714,0.6458595277193606,0.6861119296028703,0.5550272130488129,0.40058092796087386,0.7888936335970286,0.7021495252176413,0.6592770454988057,0.5747663764119708,0.5802473202432711,0.6558409672735818,0.6532303411915186,0.6238062552304178,0.6393388055249856,0.4111041834708336,0.3445116500207889,0.4323715662615544,0.35574490202711423,0.8359505995292942,0.9387556336804919,0.2198153628179252,0.4360017092240937,0.1806099005477422,0.4939844450614147,0.6340016458125861,0.7998436174588489,0.5856140995703878,0.6809535652969037,0.15279666175436463,0.6441018172153616,0.8142240346365525,0.6580512457841676,0.7291288444286713,0.35049214469250745,0.7398037130807602,0.8054419099063895,0.7072655319950237,0.840367801486484,0.5919658734049323,0.6280662704975812,0.6377560199117221,0.5221645438841952,0.6777520617989347,0.27221068687490063,0.3632791239949315,0.33666284932654816,0.5498473978476491,0.2394812833201021,0.569512901132723,0.6279350246638828,0.5360133490924407,0.7716523631690109,0.6264545019806254,0.1132598741498253,0.553656249646931,0.5817139159472887,0.5651321182649416,0.6094958529708179,0.5246932314794032,0.6781949459237934,0.7612801497231229,0.0997848357885082,0.7449857022411135,0.08821652587490614,0.7889093172430016,0.1521223772179657,0.47794763407092256,0.661426358089281,0.598032379050161,0.6359898176967034,0.531777626816846,0.6263471667458516,0.5640405128374957,0.5149519937173984,0.7156406359488531,0.5100285783393831,0.6991734527907467,0.33431408993503126,0.6308219478248355,0.5689454268158568,0.06235893410569598,0.797544259181068,0.7670094518777951,0.5069473762857699,0.0,0.5278018073311542,0.8639431768280177,0.3069405802767332,0.8503356412745047,0.7443298697905667,0.7213740360305425,0.696107453281577,0.32257982424726006,0.6941178326755434,0.7333327018377155,0.5389370190569099,0.17152169710299953,0.49498617244846715,0.1289293118105212,0.871354444907201,0.5176053516832719,0.261490883541448,0.331735390935334,0.05164409806580948,0.7761566582738938,0.7512011205231782,0.5360954637727378,0.903734598097488,0.1947491954727144,0.43689661943970615,0.5044885862319805,0.5444189915596676,0.7396960431899864,0.6943330004945879,0.930849482123061,0.8892566013674773,0.4430128944847914,0.6863099454017375,0.5970443054357248,0.1906953611379231,0.41832313546550604,0.6241922523073392,0.16262109059951216,0.3952582172542756,0.6496715462138772,0.6628004113428813,0.5187129423897947,0.9516701289988226,0.8547668451597961,0.5511976168626335,0.545793059943518,0.8403577876724105,0.6160574995203553,0.8134661769728624,0.14702081040663129,0.45854732673958576,0.22333602845523232,0.0,0.7666336602445483,0.31380357642595474,0.5518961737597752,0.5025860589111122,0.15893663054738916,0.47714994048593484,0.48777811491695644,0.5208056264015927,0.4267809749804404,0.5639585779972331,0.41098746144505804,0.562609864106913,0.9656681214934101,0.5122387852014588,0.5244796470028736,0.11557635955283153,0.7831485626633073,0.6079057373310034,0.5664067308418526,0.6612087663448588,0.5026551474261824,0.48591791826608144,0.6552832252446507,0.7081846364944275,0.62821488624069,0.581549767445456,0.12490068174085628,0.585783243536037,0.12044305796158843,0.6318456192035692,0.4400343567507774,0.30345363579973234,0.9367693916072548,0.445148924071384,0.23371848488603864,0.847016504910708,0.3705698543087509,0.48796594978694446,0.38768481776795227,0.48206280764123627,0.4958423256266717,0.251550861459318,0.4133310346782811,0.3427408393784211,0.5451820176276968,0.8279125242749044,0.8353715959467739,0.7109852877403373,0.8197091927562029,0.6619914643001362,0.6953664695706289,0.14562509269955776,0.4739762081430009,0.33987381785615883,0.4672582669924138,0.383894564458664,0.3536819430900653,0.9012489912244114,0.8191446038362348,0.5337895987403473,0.3214284818450918,0.13587916840115688,0.29069392263868926,0.6517114980144446,0.8766711242484505,0.4912566487716957,0.8270166894368582,0.6600335111328628,0.4276691958559773,0.6608622114246795,0.5312897435730931,0.719994396189091,0.6145351227813466,0.06361949076845107,0.3745258827430337,0.2797952059586262,0.5116118495525683,0.5006081954212539,0.7293558160382845,0.732481216313738,0.5680793643579132,0.7149105070793205,0.7237111131257028,0.13144132622917823,0.3880868419235793,0.6232787741992711,0.3681572999161201,0.7328178170390421,0.42990959258291045,0.20064028156871103,0.46511684988781926,0.4775337469645323,0.5482124306428461,0.5047023907231108,0.4906287361707701,0.49114728394558244,0.39767110518856563,0.3430057802072587,0.2441187389725249,0.4636109114588414,0.34002676626074135,0.23928224432572714,0.6484881534775356,0.6328679458613022,0.8378115651278834,0.8250658763632251,0.7949395735291505,0.580173285752755,0.576152050030302,0.6082375266232549,0.6605115954959534,0.5816648961126692,0.6437884498078751,0.7943508966786527,0.04477667303319467,0.04624676538092583,0.19640627008106104,0.5861853416749089,0.5856256746260754,0.613200872358073,0.3413022479039479,0.4177991217575677,0.6690217629902818,0.5388377008127369,0.3405161537039932,0.6776493118948874,0.48145279504128596,0.3373580507544947,0.3122383952491226,0.5968644918161261,0.477396258227115,0.018589342068641268,0.15309712161128947,0.5078904398495252,0.7792481201692781,0.6873329967391625,0.5574073507261986,0.6500303721754577,0.6636475468619876,0.37536232225786476,0.0781943150880097,0.21701288397381666,0.6272965082528652,0.7047307798905982,0.7244266275835013,0.7049480226367609,0.649461824242174,0.6538005986297081,0.22888385976788586,0.9579797243303041,0.5227678815194308,0.4677573322915954,0.7156671789440194,0.3543421948361183,0.6005343378540525,0.5470722902662717,0.9827826778362077,0.6007309838641138,0.5660955991348656,0.49842282139138616,0.1835097677594931,0.5665745894219286,0.6690396022321256,0.3740835698020212,0.23631083237665357,0.1929765417653376,0.06759044164874171,0.06496984726879142,0.33383784685101886,0.3602205403374222,0.6359315016596454,0.6948401388748734,0.9574795699630924,0.20054383393391598,0.635347472706386,0.1377190184967194,0.2954973635953312,0.324692949423047,0.4099049717968957,0.41450860475968765,0.4574896045494573,0.43363411974795757,0.4513925387473685,0.43814481544716405,0.538682939777405,0.10190994208632624,0.7406170942844895,0.05258831228616193,0.23047454629495603,0.7092800742129317,0.9276184720570215,0.8378572327847555,0.7151649100390282,0.6644726772419345,0.5494563314634856,0.4964475414841411,0.6815187320135078,0.28804978467211145,0.28873719938251863,0.5885712578155486,0.5004846152552638,0.5773936747507304,0.6237256315150491,0.6190248617934527,0.5762234767013659,0.5554380435217828,0.6207735950256547,0.5814306502366099,0.3728312274241635,0.8142474188679703,0.7733015045892502,0.7741627986557038,0.7648751753990143,0.7764007299668012,0.8727788816145284,0.6807813415838554,0.6569248879197589,0.7932562006492804,0.7716912785200833,0.745445237268996,0.5746305915426865,0.587127644494527,0.5568121032544376,0.49176989638085056,0.6518804341665556,0.6544081541773656,0.8292737910967919,0.6024448561799792,0.36720352570712256,0.641095295210041,0.44728429858283086,0.6348618678576706,0.6477249319192713,0.308771702643277,0.629315685260674,0.565984157234448,0.5903711530855376,0.7841646449553269,0.8815281986589987,0.5557067597134501,0.5260397294793236,0.6554622965645212,0.5858450429661946,0.46413027825743336,0.6352499578650255,0.5651303964324729,0.6065951028097699,0.579850701405686
159,0.4597692177136681,0.543127977660751,0.5716419101802039,0.5714343468804086,0.503715191085371,0.7532709332902663,0.7321015556389825,0.6331147527942743,0.3566955625585636,0.48619547002161784,0.5877250810902382,0.43339240490908026,0.45153661161572517,0.570081584179552,0.06103346543521025,0.6846412766718374,0.4498833378404011,0.6683264087829306,0.30844078361832916,0.5962007117605784,0.5402973499103084,0.22172200020085414,0.27378447865650124,0.5319385567396362,0.3412544289976798,0.5174319211226293,0.4109858349953718,0.7970252222193692,0.7847173424425583,0.7380942965426966,0.08319733446280829,0.553617762410653,0.6718388239876294,0.2329135100107565,0.4693006934895976,0.5420580737719166,0.2664353279433847,0.4201179985193864,0.7048693438987479,0.15994266111689232,0.41454295513000333,0.36078862775238363,0.7057152945111196,0.6450654645405448,0.6500259432151386,0.5924037544146531,0.7378207959424751,0.41526294055510166,0.5801571302910251,0.47525643270789697,0.7016987778351934,0.15496753503337168,0.8298113492577858,0.5459643448944168,0.4804969496470814,0.5772089069538986,0.7144471266311276,0.6004362361495748,0.35513400691508185,0.6935462926697809,0.3264889333161979,0.2636013746071219,0.4252851343753536,0.38964567958158414,0.13958397796406843,0.21648392642923664,0.4606610741575166,0.578229728979366,0.8124354978204603,0.4409491540044319,0.1274699532232566,0.7062410553635952,0.39777805898410934,0.05850885904996174,0.655950859650107,0.863165713673952,0.3084831934650741,0.09883584976164392,0.7909089700270924,0.7878053549360227,0.5647102656852925,0.5477667541216259,0.8433007709769252,0.42396541523509607,0.6692171506643467,0.23159517026922463,0.07142161392683097,0.4005704223886145,0.6785099497907464,0.5162108574661526,0.6920343009356584,0.5203523357502602,0.2988862999874986,0.8129761453180233,0.667924349648973,0.47858241876263596,0.5601932728751396,0.550617680786774,0.3099571399326125,0.46261386952305794,0.3938770681785681,0.5178150418273854,0.43507150811383793,0.09598894793791589,0.7429305305444013,0.7535161880661925,0.6707174511040451,1.0,0.7417433192939302,0.791632304850845,0.2746074379570534,0.5862765931052195,0.6365141364205256,0.5159661829165622,0.6107406343330833,0.505630269129291,0.6167320082868152,0.6471484933407085,0.5650574591554188,0.38275248634222664,0.18104841617307152,0.22617486696113362,0.7718007489594382,0.28367959474025206,0.4848541279590691,0.37264285268493497,0.7265140800705637,0.8962677823528744,0.6991932816885407,0.7374378622068247,0.31641640671592547,0.6520190825387766,0.5323639189888183,0.5157542369676925,0.22174617293163693,0.6968346262337511,0.08866134353030575,0.5504752029190381,0.2752238182498266,0.7054350156934385,0.40526416349212335,0.9431882379621783,0.8534009528693546,0.6439754324792681,0.48811034805222964,0.5295005621829151,0.6942045554634185,0.5286274942881074,0.6771828823289798,0.5782394799592834,0.609259093599395,0.5640510587192196,0.505081371659152,0.5124158698681985,0.6602370911973806,0.48083959434269713,0.45460508373061886,0.19592017778264403,0.5456733614250759,0.577398746436743,0.5649932918799623,0.17349485485276767,0.4286483857393542,0.7318226340188961,0.44211729944061595,0.5671021784524838,0.7340704865267984,0.2924639963145932,0.6725716150387593,0.6583833070207942,0.4079511000859031,0.6162472998790414,0.626625477957313,0.6247766225418998,0.5239338185019075,0.3352120205078763,0.7331756105709673,0.674452068262225,0.6082675131641524,0.5708048148207946,0.4177800660552482,0.6643365934623394,0.6468700931008159,0.6004449719538828,0.3837628474395576,0.0,0.40826256043553344,0.5392679479749364,0.41583215307697424,0.4895989677267922,0.7308912003270256,0.0,0.5039696505816341,0.1511986452962731,0.5268732032700064,0.471095557984954,0.6552000521743517,0.3267779964958797,0.5218235540631688,0.07017483637618488,0.5130957322936619,0.9438514352503309,0.5250282317224909,0.9280390923114143,0.3485798905480008,0.7201051548330084,0.8816824888413761,0.6993362097782561,0.8496972016165195,0.6332112745827979,0.6112471855583621,0.6761142726954175,0.6805521783402751,0.7319316874246642,0.5619483840222773,0.5310880145407127,0.2589729693705438,0.5552236273107458,0.5395722265172231,0.5295393098910864,0.5721642179202704,0.41755796717839505,0.6301788870333976,0.7824896200562522,0.581348055317428,0.5531712238766978,0.48818988457388796,0.5268710503973982,0.6039180742937189,0.5332258746735369,0.9324437203082812,0.4288730598892997,0.5134313817651044,0.5355150397423558,0.15335281619499977,0.7527166552815395,0.13552294881146643,0.35908209745933534,0.7673241487882793,0.5999140961101388,0.6425184275791657,0.537193691327895,0.6258390794857527,0.5345437441166361,0.7780446874772252,0.33726990992936556,0.2696062882187679,0.219730127410364,0.2831922182121208,0.5687770991696753,0.5737580869070538,0.19710837050727348,0.7951330625122968,0.7896524622397988,0.6003958022381959,0.3383230379287418,0.5344049327884232,0.8599991157322585,0.21012927157034722,0.85418987878469,0.8422755569831075,0.8842612592811113,0.8769618687687691,0.22027502955474168,0.8925698791030969,0.7153085688395083,0.510379556398266,0.1708290506579405,0.5070448315819518,0.2231359815183838,0.5520694545408914,0.46439147903513617,0.32279002114892186,0.5818478201286112,0.13723017829129552,0.651321614912972,0.6971670834545065,0.5887236857795612,0.8070492691405431,0.5971731874410253,0.4660314145816398,0.3515885517023423,0.7060695237110164,0.48813520478177985,0.1758521855423906,0.9122354850799916,0.882896294265303,0.4944502113686877,0.6075603843046504,0.25482560954127986,0.4041579205692523,0.4368239560970641,0.7194368792119528,0.17329658156593658,0.32056107086922864,0.6516556611394847,0.6355697819271177,0.3583779580788444,0.8513221396595917,0.761922971607638,0.7025009792786574,0.7169956705214159,0.6834501757943383,0.7041007928752032,0.7563666724393354,0.352634006732783,0.5933118210466032,0.1659929494881382,0.10411322612195308,0.6232487543734073,0.3099870171788978,0.7702498977532982,0.45881628056390916,0.07312542983055546,0.4872568242233233,0.7375002709091397,0.7357416430535093,0.1196768598532557,0.5670404567447245,0.4433896168876963,0.5717749017651964,0.7290137768977373,0.510698607702426,0.552764481713397,0.3646215143068564,0.7175177487764589,0.6775914273543798,0.636324105652441,0.6112168492140807,0.41533831554424133,0.5128285066947803,0.6487359892858158,0.6955859377963864,0.6388710486312371,0.5918292674650426,0.13886568691703124,0.5970630677897746,0.12232738708320373,0.6349811036685118,0.45732859668421877,0.29900472382095944,0.5231792190497907,0.508929869790629,0.2576544295444685,0.6746622195261266,0.1603449000161949,0.47294969942278337,0.3756905725118174,0.47729996278661097,0.49661211567585795,0.40876943037893865,0.4079423186913708,0.3022205266435933,0.42025065646841736,0.773319192520037,0.7707851213888783,0.5187545075848514,0.7458657576204346,0.4676867539445941,0.47034629879146433,0.14570356238561902,0.6773878465041885,0.1173313241780429,0.6760864192570976,0.15480850230036117,0.6599819314642259,0.8612958027273593,0.8188838394879128,0.4927425400324005,0.012648126646008461,0.10978909269066128,0.23123307451166714,0.3491622188563639,0.8242634223645264,0.6704803580070092,0.7680935839842195,0.44148672421339696,0.33935910116616563,0.6614554116063864,0.5396330397113642,0.578740810837781,0.5552499380046632,0.5257531694560945,0.1477047053305424,0.22060812740470526,0.556226562254223,0.5401411989458978,0.80205688334757,0.8071770486769984,0.5958060596973208,0.7895921073270061,0.7965279173514189,0.14169930496374716,0.8268070420225403,0.23052343922943994,0.4998763898216986,0.7464821047531222,0.11139409775552557,0.07984082368596937,0.6878050958153171,0.7108529916938858,0.6799692001551425,0.6724460795492126,0.5373087536655868,0.5467828548862147,0.42401539762346446,0.11551385160245543,0.032519262694070704,0.3848511096148316,0.25003963839205556,0.2962608137318945,0.6712143959869056,0.6619666991010683,0.8902143753331588,0.8773928113170758,0.8512035750681631,0.7434000327127757,0.7806762959627592,0.6630511396914708,0.6648345005713129,0.7690401035779615,0.7008466821279722,0.8602358094355353,0.11738097433950354,0.07359922429773476,0.16361796320956434,0.7752239792012411,0.7739931654244671,0.7354754250701977,0.07893790108488014,0.6146971737385591,0.6789361149086279,0.7380345012420728,0.41072353712624765,0.28889942503349875,0.43693251296207225,0.14183540273710385,0.04441901477386503,0.09256779915105073,0.5482789451992827,0.07465550721906482,0.21542297141227923,0.4912702989156162,0.7191828644118273,0.869796259522575,0.4136690640058866,0.6725975818487767,0.8528303938068479,0.4994544053716566,0.21166292094084557,0.07054159417553629,0.5235431351261188,0.6594121616130916,0.07724630361087208,0.62208635522698,0.6225535979918589,0.6658931827576883,0.4089901135905746,0.8547250333765432,0.17801737975280718,0.36767907147049533,0.7772351339442124,0.19020243386465627,0.6019473167695158,0.9980714289368552,0.921764868640866,0.4553409211961648,0.441160312588843,0.583905787146606,0.36718766385402707,0.7142411282667617,0.671303474945628,0.4363036221687104,0.3970730706425851,0.2582510529205443,0.2641451707451146,0.25021257266237307,0.5517628729107888,0.5642612125411681,0.47714694289439924,0.5287076246468633,0.10047353119955997,0.276180720766857,0.6140450890756193,0.3267650252222285,0.5629781011467592,0.6063545925111905,0.4616194731475358,0.41612135588979166,0.5587657547875559,0.537835906700273,0.5661139188415026,0.5468787796080228,0.5711123867502657,0.36351313873455354,0.5566230551841732,0.20420625574083595,0.29169222046616267,0.7726173720705198,0.6327445249337496,0.8944876159023987,0.6166625671130166,0.6534639957739682,0.5534459421532313,0.4065846632494679,0.6775679361580608,0.5413128274462553,0.5992994840893364,0.5999413664598208,0.32726459620377035,0.6040572102447553,0.2741398727869809,0.6270837161611389,0.5887199508122505,0.5665778746458138,0.5691947702218424,0.6039288108416422,0.3700186644616702,0.679387448066746,0.7712492220067128,0.7749496327672746,0.7712305135833442,0.8002181065735152,0.5680429786299063,0.8101558699066848,0.6468719119900097,0.7757675174519906,0.7860828821583101,0.6672348039972008,0.5777823128139155,0.6288290625387306,0.31118499764435636,0.7045634171563264,0.687634864762487,0.5983167833262848,0.6397257177712452,0.40573234250965373,0.5615556855236825,0.6755041013981908,0.5537917195871543,0.6544477969733657,0.5207215799970861,0.3428848206760494,0.43445872313473044,0.8507482379424575,0.6743549372526575,0.8604798485232141,0.5766430957522317,0.47104511204298044,0.6785155286731317,0.6748191697646105,0.5076935026430941,0.3132282982412347,0.6932638390095208,0.5909766188212023,0.5906247257531515,0.5782763417378542
160,0.6787972174483067,0.5904117099760575,0.5974135550105621,0.5723650795926215,0.9139180370075898,0.7340544313675884,0.6309224749241241,0.6706599664374583,0.5599886935463695,0.3955551479429715,0.47001900526107243,0.4434108270331153,0.6325883822756387,0.5909997264558005,0.0707275388004898,0.6958920093148752,0.5460780594460383,0.6638936413754924,0.5572503777602756,0.45167782072259616,0.5552103531215884,0.40991316402452393,0.25343340554966537,0.5687629595890727,0.45223505085450544,0.5358215744471394,0.47030783606080157,0.7744237359780977,0.7633865504503453,0.6316753745699425,0.08566446497197183,0.6312186762773024,0.5249200884408173,0.0,0.5036372761369647,0.6054447247915288,0.24224001446388585,0.40156398944657057,0.784601043022874,0.30567503937467866,0.3936094208477615,0.2688014080764914,0.3852702741535208,0.3569460262753523,0.6237136122591412,0.5957307297481913,0.6712519536215169,0.6361888881878922,0.5950083183102158,0.598444041096499,0.6352262754379906,0.16593618384817518,0.8300635956335465,0.6377728736317394,0.5258416735859976,0.6567771150682108,0.5194537004343375,0.20654747691425462,0.16317064560727332,0.4789490515060079,0.22602422271245354,0.016676579538850267,0.38256614096879965,0.33835788064989186,0.15048199890404831,0.4444952985039549,0.5266832575081366,0.7360989540303714,0.426489526683785,0.3199892195691327,0.13952137024850997,0.32154433213300526,0.20089981351215072,0.07828365015421723,0.19865119260617675,0.929747686978656,0.3599627898349394,0.11213617128026664,0.8770274558974119,0.19765535422638228,0.904752891358575,0.47023329436867,0.765950252959388,0.4208887803723368,0.7169613267538052,0.2598973057504452,0.3184311911374426,0.4965229049891012,0.6875288451734232,0.5953093708225854,0.6978845212885314,0.17649914669372757,0.2392327618884565,0.5813905846315645,0.27073442061988234,0.8859684999106364,0.5813161533106025,0.5835502478982816,0.26375677397630964,0.510404843311031,0.4226036268480218,0.0,0.3291044844342282,0.19963378525379263,0.5341443633480579,0.5016641705152168,0.627657442755888,0.5892514484088466,0.42303924802076354,0.5674064552274615,0.8403382513694154,0.5590654546241354,0.5233745044591352,0.449102533505445,0.6391601018839768,0.49194579777565517,0.6430323696222722,0.23053615715795536,0.4912173414036014,0.48813957146866627,0.19713514456531941,0.27051735533428184,0.8024047729334989,0.46213874262671595,0.5497067460530269,0.4018717378872233,0.7141246985621855,0.4831619591043713,0.9274539347519789,0.32669438902778564,0.4715298544072973,0.6127959920023218,0.3953976505908288,0.14136948578987912,0.001842438678416208,0.6437040817348041,0.316988300604101,0.5096688817666846,0.2576149929091433,0.7283355053955853,0.5750561405385238,0.9468530657832052,0.8885672618199237,0.6717151808383274,0.5328927274487119,0.7299919378104617,0.6145287445012643,0.7062333677364555,0.0659967887784511,0.5772728023740601,0.5408616139859055,0.7389920562449016,0.6789044562004782,0.6714821671940648,0.610938700275622,0.6443164725153508,0.6659797985472669,0.21248425539384772,0.72338322894972,0.4997897857342245,0.6913013401396398,0.10379551609381432,0.6836847701051382,0.7162639340372858,0.6226953223339025,0.5129194549906471,0.7317393096066709,0.6287146221255354,0.7220188694409226,0.7325423786936981,0.5083509047307014,0.6058869723960403,0.7052925089131513,0.6357036352403495,0.7314863883382965,0.504189604945208,0.6823570625647374,0.703076895073471,0.6510057257233952,0.8855597638097211,0.6664806295361948,0.6758668088344557,0.6640869871964538,0.6281839059093827,0.4499932521983484,0.1423567618810558,0.5106856943664648,0.6470987221091692,0.5221630356004359,0.5332674783282068,0.7576179986857235,0.08884209208948585,0.44389728510772586,0.16530897765752586,0.5492271005375368,0.5418524034860704,0.7070957057405599,0.48823747979556514,0.7449781553323029,0.11474272421039057,0.6094529653753563,0.6820132818565309,0.596552486734951,0.5236554209865368,0.3578998788606848,0.5438360526291666,0.8927641507932758,0.5284834523418871,0.8547523341383854,0.6000337290335898,0.6822659708702319,0.6292089279714574,0.6428450628164534,0.7232170783878501,0.43407654844552196,0.3397183997387029,0.25263594448837867,0.38971572658143844,1.0,0.547331866274042,0.5767635768497377,0.9978605817224564,0.7449505447731509,0.6031697033969238,0.5277086522477411,0.6158350245535479,0.5980588134563825,0.6216526884918586,0.5579532589359246,0.6639246643979034,0.43223892692731875,0.2588491771686293,0.3508948643064837,0.28971089447419107,0.21621145163200997,0.7741061497616711,0.18034214701733403,0.34305119233901454,0.7034780534786403,0.13941562795346002,0.659015450605441,0.6345158133552317,0.6351870999832225,0.5319799625021937,0.7902008076393188,0.4619561162060365,0.22919552496701012,0.45078305518501216,0.31998029244401766,0.5822461495906901,0.1019333914119659,0.1957296654401,0.7295421019492575,0.6696276811299522,0.33989859741077133,1.0,0.0729543792915525,0.6711329875141466,0.28929745354017733,0.6305357225200149,0.4989838880437732,0.7296630020163899,0.7134223945856683,0.25373479973938784,0.6945986530689958,0.733694399325778,0.5297680915784456,0.10969732722856193,0.41800418777463605,0.15224384533096977,0.8254312222623946,0.42542235655964206,0.41763701672297127,0.19329452527065452,0.2786624660167098,0.6649604733015517,0.6948523195610575,0.5207924446271293,0.6454755084559242,0.5246989175399994,0.461612425162114,0.644395370299334,0.25894400857018085,0.4517558139484933,0.4253698613678481,0.953851770501424,0.9367495960177175,0.5781985073852572,0.8044094184097454,0.3665248853313091,0.7343952911560494,0.5169149417899671,0.8691703968956535,0.15047946022777794,0.47790491114628225,0.6652626633462191,0.6552093935092368,0.4320669323252574,0.7662461233515315,0.0,0.5551050190703898,0.5447962378357148,0.6753214765994998,0.3427604846975063,0.5770687697789487,0.4180981268851839,0.5738268251996497,0.22294229604515092,0.15333913843792835,0.7575748192585118,0.30219634069901685,0.566318291895393,0.547419694254141,0.06747085515982987,0.5417156800251289,0.790462981347254,0.7746404319882471,0.1953810168014506,0.6429493128190181,0.4063579636471925,0.6420662174392833,0.7221033765096665,0.578022629434964,0.6050149079670228,0.3767565012758898,0.7442849286491643,0.7774864957870593,0.7568582660382334,0.7371847590344695,0.5401568661534958,0.4889253558440815,0.6572249091785285,0.7245795692413877,0.693868481228528,0.6567505890368706,0.1760424470382241,0.6632436110332794,0.1770852769774202,0.6788336117656741,0.5270367496549789,0.31377414909431045,0.5366380195375141,0.4816712844435619,0.33288787307884116,0.6906373155802396,0.4425577067042082,0.4397539541648346,0.28305503373400603,0.533137145809092,0.5312500495380451,0.6067098235851417,0.42383209637053726,0.31708211654729834,0.48138735536661875,0.7923752054732409,0.7745425008519194,0.5167374692113409,0.7711333859821877,0.46751656644149336,0.4898521681690087,0.09922082984801592,0.7016989022766257,0.06777749389904232,0.702074990419808,0.09670713304615235,0.6434749810997888,0.8528051113500179,0.7647867072002714,0.5329199891009405,0.25464303974152075,0.15051750250834814,0.28053664216823204,0.5116294397611912,0.7651472972172543,0.6927627215606483,0.7165639703803146,0.4732530897309288,0.23964162710071524,0.6664728436245153,0.5785074491853518,0.5660784272606212,0.2306071420753804,0.6663508899282304,0.07955027530007028,0.06637564085594228,0.8372157342038002,0.8345103680385333,0.7281544887405818,0.7163983230236747,0.5248500855818459,0.6987712608379556,0.7194929197024859,0.16622518553751817,0.726383172284101,0.34506233314389523,0.5034885608031929,0.7248819055506059,0.19571287007128518,0.08483902097110949,0.7998040199443669,0.8136074117609031,0.694383022955268,0.6435800705652236,0.6591601703577367,0.6852837517707517,0.6511701864446743,0.04904769799754308,0.06577538668394915,0.32058275813660003,0.1579855787542007,0.3646562504103733,0.9055295252524093,0.9024370798401937,0.810725301735286,0.7782605035102659,0.7318906978409428,0.6248648005562537,0.8571669818871641,0.9019063883379458,0.6582173818131047,0.8450640819689438,0.9173240721402,0.8173238897371896,0.14172975305563612,0.1436314597244728,0.040175485778156265,0.8581181478197518,0.8509645664515743,0.7934161349837375,0.06864625539225198,0.5583099696841488,0.48248233034940724,0.8197467321258985,0.5147844207218941,0.30543439633512276,0.6627801534414671,0.03557101731202283,0.08408313439682054,0.38443479862387697,0.3795091671726192,0.12481519036405261,0.04710277674780944,0.3992372181258431,0.7339883113493642,0.5880020617644381,0.4480078436869667,0.6857776342375382,0.705337133292324,0.4549534364939998,0.27837076756367896,0.09897776839532567,0.34869914403420166,0.46280927661875987,0.6027878754514414,0.5964198905760097,0.6174568567561399,0.671912104279653,1.0,0.7441979134788135,0.1905350704429711,0.5245829121141777,0.8698766402787981,0.17462079427810698,0.6176506366964998,0.46498214099558843,0.8106728718957579,0.5066495217135674,0.5473236279214367,0.5418029765697386,0.30399728913228474,0.425430722904055,0.6934793811822172,0.38202658558629615,0.2991756833764717,0.10896676172270886,0.10673527196551544,0.09157822282533723,0.380522961673287,0.3930343506518731,0.3954823001507959,0.46072427941670785,0.1501005696704084,0.23486766449717653,0.6606286163802276,0.22258199938722034,0.39616652784367123,0.4362218739582954,0.4061706395663572,0.3932374129591974,0.34753110710723384,0.3190675965903453,0.2213950540967093,0.2090268395944126,0.361328987962755,0.3780050216693287,0.7163573187790055,0.05818483283504263,0.5171384507654061,0.7404141801839313,0.7508474666880488,0.956995682333855,0.6208454405970454,0.6675141769500338,0.6825666240186397,0.5519970679219633,0.6808895971219602,0.4169305900450589,0.4240223259286874,0.6688547334633513,0.4666042366115873,0.6665591002254178,0.4982465897988702,0.6980880286925147,0.6561160460050328,0.6307478397750858,0.6714431011951814,0.6268817205220271,0.1947149922368969,0.6789450497738584,0.7996505619679809,0.8047057514025318,0.7857396355568558,0.8039849683809581,0.7964828054761128,0.8216688703988904,0.6835844843873562,0.7223804374942098,0.7548514347368513,0.6866559631987829,0.5680192252972824,0.6538222882382946,0.272216636480573,0.5088279624720076,0.6686111649932038,0.7738737106069566,0.6535893640115964,0.484238793155282,0.15138495832818938,0.6737805030730941,0.5320939398459736,0.6621797775092857,0.6231656710090316,0.7889813773471881,0.7013360506494687,0.5320260443613174,0.8201745106883797,0.8297071239667243,0.2901955700100621,0.5346873041396356,0.7902376249573235,0.6961998410617505,0.3570152044856135,0.42008778548812115,0.6725171173534548,0.0,0.6369332376358824,0.6380994850491118
161,0.6868976958679385,0.6355506337516795,0.596441504781356,0.5649586114697432,0.7215119172193539,0.7328220903821299,0.6490234165330412,0.6832130569265132,0.5791618087914333,0.4030533521230766,0.4336713666676443,0.348400863204915,0.5516257965018948,0.637818961942739,0.027006143572133767,0.6980248141706095,0.6457783734146987,0.6650685444376607,0.5757562770547999,0.43769005964520796,0.574389297318114,0.5090275460154756,0.0763579431912291,0.5626296408780376,0.3606274938453377,0.339544100068987,0.5757634496749319,0.7826885923698613,0.7712166550875357,0.6541553842258693,0.07752513946552228,0.5917086187601496,0.6334739223214462,0.05655945737636156,0.5085096254086036,0.5877928541138547,0.2233991481754074,0.3847625041637125,0.7813656147997676,0.2816469694538127,0.17853650152795686,0.282414439116327,0.38027115227546976,0.42929993659654,0.654385012467728,0.5973897697138405,0.6742311081423442,0.32527902384431934,0.5858103972806712,0.6013832116198753,0.6458152231567528,0.15888325913480764,0.6952544930993845,0.619614926722753,0.5334063205899027,0.5868716510065202,0.5237610035798913,0.4404859047149749,0.1710058470281517,0.486568414427654,0.22008008835828718,0.19095716500402646,0.376969952276496,0.3328456950089297,0.15655029477461566,0.4500077812172835,0.5273097757942335,0.7487819355694517,0.4267295466070472,0.26570199496967484,0.20146699306507596,0.316805156783545,0.2594339049073963,0.19666606054378702,0.21978221709039675,0.9297909804791554,0.42269383253021864,0.08612687694559497,0.875074080427745,0.21766086262512013,0.7185681490222408,0.45954257214870636,0.5734320697259323,0.45279871983236153,0.7168992492488265,0.28162520254008816,0.34831183828441276,0.49956505190273987,0.6978737717151804,0.5052007940711912,0.6837218095774267,0.24684669834760256,0.3180858585520121,0.5794528885140603,0.2855710030913402,0.887443254371017,0.5376234064437867,0.5777467849963763,0.22642999551460824,0.5105564270424774,0.41827471925381626,0.458268179781882,0.3289751930863501,0.22328110659352518,0.5436275734261885,0.5205825391981352,0.6762482288884818,0.588938831748868,0.5335748256487105,0.5550320724369328,0.841416318206832,0.5217673151319936,0.5273860779766513,0.3556251244418891,0.6372818470205884,0.47847550891915724,0.6401866831555697,0.23518391399046976,0.5155524220677279,0.47039195578746185,0.1955784141301058,0.008421943978913606,0.7987633225540562,0.4570120823305843,0.5554856988636686,0.39501312319154297,0.7160335259966488,0.4672621419079258,0.9389097393543844,0.32899677699232344,0.24948597201767142,0.6428284309772435,0.5187473941983379,0.2509746219749397,0.4513116655185778,0.6610413741358161,0.2682466732214991,0.5016324931570421,0.2254725431850773,0.7272448789584399,0.5603907290964814,0.949844940370686,0.884648002516576,0.6732505884063863,0.5239075603767279,0.7068833136575184,0.5528156166668793,0.6855274880972009,0.4941754728057157,0.5660399962057879,0.5635170726208225,0.7056305411978604,0.6650766927815714,0.6596155223854709,0.6182062987983157,0.6393357965579847,0.6684203983663974,0.1888133960665377,0.8195033432613031,0.4931147342693078,0.7241298233767015,0.22942676486314556,0.6638395957551835,0.7702091956650764,0.6302541777592776,0.44663084393051206,0.763925466777352,0.315241331074347,0.6948921214907369,0.7286227722078783,0.47986629645388457,0.6130597573642592,0.7187157730800513,0.6044677422153302,0.5768494425362304,0.45352185995992617,0.5627589062218415,0.7041484871833109,0.6292495228162793,0.8998072524329805,0.5942235330686679,0.6837567795787767,0.6528206829875894,0.6444602445508204,0.6355981601640512,0.40252398747025353,0.5109831225174364,0.6254192848375043,0.5062387183712181,0.6330864174557891,0.775298671861775,0.1498581000063682,0.47748919437243476,0.21055287049184518,0.53706674377182,0.5437188240132905,0.7289376506283317,0.3940660807803399,0.7836335595716367,0.08637800651662442,0.6059401408820062,0.6814841574170715,0.6086327597097247,0.5225234462696284,0.3861724193167959,0.546203216205173,0.8929564480099988,0.5140325714299062,0.8630097294046065,0.5943617709952057,0.5483027518706669,0.6335254680783144,0.5346998097782264,0.6826166552737715,0.4320850141729198,0.33234541528978895,0.2867312294355678,0.4166716123861434,0.9743079206116948,0.5189743683498443,0.550356258441534,1.0,0.6972923822727525,0.5716327758635399,0.5025136268215566,0.6208197197004167,0.5500817644690662,0.5829966522212525,0.6614573471884031,0.504511030589571,0.43148918836065847,0.2540475395422533,0.335946676946578,0.5275835705860058,0.2038124756630918,0.7658992674140395,0.23938327096971077,0.3569648779938581,0.6263446734633181,0.1340521285436227,0.6583665263581574,0.5880870508345651,0.641654320504541,0.5955907504805181,0.7911176501136159,0.4545533827367672,0.23740961584651044,0.4291430922575565,0.27888403796183536,0.39387100600363206,0.11666402636177463,0.169236808009686,0.729762954061371,0.6506783522738611,0.29063953361027633,0.9927633387423587,0.08325344760942603,0.6662850433955289,0.30086488319949595,0.6328633820334328,0.5530502424329459,0.7307030702070351,0.7173167561101745,0.28114772155342427,0.7047410836648633,0.7459171174656175,0.04171145069963533,0.24812067391954334,0.3817645857483294,0.13293077500319006,0.6880827986589618,0.43568429765086325,0.4139615180304855,0.30730216378802594,0.2809209330694683,0.6969605860018399,0.4211735650004696,0.40897141631733674,0.6916785454563078,0.4535349409935376,0.4999452754325068,0.43520222031519296,0.4451351494558645,0.5273421361607793,0.4493001032868391,0.9510941294008862,0.9525002448646234,0.5903987524245975,0.5958298576174348,0.34268162801719926,0.652047952763466,0.5602963332929531,0.8296115151743865,0.2111438352636793,0.48945537145690715,0.672633271186084,0.6529579748316953,0.4436187492973392,0.6543605791909424,0.5671428535487921,0.552400718251971,0.8154018041473063,0.6974679752119249,0.13308363708670087,0.5777925585207426,0.40818682318982147,0.4473471973734699,0.23015908823482784,0.39936074974581154,0.8511001568388238,0.30154193075866953,0.5542772479190844,0.6161605605317676,0.16222286276038633,0.618705037358657,0.7845627776625299,0.7802671792105181,0.3354376660219606,0.6267419794783211,0.4268375719960638,0.6282819425432377,0.75705001462386,0.5626512992569646,0.5851650216536929,0.4418444718508769,0.7620462340922092,0.7729640989494563,0.7552271334119167,0.6687772386357794,0.611448606144734,0.509027346683762,0.663805291060887,0.7135414949220484,0.6377608390660827,0.6490250374645136,0.19004969759782073,0.6576199461924191,0.1746141095264951,0.695686834917821,0.5243191416968997,0.33463605236339933,0.5077456262117167,0.4855193318748523,0.3337163254226297,0.6146528265071685,0.41484271346277035,0.43822121236600403,0.32548826722116153,0.5235994433498153,0.5147228243951678,0.6101110651441747,0.4421173973585114,0.315487972946742,0.5642172192283379,0.7646144147910955,0.7812326267166498,0.5168781442793791,0.7423043606753765,0.5029090656739825,0.41088763627691055,0.063987531827783,0.6961066463979755,0.0585104713694421,0.6834824175409021,0.08788432855963446,0.6180614500739875,0.8414329176811851,0.7862242622255812,0.5329011836891011,0.1376885763737028,0.14695344626017987,0.29688973534671703,0.451439040639631,0.7431561644073783,0.6755442988395379,0.6895648484849555,0.36684076302647123,0.28595157408910227,0.6809094546122466,0.5892946524416305,0.5602990104728821,0.40715304141175473,0.4832128519247198,0.06682447239881795,0.10062092975882493,0.835054284501076,0.8322344028181922,0.7297223678794599,0.7247682198147798,0.5456024849380685,0.6950820410481153,0.6967201149425235,0.20372852197750269,0.6262165601128935,0.24618622167193902,0.3573422269282231,0.7127055181131375,0.38287056827794547,0.06653644216497817,0.7967470976954948,0.8144766210037762,0.702112190336071,0.6495954308204452,0.6531542570079987,0.6713298305738727,0.6186777653564167,0.04502283099412027,0.11252931779777046,0.33012253623930654,0.07310592477483191,0.3134760891109396,0.9162404798253131,0.9064514137520876,0.7809958171771758,0.7617709069444323,0.7445609813998418,0.5491099643917958,0.8453781995995021,0.9006054171497782,0.6884304029394293,0.8459077046071768,0.9038277609154928,0.806556239792236,0.12027035238269213,0.18112899404249527,0.24820888631787674,0.8534147119984381,0.8485176393051346,0.7378786651597627,0.045192919889328866,0.5744200572455872,0.7061245316221477,0.840325358186834,0.4565196314264351,0.29862304855900534,0.6664609362189121,0.0666312022103845,0.0945305261632186,0.42959913370359265,0.49555442761194074,0.14347024296741215,0.20934633984376683,0.39981503840711136,0.6623456741861043,0.5879603654193108,0.4481122048942879,0.6788605003060298,0.6758153148091132,0.5119719447386223,0.31841572601127605,0.09708766985109224,0.3496299962582335,0.667763070306167,0.7529346731378945,0.597351543114256,0.08721578314953353,0.694562781049614,0.997281737890603,0.7565171392328999,0.17711541366233044,0.4579239099148641,0.8273294723009849,0.1989158248290852,0.631128502751067,0.5965057243093209,0.9033676274128349,0.5399845953552529,0.484450113823561,0.5392590223296484,0.27875532254582935,0.42516223371119843,0.6923137249593523,0.4860996805507014,0.28577139060948675,0.08876137337554711,0.11280222440937819,0.09877602319094231,0.39252748417292127,0.3736034317647277,0.396804232314664,0.45694655101934484,0.09097235446146033,0.2154462328730456,0.6499957951851997,0.1927944583069639,0.3965873228070406,0.43744475429096547,0.41491127830164626,0.4041728698400235,0.3378741960932966,0.32384095287227327,0.22214448085576707,0.20724374259958173,0.39192014347427473,0.2680155335366408,0.7623721129350081,0.06741895671478187,0.526484435720642,0.7716261727215666,0.7283403891596677,0.7500207613447203,0.6022228371042666,0.6716820550912969,0.6539864670751309,0.5532948589732215,0.7026039739129208,0.4740793675284356,0.4849152823021683,0.6679891460836286,0.41822877688882343,0.6635555231004756,0.43237854585285124,0.6909553226074518,0.6519543229295212,0.6046006791336946,0.6884811743889103,0.6862715448636488,0.40171492725366825,0.6491745768764906,0.8003839605173128,0.7995725829069168,0.7864337265362975,0.7963888008923122,0.7165476614806889,0.5142947091695861,0.6669106717413138,0.7412250621964255,0.7489302332280953,0.691421563497956,0.6030127084547581,0.6052512869838005,0.32328193690528456,0.5334920493541855,0.7083591748666764,0.6402230413633064,0.5920010991324327,0.6686639610028665,0.4100834752748833,0.6772345781152,0.5739853433259746,0.6989770500674934,0.4413395123352073,0.7739597651898907,0.5253630478188055,0.8079548359438375,0.8295083480919967,0.8202323657876839,0.5258381111657195,0.5073702507371415,0.76891835784191,0.6863667629644389,0.3583661153016575,0.39296568166886486,0.7214430416059903,0.47799609782823604,0.6285792341161106,0.6599246435823971
162,0.4278078421598233,0.3524291735519146,0.3754698589063822,0.410797482995049,0.49462049352644016,0.6714209391314452,0.4746486351585782,0.29482997951386297,0.2893386828477971,0.32704176939898566,0.2237966134988245,0.279467028147416,0.4650728585477239,0.3980237895907524,0.01683954757324506,0.44875324553508816,0.383992703497024,0.45218375722666937,0.30379903874535696,0.3751271107968499,0.4082671103619906,0.4446779324210939,0.13697005110793498,0.4217640991280269,0.5117726633462754,0.5605282252824514,0.4610509615694101,0.7064223302687128,0.6926124447003424,0.520600921200948,0.0768325777194883,0.5208675220363339,0.401740951383053,0.2691892105777295,0.6864519451139817,0.44372561833992086,0.15321341994689444,0.34425138639760583,0.6655505589129699,0.2878607419993602,0.3306351423409163,0.16654795698723293,0.4462137124368105,0.3068569350060897,0.38549826332842085,0.8440338904266443,0.464860281797428,0.40520164059541525,0.8334688442325486,0.5467851455443434,0.408375035053319,0.14212567357309674,0.797671146305635,0.503095115411556,0.1029751498673998,0.5272143763643864,0.8849794070342756,0.7571991333512943,0.15288845109533536,0.8743950286943238,0.4293143962141353,0.18117481531152158,0.3296564830254076,0.8569906709548195,0.009301064744342176,0.22128927817005314,0.37941552703461773,0.39990799372807523,0.6442893182017656,0.5250409315389913,0.376558564169395,0.5407787787673977,0.21586734067747929,0.12732515513273668,0.47272328382404655,0.6305460849616321,0.07800997213629308,0.12260379917353632,0.46547992197038934,0.7322807278520315,0.7454108129424228,0.37527486375482194,0.6576487350104867,0.45867024784161964,0.29388218310188524,0.2691257891843815,0.44056038340368725,0.6223732788004488,0.43508030522684266,0.2642052340992763,0.3901902951960176,0.8473061264662609,0.07195331164992663,0.4188007454819621,0.4432795091380138,0.3162588277635351,0.42250918464180065,0.6156800898812949,0.25116631767260983,0.5544717050626334,0.6417484169021569,0.25514749422173905,0.42286100693752615,0.6969807669285265,0.9239809935924232,0.9163080400163164,0.32709950665873844,0.3206151438744609,0.9189877874868982,0.3632344319956548,0.5522556404004116,0.572284996068373,0.6041596070175025,0.2564620507228364,0.6045025576878394,0.5070719311763919,0.5969521711115372,0.5079839212753222,0.24489952099221793,0.27147802071004845,0.19265007478783636,0.2167023319436699,0.8168076782642523,0.4053823411896692,0.5763178842013824,0.32903363153399384,0.39039892711825264,0.012965457352910948,0.7246616188402879,0.5529702145467658,0.20086015012089278,0.28350335873740784,0.276158990628724,0.152747264889431,0.0,0.42520872692318057,0.26051524515145413,0.6409669838462092,0.2756270293365657,0.6105592216405463,0.5191427570343052,0.9258035622561037,0.853371002007025,0.6463908770398931,0.48160280583023346,0.5528405549954588,0.5214377973235601,0.5170197841711252,0.38444748503281256,0.5573401897406586,0.31633520010272115,0.534056845951737,0.49703643666200786,0.5046260354600072,0.2170011849027584,0.4668351706093206,0.42891765606693116,0.1042265059150124,0.582563247608241,0.3361207995680981,0.4898438374970672,0.0,0.5388678672780693,0.5797372123509393,0.36451797515699624,0.4330059230534388,0.6660779595596993,0.19243070225787445,0.638976219443601,0.7207534380058094,0.15367678395597176,0.5862956293951304,0.6892130856888615,0.6605771636167227,0.5715328940200322,0.21956058033080153,0.6759794033261699,0.6725526728594209,0.6275919240427938,0.5822539979992832,0.4496713633399567,0.4195126924484214,0.4148325768141324,0.3908553351767885,0.32745059226408646,0.2451605759430581,0.5876280172204117,0.5307257858649367,0.5886890946908749,0.43481072067171345,0.6405251800390207,0.27192903388726786,0.4514036799830173,0.19469078049042443,0.5459929287696339,0.5119657348426294,0.7849111738304005,0.36974687109571897,0.5601302375326583,0.06778183435127894,0.5635518158907418,0.3960205201866397,0.5491404947284835,0.16765464564946214,0.26771919802766114,0.8475546504925691,0.7345377252872658,0.8383515400137546,0.832118292705865,0.3613260962108806,0.41447461696361604,0.40040523415250096,0.595622553529034,0.34712110907203686,0.35753724729659275,0.2417549982668392,0.2770675311769133,0.71612951583919,0.3812441475049768,0.5655963521811482,0.5391920781192947,0.37330015148132695,0.592408518736531,0.6342372073141267,0.6128443224374518,0.46672528366327776,0.4471686915023664,0.5139512744675659,0.3569952328978149,0.25913472957070655,0.3006236844110482,0.6628989649096348,0.2901161785891158,0.6483437187639259,0.16499594447372107,0.6771627660606794,0.160268747184878,0.27405963012224316,0.7627700091315379,0.7709122128908893,0.40594589270119535,0.5023169013162117,0.4030521704080262,0.4204040357284703,0.7160285703303307,0.47177374501448344,0.20611511755088138,0.452254593026053,0.3018143334485779,0.3856290822642132,0.7444828367052433,0.20227142074780674,0.5589003698256456,0.653867120248499,0.6781304523004935,0.33255886845939714,0.7234800626397002,0.29049590059161995,0.31603909493704346,0.2672127621699923,0.3632392824268626,0.28625998908665834,0.28676678109957554,0.22569062537919002,0.2807622337326464,0.6479081647850202,0.5257601308117268,0.11889288236666162,0.5019109573187647,0.18070967568987073,0.6587466351813087,0.478502789939884,0.47295764166687704,0.217683871245572,0.1520454196459988,0.5937473133536633,0.7394469248852821,0.3899908580180666,0.7852562566846625,0.4612470751002623,0.31820943824389053,0.30946215592994625,0.540971840249359,0.40565097230846886,0.5212844138713681,0.9739086697126809,0.9531941094220474,0.5962536626382485,0.46364287824294537,0.43550355970480165,0.47442311186706804,0.29916110037716714,0.7275049435056837,0.1701146770207025,0.21331681431588134,0.4361697348501829,0.39876414102960983,0.20769852125740265,0.7991072808868992,0.5890856740442842,0.7168116540016478,0.6395608399813479,0.7110264841950168,0.3728222648452569,0.5547013399640192,0.423926865348851,0.191337582641498,0.2487207786068099,0.21337310101688997,0.8155456893586612,0.08485179902598984,0.4068514735126118,0.403032943635935,0.18638062017331392,0.5074480081902318,0.47645536306664993,0.4663667611438859,0.22260863088871877,0.5237784098144568,0.31277841891081487,0.5325753675521785,0.5583684864521375,0.4662023667352933,0.44221705038829456,0.24024472328094332,0.6432313591110059,0.45751207794410886,0.4179691775263006,0.611418705807768,0.4341397407898305,0.3034796476968487,0.41744570559412053,0.6029977986940556,0.41971635464203283,0.5664263103009335,0.35315450932099285,0.5765934461458031,0.32430891248367283,0.6096475954951831,0.4333765642034629,0.39937817875172005,0.39682106969315084,0.4054242113855297,0.13191938683687623,0.7154649283976363,0.5386025047761379,0.3619475497755669,0.19355529168701935,0.5877418825970064,0.5674696078233098,0.6778755636194279,0.5260844965166016,0.32234366255833985,0.20860640819692983,0.8133759960438347,0.8043325688376733,0.40095330318904354,0.765476322259559,0.33413764176268357,0.3619432041052392,0.1292961643652979,0.44394389544370855,0.07646173657143235,0.4439770965562433,0.0635930291846072,0.400823596571839,0.8904798179396547,0.794906590854738,0.3888766043962406,0.2695894512749892,0.45210362555438,0.4280019943288881,0.3281818266554616,0.8166410866135735,0.43479804199723704,0.8432798751740185,0.6793390406305445,0.3026128538366576,0.4241639770626813,0.4042095018609955,0.5269140981019135,0.5590676708427561,0.4809092530139735,0.07780456384192327,0.055141953232811784,0.6048922612843364,0.5973441404420315,0.6176229929197604,0.6153339165297406,0.5207534061592256,0.5893071236209729,0.5859610900089604,0.025381263620502855,0.7707011311837476,0.4359088804205777,0.6726873312185917,0.7980105908126094,0.44152233786709244,0.0,0.5379185777022917,0.5336188519968447,0.5762926673751796,0.5372922891085744,0.5384094773576461,0.5396445787763263,0.6788483335068741,0.017196986781594266,0.315498783617425,0.3717421557732825,0.23836535932654956,0.22478193165911411,0.736139872018374,0.7136799181737761,0.7341410177553875,0.7238519008431378,0.6358342878224051,0.447504307977475,0.6328112719883399,0.7293499964502507,0.4227029884412484,0.5668095328596494,0.7483114708768636,0.7448204895269472,0.0,0.0,0.6166403914128562,0.5912861702365608,0.6206284101771637,0.7024406074096861,0.028803250758845128,0.3208717230162845,0.7697165358492745,0.5301205237759848,0.24003347463302172,0.2736166185265663,0.4968577416846361,0.08102944414352366,0.08658085539596888,0.37670631743475635,0.41953896739368846,0.0,0.20993141997043482,0.4007386619882303,0.5976612568744392,0.0,0.5314110021319867,0.4048316613128302,0.3628525324777187,0.557635535412489,0.14153133997730785,0.03643350322797104,0.3331204118331447,0.7372065114684219,0.3746735643368802,0.5601421986627109,0.6837603726127965,0.40522378675839066,0.14494155137502726,0.860555120789023,0.06597460166445299,0.0,0.4504233040416797,0.20096600590988353,0.39189027043929525,0.8401389733071329,0.9164707365227907,0.35886226553436457,0.35049319515283306,0.508565065736164,0.17322037141826904,0.19078917577094087,0.4056820783695859,0.21528334283852232,0.6667401315115948,0.5293507346200885,0.585662001585548,0.5693375823315299,0.0,0.0,0.08628409324642868,0.1811262672059684,0.15425949562783747,0.6863154901978338,0.3948474830792868,0.6282762841004552,0.5384447030352711,0.5702947266660122,0.4645060283917834,0.4337289464812867,0.11748400057371515,0.07734652666424591,0.12099192600402404,0.19130501628038696,0.40435088171790523,0.3274594760154827,0.6221804318151991,0.7005692269833163,0.2641002460104929,0.5050640368967119,0.660492993389141,0.7925733639763888,0.18156303209333988,0.6018794870528308,0.5904226357751825,0.32066994547102745,0.3839436481276097,0.7455081522907239,0.8015843766458548,0.5696596902703593,0.6617111856648792,0.5677880246110558,0.7016959659707012,0.5912876580705776,0.5499672008946467,0.5069502537225176,0.6287145897391573,0.5958435523530092,0.39327969773163246,0.7025395895970692,0.7532834893597448,0.7622691687611538,0.7647417578166685,0.7495636442431979,0.5897612574017108,0.844902458432628,0.3977907687120817,0.7882655217463047,0.7036126734566395,0.7292731888179025,0.3908097610143835,0.38986481523678135,0.43035063498002424,0.5022739120068452,0.40902621048452187,0.3970316193465,0.8041178602637028,0.229057193503613,0.4772327780554647,0.40802985805152076,0.4918510514165274,0.3957942869824658,0.47699196029198493,0.43776437237352556,0.45527985912079744,0.4812245748537907,0.5845340116711265,0.7306498759715719,0.5805106512646906,0.09839629660512572,0.5838619115801439,0.40500821343619675,0.4764254175817303,0.5198849781254047,0.38263751840589716,0.36503001342586916,0.3927887440567564,0.48784082739450957
163,0.37420182303697086,0.5630445556048675,0.5570525155565056,0.5436292897742786,0.5200772115030006,0.6938159061685543,0.7886788391466271,0.40156208607748584,0.7520098088318676,0.3180963002900677,0.6332862632172461,0.2766900317944236,0.5060985976060942,0.426548279113234,0.12444816442561278,0.6741454682902794,0.3481465711213448,0.6267045563125511,0.31676326018271733,0.6877772610306209,0.5145105612148759,0.4406375056189205,0.3803672669808294,0.2948677282974047,0.41125957283804765,0.2315920580619304,0.4625402764919394,0.7374519326384259,0.7321825544536895,0.8008303721267418,0.12061827832257184,0.4509688444100409,0.7162918508326667,0.056167008561783784,0.6076003637150361,0.49096900182299225,0.27377299224418045,0.3329512429793767,0.5930191257878353,0.2694140272114165,0.4252365617826234,0.18938030812649723,0.24231572933467999,0.18681845518693127,0.6194784950246053,0.4795846807155313,0.7277629650273398,0.3712630104325675,0.4809984281876123,0.5563444613908857,0.705632305459967,0.2672381928784367,0.46770356821432807,0.423933072809301,0.1469705887804343,0.537888803916931,0.7917596077065661,0.6403780610260377,0.35814038865044906,0.7769544825200112,0.4372253812835936,0.259248491448301,0.2008823281217199,0.2414959156258126,0.15155555959056372,0.30295087770729584,0.10032792470535187,0.18124508344769735,0.3799950980066331,0.5127061198584024,0.13976617822400347,0.2807650281959108,0.35723506425815055,0.10742872612495853,0.17418954854821733,0.8167171430474891,0.11858315724731322,0.1162950560870125,0.6691088420686546,0.307538255391956,0.7398331618344178,0.36195532616984116,0.8711986203591053,0.4490787736874469,0.40022439338837473,0.233757048341976,0.3896838258051522,0.47586414215747125,0.6704255757544515,0.4412306871253679,0.6535019900532172,0.7395810383706386,0.07056309785878663,0.4953214407048906,0.1406680722230076,0.4638429636646616,0.4958605911688068,0.8053076446043221,0.2758753075932385,0.7528629711154605,0.5570450606701413,0.45278763469303207,0.30191722273259863,0.2545174572987846,0.825944056728283,0.8229786135568851,0.6923137816872043,0.2569514127857148,0.8316492757150779,0.4657638131163607,0.599006193918491,0.47518454861853004,0.26057151238500453,0.5114766795709135,0.5519411462641873,0.6538251936388146,0.6228163497844624,0.22204620281307982,0.505751271475506,0.2648878044872814,0.23702781739004442,0.0,0.7036916294060946,0.39997082110840926,0.38117622821069214,0.2959516905272205,0.6450375415927977,0.08338262076310368,0.838398121875142,0.2813636567029142,0.5976176910278665,0.8297311453029969,0.4290381629700468,0.11692799530533134,0.1795042707341053,0.6786401980933643,0.11715121208828118,0.693697929902833,0.26581772361526174,0.6624212201910964,0.5848833668960525,0.9353644552957898,0.8677579013646783,0.6481994917198364,0.495256940868463,0.438669133063296,0.5436777959723612,0.4474669035394972,0.6124429162677747,0.5423082978270789,0.81797935423171,0.4222096084345009,0.7996179476330217,0.7869069495192191,0.5525826566401507,0.775393817489708,0.7474691765218799,0.20728587983763513,0.5602321201102706,0.4477521167284767,0.479041873821853,0.08058878072266837,0.3739542350619136,0.6813405313189873,0.3527527515467615,0.6233834355749724,0.6995439014818311,0.303101129768239,0.6638959542067313,0.5981340105614014,0.0,0.5732441848899593,0.5700495884878553,0.5742134005043712,0.4584165455203442,0.2721768759350401,0.5287421141988009,0.6797103946540695,0.6022238461878521,0.7395680204576217,0.9098894255532549,0.648926768916834,0.6249251105534601,0.6015445174225063,0.5110427593001827,0.48303773448702225,0.4421095980774917,0.4992472368249314,0.4463767906855127,0.4593010614488817,0.6535402728543815,0.18631993874067906,0.2757519491817158,0.07728030794171105,0.5157936893426898,0.6222169649513,0.4966405081000264,0.5667937687781264,0.5121876565233148,0.12056957344346322,0.47546535652227057,0.42632375768700564,0.4695586592261464,0.2109540419161288,0.766704383290911,0.7879611342751518,0.8484652011914652,0.7833687383972641,0.7831821685711056,0.2776817903433172,0.5849850318833788,0.35101237863948404,0.654028627148459,0.5698964238071709,0.4352197785855292,0.32786821655161524,0.5965083801282272,0.5945328654576648,0.2930563735359274,0.5378060151677517,0.5247188946243236,0.3583895740322975,0.48257205303849526,0.6503234224068444,0.5202113669354069,0.4476500094770846,0.710923157368031,0.4799019588546669,0.48087427463036514,0.32089237378421004,0.29031389800248153,0.7404526099521356,0.37021266174565587,0.7195541845924512,0.19477016088986446,0.7337181296775168,0.1520193928005967,0.757110742547917,0.7711502874155047,0.6492186632032472,0.6346598648937922,0.41995850856055433,0.6084585274104454,0.36858144575559076,0.8168677999219666,0.46596671465797707,0.29607108885089034,0.4438133076315676,0.3196034146566524,0.7001484002413823,0.6193115227943355,0.1810334968225362,0.3014124124055326,0.6435632724203775,0.6430768097420654,0.27951093577419744,0.5840333021612211,0.5684588067447243,0.27005302711047074,0.5402806428449644,0.31167798109857353,0.3231782708840573,0.3122169425956651,0.2771145579382602,0.33803634873841504,0.6936667548659037,0.500526358557309,0.22011713682684184,0.45715981992352206,0.22262636463262106,0.2963791352607072,0.6017915470344941,0.6013438071140812,0.22573997187010142,0.17101565611552422,0.7414356984927178,0.7104717775781022,0.4703071071428686,0.8181655060699371,0.35374575592168434,0.49116115613125666,0.7649367521561711,0.36479612490679353,0.22001221485752134,0.5196810048768843,0.9310759484011256,0.9029355219771431,0.3084723618541463,0.6100287537926556,0.4755682638790461,0.4662901323739818,0.5049053322320144,0.739116193960447,0.18834067074605731,0.2674686422695447,0.6302691146536026,0.6262453079876718,0.17818034069022204,0.7545483810339048,0.4088831984287095,0.41369596852581053,0.32781194382375983,0.6961774570106294,0.3154249150948773,0.5222789631061383,0.0,0.5345601415522032,0.33129407706465097,0.3193324688008028,0.5135225566620636,0.3112091054065735,0.4759475573708483,0.3070692620542362,0.22741447242410331,0.4676060843701895,0.5261281103144494,0.5167219930377376,0.291557794997604,0.48386604540215894,0.3804860138949269,0.486140173728308,0.6127324258981212,0.42557249429316585,0.4888840195811122,0.4229970520204937,0.6868377386511759,0.48220651793416425,0.43158090253866244,0.5524897611448647,0.44734193923528265,0.5319463214144342,0.6290393788964097,0.6600991059707725,0.6182258702113493,0.5339013212734635,0.4220006282288392,0.5499207715375548,0.37208392939813295,0.5550186346997329,0.4304344577750485,0.3417171882931574,0.6666051985031507,0.5855213025996987,0.22357621774734576,0.6605868799764357,0.7952910232941287,0.39162615780280796,0.20732645311869805,0.5895549125561971,0.6017953092917806,0.5447753652745189,0.5279688665021415,0.32072126446511406,0.4327915961903501,0.724482781462074,0.7370349210795712,0.4381114467908109,0.7075520611285364,0.43232661503348896,0.45402290193522754,0.03326408455502433,0.4337782064440488,0.022004226484645607,0.4290652692350909,0.057495351819397314,0.3500517145771047,0.8690864634798431,0.8607354803320842,0.36813727158208975,0.36214044105224646,0.5013256524218669,0.4535245143257394,0.34054137701886894,0.8182340199876195,0.4627641922666564,0.763793339946538,0.43052350461292976,0.37379727685689756,0.6382145022714342,0.5865653558103534,0.5460109920598338,0.4410487166316365,0.23672276203905074,0.0,0.0,0.38236236469099644,0.37807897865836093,0.6178661696101931,0.6234891836697696,0.5620693081032317,0.600299762219534,0.5903630074251397,0.11537659187165002,0.634898503445321,0.1595507167248677,0.007430429506829861,0.7454543237478263,0.572608968617315,0.03480272345237883,0.18224512068574233,0.1744621856434678,0.5008856957722717,0.43366982221034317,0.4247972362505269,0.458725146968971,0.42108767160003,0.0,0.2556925298624271,0.38839568577539485,0.19360927101401146,0.3168701781944914,0.5157452272245197,0.49184762698601303,0.7444535885873629,0.7265012516053971,0.6964223777580367,0.5397737548817315,0.3202478716368594,0.49300011704391516,0.6382693928031775,0.23158850720000407,0.5391292005198256,0.7004397190376304,0.16878564580807875,0.12917446876297822,0.18899001669032983,0.30105532630891385,0.2538967986097983,0.5262767137622921,0.0,0.3130178963394732,0.6771912254859613,0.23546254992321278,0.28045264398975295,0.3256526258444315,0.2668139343617375,0.03637800236247854,0.04155332723957407,0.1071868162753317,0.40196015459154744,0.14071978976091254,0.2089455218033611,0.30861474937176,0.6864696356873677,0.4373353052434861,0.523498364210121,0.6438350580207931,0.37878745527685936,0.5273233553144495,0.3126046179837394,0.03443906969815646,0.3491788449821291,0.5541753801754011,0.7749071129212102,0.4543839373455558,0.7313597762408285,0.646212332504848,0.25363553933514515,0.723182270656693,0.18157201733947906,0.06837523262156145,0.7142355790923927,0.13409291344877228,0.5858491411806953,0.7119904758483304,0.7204445291410925,0.5808770397022299,0.5496831884700537,0.5572188689117241,0.2397817791543854,0.44249229480389607,0.6561428543576879,0.48583504115571685,0.34299001048243327,0.0795410294384554,0.05610685626799288,0.05729113001907841,0.15799415859189322,0.2005115899340533,0.7419966167711309,0.7840744077807575,0.1396822073646013,0.07434503008183573,0.6230399630380565,0.060150685558765266,0.2628592856247499,0.2941091442265611,0.2746209126040635,0.2809942930063152,0.29230197224274745,0.2852923576824928,0.5451873633138852,0.5710893907589949,0.6609517906758949,0.29356885394295595,0.5746312421277867,0.06951668036975057,0.34276898208655016,0.5523815636877321,0.8380882775617713,0.5625755786275983,0.5021668066374846,0.3107581979896901,0.2363850830135181,0.46516742483947476,0.6530144547973784,0.3265393280727279,0.3049006685217028,0.5419589505450745,0.21371018465931121,0.5436558189262926,0.2697023578503953,0.5656349939813077,0.530398714757658,0.5090797321659497,0.5862849216546467,0.5976550238393904,0.3802416055410738,0.5516471305609716,0.7289830402250025,0.7296793375182208,0.7234893650381502,0.7197856542858362,0.7640852672988766,0.7070456295090773,0.6253862385530213,0.7241624955087189,0.6833302798930201,0.7166365162041963,0.5659654773126594,0.6033498401916381,0.2694225776554635,0.5137270823309305,0.6240400379632077,0.5159276584666491,0.46293925039642414,0.43844603253555636,0.40759541089320545,0.6515290759059641,0.5641987175365284,0.6435595776906942,0.41593921037010045,0.365940091525975,0.23623248174334513,0.5426851665125204,0.41051450536281603,0.689450354130378,0.3814035866577358,0.4662731390053833,0.4216414474619417,0.6448607842384274,0.46000119899492387,0.46185100475223423,0.6621157239298675,0.5089696054212348,0.6077678141936953,0.6482059121063621
164,0.4391231972043985,0.27552121346921987,0.42183851024902314,0.5748736276195353,0.08443856693803063,0.6447711242980875,0.4877066213129452,0.38384595842777947,0.09098936354076058,0.21470689165081966,0.2994598266467783,0.19823998421993205,0.636170531390996,0.3564851950903322,0.20139975268301208,0.5237405694341373,0.16978062348475728,0.5429673992592687,0.12635217153017167,0.39169132095467646,0.41302547216618385,0.4095753536264862,0.38371968351479196,0.20974143941400838,0.34417871355887886,0.21286931306462473,0.3850316363443474,0.6729428899851793,0.6628103459841216,0.4931167468806415,0.203652364964561,0.37404012337668124,0.4662905990947011,0.20417379819333636,0.4992319795106988,0.41630986099113887,0.3418607708852968,0.27776196816707655,0.4200778772743413,0.21828576486280288,0.3368410424536117,0.3810489303809578,0.4176797784241066,0.37543729781455687,0.4319519605476671,0.5064587394248369,0.47126435776558817,0.06131619595886161,0.4931011368435614,0.5588974835266179,0.435513313996662,0.5987957779158527,0.793339761713023,0.3688110334330346,0.5656771283985462,0.374788073638842,0.4164512140114327,0.3337827879630256,0.1555183776822379,0.37077537004737676,0.7431574431466096,0.20219224201753802,0.7721092525126184,0.28940792344776534,0.12126888504165521,0.0,0.41103820347276904,0.6427702231031909,0.3630603498955842,0.6950541854164267,0.1560826735442558,0.2638079620123389,0.32311309664814253,0.06475219796780803,0.12946738919408446,0.5484384624232429,0.2883623561615553,0.007053894443468088,0.5120253218530975,0.33390839031826197,0.6601541802921902,0.22421243694891632,0.6562253399152003,0.5058250454433203,0.38184445211172185,0.23087649616894976,0.22537388794492225,0.3436279729305676,0.5073636466861952,0.33803851886835584,0.49678732619952704,0.4592718257552547,0.5985996639247337,0.4480389106878423,0.39988399960434695,0.7841194808713667,0.33771614819866264,0.5928301985510678,0.1578755763171796,0.5092644719725252,0.4374735557871725,0.4382681223829403,0.3158811358331235,0.3651157029432011,0.44258777222549495,0.4149007808777799,0.38381158071186977,0.31026671574642267,0.4247966692870573,0.4514785977202049,0.5088678375974549,0.6575856061149892,0.47906467973237055,0.4385283623811715,0.6305678079633888,0.6865629908919494,0.6293462612070991,0.11704722913022626,0.2754978112230089,0.28737175387853653,0.2402335119281445,0.40871288490531915,0.7558153791096209,0.500812863101752,0.4807207159113623,0.4231632673984398,0.5090083463228584,0.3480991720486474,0.5459490196382161,0.25921726571718035,0.7302744493964551,0.306237987562593,0.32776311508705824,0.3304607746163239,0.40174119508211625,0.4415878517566268,0.26948426018321386,0.5948582222045059,0.28581410198551693,0.7322181845959037,0.45577106544751744,0.9503643082834016,0.8702445389810618,0.6675656079024835,0.5306612903007701,0.5454667491560957,0.40579539416343763,0.5612313408515293,0.5272440527075238,0.5589743042648099,0.43785488192238325,0.5202667658074157,0.12216402680616538,0.1329668734827089,0.30825013716369615,0.1206255980653553,0.11778753964606646,0.4444477008204058,0.8488586774486231,0.38078116329738704,0.5142179307648783,0.25886693655372106,0.5048972855026659,0.7533799426358367,0.44383345629080123,0.6027150564065527,0.6665414786476018,0.24666529370971935,0.6729546200203056,0.45740627787074933,0.14376558829587402,0.5769898603300905,0.4218919626663983,0.6235554402056604,0.29724174032986017,0.1378375267423244,0.6100261767258833,0.694006454970886,0.6373354331140102,0.2895307699382821,0.07866215836095215,0.4887763204776435,0.4826677904862942,0.4227657629945478,0.4345485680094323,0.3081242683196123,0.3541623415916685,0.01978211485344577,0.3724326218904677,0.48458294882238384,0.718969591735138,0.21892823927939356,0.29752799960458204,0.23682644643385775,0.5001922651691191,0.9220700127169787,0.6372852894713138,0.9076904855830322,0.5011657063206207,0.21392247535826703,0.4964940690926501,0.18954895670178823,0.4680853459915292,0.3523472086825984,0.1224271795997076,0.4471195395905482,1.0,0.31772497623371687,0.7820480209859959,0.16326428688311542,0.48415905472515064,0.24314191172443228,0.6540802975142546,0.45336449937216977,0.1156002289447521,0.28393195213773376,0.5268233838459327,0.22692194658990983,0.6037657407732543,0.5465917399448487,0.48154652079277166,0.1535509569234913,0.4787946882057524,0.7274183926714152,0.3188346822052965,0.38416909972771845,0.12086701445462465,0.3964823474652261,0.44035565012970435,0.3401606897234772,0.3038648237877228,0.6407978230095215,0.05377185263414816,0.6218623189222228,0.24131949678980025,0.6954145561808859,0.2985249901903676,0.2618782309813754,0.7578608654365361,0.27432727369405274,0.4671550824560943,0.357046690175677,0.4784735539353684,0.3207846761722527,0.8425884089443052,0.5319878835063032,0.23478003482986434,0.5166173696202689,0.12277272036289465,0.4152018588396917,0.24969422702896124,0.10936588083931385,0.6860020516576081,0.6767451998278947,0.10036784305350475,0.4339832562920914,0.1958311936255875,0.36403980311652456,0.2906890913392193,0.34650091539358197,0.183639872759692,0.17044402898879782,0.14774341940796298,0.19861978611165718,0.1499226784914174,0.6843300867785543,0.4150238632645859,0.32741776463906425,0.4500041107480931,0.5065498368334375,0.5533248637517585,0.4072741883108577,0.3159971439242301,0.3165332333829008,0.2562968819200702,0.5408990867845371,0.6142636181564142,0.4527942109819725,0.7642853798214492,0.33936589900559044,0.37212043773929204,0.36139206260806195,0.3527609282680629,0.5682266001921682,0.47037257587562803,0.9690387448745003,0.9417161969963328,0.345665791744814,0.519060731711121,0.3623537040238155,0.5575609894730981,0.2931539482700803,0.7876919022105827,0.14821982364362601,0.3702582268785423,0.49729121294682405,0.46632085576950844,0.21480995675677753,0.8584731625751376,0.6973856114047591,0.27240976679331447,0.3581575855895041,0.7030530824896375,0.3988840378097102,0.571860010976773,0.25392246710770305,0.22242354595914426,0.23564452193829288,0.2878129426170951,0.6741972692282288,0.12276840058232993,0.24105797543452936,0.2588016089639745,0.22945163807878735,0.20495974226912234,0.2843044431685999,0.3307186155395122,0.17187683065126388,0.4130345911804807,0.3856498440922753,0.41653920441895004,0.7188202119047031,0.33615895925690603,0.3986896009934456,0.3305851248682383,0.6488331219467889,0.31118167608962854,0.28472047104960874,0.5056036629921133,0.5082236155658512,0.37202124491187727,0.486770430945093,0.682614535915977,0.5031799432697694,0.4626585861708609,0.18912654857106326,0.46820122926694946,0.22570491421464592,0.4943043778145506,0.3451293101215813,0.4808362267068229,0.4331635237537581,0.6044795178859395,0.3637004032011954,0.7722185548457566,0.7300955141089731,0.19326825668212894,0.2144703911731553,0.6157594637159957,0.6034973993634023,0.20395577618882904,0.5354218353045174,0.3084987675300603,0.5011778585334523,0.7809418208888264,0.7924640701982023,0.4723969051929843,0.7711428568316292,0.4181945797175175,0.46867506818752913,0.11519695325185317,0.6482580373938508,0.33044097575102443,0.6374138298345997,0.33908309369614875,0.5968219915189484,0.8636714949614319,0.8436807562717373,0.6045847089214962,0.33447326586115234,0.14034776163160578,0.12287668521952734,0.3547203466711651,0.8280130663548586,0.6236460804292634,0.781439951183541,0.47009556726136037,0.3286306867847197,0.496758132054699,0.43054014925185247,0.5386893925393235,0.6233946153136556,0.37988668833191563,0.4074679690070831,0.42807707129302724,0.4338855945206387,0.4133724495850816,0.5850262695303269,0.5871462160933594,0.40533909562664616,0.555691250327192,0.5707938396602007,0.20199003721340877,0.7286638278031579,0.2779154057189843,0.4016628231922768,0.734632442254473,0.5630216206576388,0.18036316536097594,0.5591098418597884,0.5821974785107513,0.6411383022588576,0.6386288981553274,0.4295745337275625,0.3953267579988556,0.16493834092044496,0.5063604843059153,0.44731043491182926,0.3961492210546738,0.3282715743878608,0.3356418626606979,0.577671472192113,0.5663370162674081,0.7094762324519953,0.6786883447969576,0.6342127125373292,0.3300646138784768,0.6700352810789301,0.5469569716482242,0.5041112675545543,0.6332826509716328,0.5862188985878034,0.6981760125696697,0.27430550327768227,0.2937204858773242,0.35866662397182003,0.6743700950557265,0.6528367984414307,0.752171602524575,0.194878983831151,0.6045204595879626,0.6281253309500887,0.6448888620493259,0.4304803386482631,0.25581321839567744,0.4219413921179778,0.577849643323541,0.553857853825994,0.27242332767774574,0.41480876900322383,0.30979425989017917,0.21001855579609113,0.38729273242132933,0.6456886433221541,0.021582730900565394,0.5366573113762,0.5177707289779332,0.5092296760058618,0.5141789723947245,0.4564296316612385,0.2393325399961948,0.34393313057051333,0.5409197867645155,0.6282108311376098,0.5147863443771163,0.4304719737481785,0.48869233507123433,0.44618811995588104,0.4947862464275742,0.14287883855285374,0.4927186856516883,0.547483397883534,0.5668263308886229,0.43317203717423775,0.30002102079450205,0.5486176599202113,0.5060570276866022,0.49986047284366836,0.42692594916481375,0.32561646442968284,0.4268265023846615,0.45988265799445777,0.29246198686870606,0.5971347160123901,0.40063401542632016,0.48544604291624516,0.4651263146793077,0.3992270130634159,0.38189924748476334,0.3743887143271867,0.4323656863341649,0.15679077107101544,0.4010428716234718,0.42737393153337555,0.36595386466709945,0.5706544963233542,0.6159204850747492,0.5307701305597171,0.5035797132886795,0.45006072162165833,0.41804720770608056,0.48346178589825367,0.4800965310307307,0.5716630082459243,0.19260036408346617,0.5453743414426636,0.44260678249825675,0.09008821296582765,0.5966545790865768,0.6005646060528242,0.5353894464550716,0.664792996556835,0.6091144838493749,0.5003442674175789,0.5275013364685106,0.49899352765210075,0.6508370306765439,0.6660366611163401,0.45904455888192075,0.5512757102414243,0.45631880724442075,0.5556643699940471,0.4854313002831164,0.4345775853718314,0.3927399556994397,0.4838414489547929,0.4587378128612098,0.39184893718923036,0.555646329903782,0.5687471077409981,0.5694894198863383,0.5664721713823853,0.5713249029616786,0.534259165315096,0.5636905185789187,0.478355161867385,0.6636942008838119,0.687271392175547,0.5560432264154295,0.32376021810137806,0.4659206150411379,0.3716637129156065,0.5382959454400376,0.4328257798175878,0.29050706811464233,0.333427895148614,0.31826257046481193,0.4224770119801297,0.4803833050682749,0.5249783780417048,0.4533955883739484,0.045607134972314035,0.3816771382636853,0.4935188590672809,0.4746839350406572,0.44659650794684674,0.6745105216387647,0.5478751636305323,0.29954748281943494,0.45164768720378307,0.5216084250583568,0.49423658220245886,0.4643926837629422,0.4977249863418207,0.4921725164747279,0.4337352574195806,0.5088556772985373
165,0.6538239785658629,0.2555616734903912,0.5194687951105288,0.5463330780181225,0.8339517890230128,0.6423225765514455,0.6572219630550674,0.473679572003439,0.8272543787314383,0.4166896185425208,0.46585591016507316,0.1788187388405015,0.3997347822853743,0.4086859501574596,0.22782851038353846,0.6141214540504246,0.2533454791732956,0.5913264803817281,0.539496335584749,0.3212976628701104,0.6475500345360894,0.6793414796209084,0.37255683004304524,0.3206055630587428,0.43234929283261847,0.3402170490728698,0.27852834916888575,0.6581790544903106,0.6466902184649724,0.6775306849775588,0.19276351233623037,0.292284916436282,0.5792913070714882,0.14746635947156403,0.48154398570034035,0.3273542188389226,0.24964852683083494,0.29101898359456074,0.25278407352715904,0.35396187912289995,0.2693541701217362,0.3779677541176981,0.42425272936305314,0.35709379417881565,0.5419321281357733,0.589167064813836,0.5953111868503045,0.11543812974401721,0.5955014092610598,0.3647313671734589,0.5488857013131017,0.5690785144363671,0.6613301474511258,0.25377881832978716,0.5470283164468535,0.24480846724947147,0.25775815020862597,0.38078534351327753,0.2479455784890028,0.22469151723662176,0.5658449387030944,0.11343037442551678,0.4666029098558822,0.27071908230550806,0.11711649508440006,0.09321398225791218,0.7247354426073133,0.4980497310866201,0.5634389925211699,0.39768532411698415,0.14493321331812906,0.4617687234544921,0.3512888350917379,0.16729955086183165,0.38552539288758536,0.7025074601307215,0.16009403658574514,0.09337568922458432,0.5705671984827974,0.36458640686607074,0.3905328081640298,0.486082654747855,0.500751392807399,0.4955608531909119,0.4952378717822415,0.26866140828127016,0.4199458343201068,0.3610388701112922,0.6059703127058678,0.27012064323983365,0.5602105355272267,0.41159878128739635,0.31391976814119366,0.0301528097155927,0.41756632379048064,0.5395567632690019,0.3635466625020109,0.6710403894437506,0.2430717802853817,0.621387920150107,0.4071588136604452,0.1850551628197964,0.2702896493932716,0.15336966119473602,0.2676053443693175,0.2660011716103588,0.5876277150429466,0.5236539613581372,0.26576749455935983,0.013278698777157039,0.5144439878292018,0.3932948178375634,0.6289457840429817,0.3784662163303755,0.5516068417756916,0.5483306957823797,0.5614331163740327,0.36824471154938376,0.5458573152840772,0.32646172819181385,0.18745462299407925,0.17857462745671474,0.7685893658472162,0.5702128943263997,0.5000186153205877,0.5183330092941549,0.589028012043165,0.3441478011766008,0.6042642437737022,0.4725355198847134,0.4577974815489397,0.5371396709234836,0.39430506134578713,0.3416126802402049,0.4195467470157517,0.5537712977329823,0.5490191044079982,0.7345352416281891,0.2670767957353972,0.45706485969995986,0.6437742858430949,0.8946671710897267,0.7702755440157432,0.5928373862289569,0.4212539962813694,0.7228467497012969,0.4423088687140396,0.737090805967829,0.2081920314604421,0.5459700787185907,0.6558496400968334,0.7776187437012488,0.8958881409234604,0.9017750412592735,0.48327803809617353,0.8873972009397127,0.8785197855780291,0.4609037346919891,0.542298700771442,0.5407877006230862,0.7455168673700882,0.581306365256201,0.6909400359645427,0.45813010944867677,0.6765487912306823,0.0,0.725512090942186,0.2641761663096398,0.6040379123143852,0.5876007579973378,0.5379197246098023,0.5271035030060115,0.5358633355568581,0.47166095536550023,0.4559847663879285,0.4905515859495273,0.5346622886968228,0.6320902651734098,0.5831390843448903,0.3674261219268505,0.8883313727102361,0.5814221032489519,0.5741381909343019,0.5432644263837707,0.5286604618993104,0.5522494050315631,0.4025520674741619,0.39344782412302415,0.4299413112088583,0.15927996933614155,0.4455453700656328,0.38303655374260104,0.4247887719705417,0.30428067514086415,0.4852537580225512,0.671316668320792,0.5900852548471266,0.5803587139033964,0.4703595482629359,0.4817971504168514,0.287329228747677,0.020091422402355112,0.24981961818516216,0.437402158225139,1.0,0.3160228689702476,0.8775812959724565,0.1795791450809357,0.6966686383341786,0.7005499115171462,0.6059418445308966,0.729024081116946,0.47539332104459076,0.5705826410893353,0.34278773165885446,0.17791438340670596,0.4172194794889349,0.28216154532245824,0.5715679780118025,0.5534990127041384,0.44689091555815746,0.11813126969442903,0.40833869443601656,0.7923037899205665,0.5006170234274636,0.27275237509541317,0.8309803024864397,0.27064651705310183,0.4164770921777677,0.014699172615618119,0.2710202448656222,0.6332695072029146,0.22496159804839086,0.6348950323181928,0.10552590682684052,0.7112484341732915,0.09461029469612064,0.14337118410214633,0.6888170675645037,0.3280254962701341,0.565667156037698,0.13133465765412547,0.5671633922948107,0.3341136854272802,0.7711603605527758,0.7280168084405139,0.20135721727492945,0.71455828331961,0.4343287765216932,0.5119408741359078,0.2978559882441422,0.14002434250414972,0.5332878146470769,0.7273213528758826,0.27097909139230564,0.38470305722314324,0.23308075178026333,0.6317228283424859,0.3401478201042045,0.5915750116399473,0.5083457849621419,0.8011271936889607,0.7876379915423131,0.06484141204086086,0.7796775773697647,0.6552695216131763,0.40506164813504436,0.323839918221264,0.49731287768589016,0.41183002431007604,0.5622503793249011,0.9502021191749561,0.9489945571421002,0.5722110723280213,0.22908208444506425,0.5515414719377646,0.8431960373222388,0.6311585574809128,0.8237486438426734,0.47238443009043435,0.4309287486277324,0.5106854875779818,0.44026202651811136,0.18487925805956534,0.481193650098423,0.8993632156141989,0.8082414419449369,0.6825186718141995,0.6588897594273254,0.22303500984052463,0.525712991029237,0.43594040942731016,0.7765361698459117,0.12446316886155681,0.47543043705424876,0.584715401870702,0.569380996823514,0.0,0.48967763924395985,0.6095482263273928,0.5378109354364722,0.6743791005234299,0.7001997204425754,0.033402261832558885,0.7030076426219198,0.5596759993493247,0.9876920704523021,0.26217415487600665,0.31307301142033206,0.27612017130154165,0.3168592464339132,0.6327749153391871,0.14526192539513483,0.125002106247459,0.2793493436703372,0.882475300431395,0.8746976976726233,0.18145746986519026,0.3040676769606732,0.395701011747426,0.3058391426827673,0.5124365847161994,0.21573351682268285,0.26560061108791877,0.0,0.6721255073572454,0.6605508281822503,0.6145606556230672,0.7810145775091539,0.6664278310050177,0.4542673900573632,0.5843959777659833,0.5982405082909532,0.576965871924814,0.3457814009973214,0.03215192657544744,0.3582735352264151,0.027218244230424512,0.36868337457228945,0.2180255123751776,0.4269321420673008,0.5202497589032422,0.48333648745749186,0.05054985349435372,0.7062016811400366,0.18798865791767685,0.3165865495527248,0.3767814166007725,0.6455858921434144,0.6485952172555013,0.6621880766532219,0.5410900577806858,0.06324503477714757,0.5068414481297525,0.6836827077472122,0.709993418715728,0.33466603277310664,0.7021496175398977,0.30785060643689355,0.25723197246243185,0.19218799007603804,0.49751756140988557,0.02588214589128321,0.4962364396193529,0.0,0.4434983969499287,0.8449821462706817,0.8468412656628767,0.49560387071156764,0.17777237800830492,0.040824681395509585,0.24184044792068266,0.3529914856591915,0.29446422189620286,0.47226046105860964,0.8081630719661965,0.47500506872012166,0.3863217064776943,0.5846312625079468,0.5912342333300978,0.6025133586386944,0.4768416859963618,0.3038579197610002,0.07651464028145746,0.08515992321742502,0.4224609800049313,0.406243504258509,0.35548904587534114,0.37375299283112934,0.6250796864785202,0.33412205445919335,0.39488546434343125,0.1626884424514109,0.588880169832062,0.37684883119810353,0.33552266518007295,0.7682679260504311,0.5648492472752085,0.07061985294625975,0.425096651069704,0.4203933059709019,0.3428697143096933,0.3062923954932539,0.2474475423725562,0.24225011076900652,0.20999037847065227,0.05624494490485266,0.1172536059201685,0.3484300091501001,0.23917781867536606,0.33312901322320065,0.5631069916208639,0.5391299771762745,0.5181071954552664,0.5027233103251972,0.36719580950640496,0.19031741005283573,0.5075266679822398,0.5009270575474796,0.5945278962869344,0.5165236606314825,0.5419065984139669,0.4947878875138243,0.19864930239252532,0.13879763784382182,0.11498918055443448,0.5273861943308664,0.5498893368114298,0.501817857070156,0.0801912466202424,0.23402925204266414,0.7151032812902046,0.4150885439267694,0.37557751920244725,0.018829304892791932,0.37523979779765315,0.12204221493691116,0.06296019347197622,0.16666778582768868,0.07259912832087893,0.2188624872667768,0.20987404119639153,0.4008173387152658,0.6382092459846979,0.8796764108955407,0.5337819619719393,0.5857798955015328,0.36503679731824423,0.7244324533557122,0.32640974403229883,0.09306017042042593,0.3166064107472436,0.5372913628131698,0.6734519312015517,0.5815868183518885,0.6271178830365524,0.5880184930670893,0.35558283871514457,0.4449163663700951,0.12800794252447237,0.5414970048274609,0.8143948183328135,0.22074546633478215,0.5674374655723808,0.07062557866418416,0.5555796760804973,0.4011853086074145,0.44507010360676874,0.4910346143439978,0.16392630956516774,0.5034552995510426,0.5973675630302183,0.32411695378232536,0.4713806061570387,0.23655257250872452,0.3995692660041331,0.3737243623347276,0.4567612400669721,0.4503270436583817,0.4277125217332202,0.48335011366395514,0.11072040032787542,0.3836191320373858,0.5481707784688897,0.34161392387162515,0.629823329420218,0.6458718902014142,0.571785467464828,0.5431346080804256,0.4187891139236717,0.38004391797837744,0.2819063757324608,0.25359089606055396,0.3804458637328257,0.38102594451473737,0.6513605767139077,0.3283410497304512,0.19216084627938756,0.28421748032857735,0.18632222411603414,0.6629885580791388,0.41380374729253283,0.6450772503149219,0.44311094361432046,0.22299476156263884,0.621752893218186,0.607626944938251,0.665572439695208,0.3294762780903679,0.44351101670456256,0.3181603183896764,0.5995695943427148,0.3502311066757253,0.3274621510203439,0.2934532912885991,0.2692125780644268,0.3589978530899026,0.38633050391114615,0.3840490903715537,0.4166054321438689,0.4064635915551959,0.40509362801519216,0.42635363539657606,0.3970418972284201,0.5050053071722747,0.5774272996478054,0.5044825051983371,0.5015032241583023,0.43758417974960023,0.4541472714813722,0.5489957873839698,0.27505337465962804,0.28305376091295215,0.5893089576997105,0.7061707795830969,0.6074198584581139,0.5098129832204643,0.2626483508513518,0.5836962588494548,0.24319469300726557,0.5580401896015044,0.5598961973028231,0.15228009814776583,0.7003488396860814,0.5696939819066863,0.24321190052675606,0.4859607378695904,0.9040238057033197,0.46696827631429494,0.2892361194564558,0.5914321497376541,0.6702217620931717,0.3971271269235289,0.5693678146759181,0.6084712871258687,0.5749716216083199,0.6921045533581748
166,0.4591661283293385,0.36590580831186276,0.24122676425599882,0.10610725818611605,0.6700592985482583,0.09424273475889554,0.20910088949567893,0.24618303437939712,0.10333735987910772,0.4159489991649774,0.15139337992278135,0.0,0.6278070724672835,0.011100010710899182,0.15956155077408035,0.10899013703835121,0.5844409515348443,0.13117606069300364,0.3143940208837232,0.35979081755281445,0.0,0.488052564455376,0.39981125305420917,0.5147687819712248,0.2895212676514938,0.3042545709736143,0.408861063716663,0.11350988255254589,0.09526041668410014,0.13395166689057983,0.0,0.574230340941697,0.1670562939399335,0.2039512810744753,0.4874600797442398,0.5439824834626771,0.5693965761961155,0.41653890832322416,0.3599628268292405,0.32870836265012127,0.28134131366843285,0.2858089883677295,0.25300549877522976,0.26858212194926184,0.12716897825543944,0.11243970141604115,0.1480600320057676,0.2695250031768225,0.10806765098583604,0.7246663288777276,0.022420577979262994,0.18395356747282385,0.4526870412047955,0.5731994122253347,0.06720760067830359,0.5541458908283415,0.5116055601757074,0.4524671831136396,0.346405264869027,0.47307316442738473,0.23076645510282587,0.22980117841883013,0.32085748839407835,0.4888387654462002,0.5118638041575995,0.16654354247071668,0.18166284257947565,0.2221250539014457,0.3651991496698397,0.558273132709061,0.22963188917365812,0.253920060491031,0.34643181177160876,0.14473082405731302,0.09404537895925,0.2577377242110334,0.2999100044613209,0.12427464230188766,0.06845640374038912,0.2426129842697889,0.7510127381479341,0.5142991540134766,0.37478299633004136,0.3509264383293193,0.2349041982093808,0.26776268169655854,0.3520890615726123,0.30716264188327547,0.09663713789956123,0.018281103282867073,0.13747752883305858,0.31924817756161705,0.2391583832841087,0.4747494846140503,0.4150698266819729,0.4363748394119866,0.08653258600585487,0.0,0.40876722214711264,0.2752742155124769,0.38978961475885754,0.4261524468484504,0.23524417985342436,0.011950246857610343,0.548889061602802,0.5666426415729414,0.09782866252159435,0.0,0.5394401539698318,0.41096883460055383,0.20231770742626345,0.7800646979158377,0.8143996147600756,0.3089510073937221,0.6422876830035421,0.506673934131467,0.6388624888762726,0.1044702718049691,0.13375409913517092,0.36360532727856726,0.167052593753392,0.04731896375290969,0.8260392258483737,0.23343391970852975,0.6108801402325557,0.11035842330580628,0.2999890408805261,0.03787060220842657,0.29653891121694204,0.2604587775797269,0.48343245419742936,0.394054735557244,0.07300791767999727,0.287463550876317,0.2544497475456721,0.015181668396993395,0.09646571048956419,0.8387924479419384,0.024068154896164942,0.9444104070205063,0.7746301584511933,0.9945212006051934,0.9702126558438303,0.6735698228337769,0.5121580237627397,0.5677479747676089,0.2258608935941949,0.5143933710424867,0.5997777656956342,0.7022691495664979,0.4180362075199299,0.5628257404959697,0.11070074368577561,0.1086740231173452,0.11004168714113151,0.11708743849046901,0.13283771256805413,0.17026925835228832,0.4496772862538226,0.08663946569537394,0.5784636870383764,0.10220044253836803,0.5132215296065291,0.9328837149365814,0.4911649152198164,1.0,0.5144305991628633,0.27430780888637313,0.7610649999079435,0.06259701964344636,0.15192896581788973,0.6784535875804056,0.03837179959121214,0.26073198022540484,0.28367706714095065,0.1845668178405183,0.6341051687878106,0.7313366428653406,0.6899968200762854,0.5110271389174277,0.17544754541688323,0.13421509092899503,0.0,0.09528094066436908,0.39663442987442665,0.48811809156412417,0.12701672408034484,0.32510202729928794,0.1712047687691752,1.0,0.9144914534331663,0.3251008472829072,0.0,0.3725840945301735,0.6278227894214575,0.3837158144042018,0.7028354994331532,0.3892238398494019,0.1328391355638991,0.0173207825933548,0.21823102618525506,0.42464758930916796,0.20669087443596854,0.19714511128099121,0.35380311384845614,0.537868611119428,0.7207740064598921,0.4514954495494747,0.6464812453551957,0.31723123442284173,0.16696409544203547,0.38073663587164125,0.6343556165214151,0.12554459223345865,0.05363327565392373,0.2768287739840269,0.7729493415099736,0.3828716317434855,0.650182906171032,0.5484661072896772,0.3777808263961405,0.37173643290888214,0.7693888674150318,0.3887202153947187,0.37516059853330697,0.5896287916262027,0.07754941972977612,0.610078760643669,0.01950814690536278,0.31140719857269605,0.3449684024942094,0.42389680650489103,0.2411760915268315,0.269982883650979,0.11758057748510019,0.5179528349980523,0.1302557487062619,0.24427189153149806,0.7352971934502215,0.4218433886929297,0.06984871084392728,0.5476867588970061,0.003674215465937593,0.46406539400729013,0.6149984870925324,0.20895132458759477,0.1628566060994401,0.12099701942234573,0.38892182708589035,0.03285322793497208,0.3955083027510566,0.10534041618391644,0.6043350235240827,0.7040994029985903,0.2554806385973999,0.33965973871120314,0.3606183633565038,0.49800916370373466,0.33437053379195936,0.4602566181867032,0.36271723665077465,0.4670583740237013,0.44248843892517153,0.16442836844464268,0.4406431746029588,0.4095649212159326,0.4545566833131535,0.5043048869910514,0.351882715414778,0.34331683872163377,0.43942991247891455,0.32548700684947374,0.21418365100419337,0.31098416109026594,0.10877686031339032,0.519417359222818,0.6092637385146602,0.13568136567526556,0.6624807687971669,0.3069192397038963,0.0970713700455213,0.3875041197622526,0.25344590833413966,0.4848339730656637,0.49843391526012537,0.776605524774502,0.6712196324455483,0.28979371288644473,0.27475062183738846,0.0,0.4092268026871238,0.03484111959921982,0.6713354809553201,0.07683848586361908,0.2092465796972316,0.06784098467216275,0.061680989261045774,0.1522055549219733,0.92387634191836,0.7006754762444102,0.4924457926643292,0.6407600547165159,0.9008080951454466,0.28511662850315694,0.8387736465862135,0.16836263179080288,0.23845358129443342,0.29538784037019206,0.3378652857144804,0.8249938652065619,0.31275885030974937,0.48727493036030317,0.611913571139838,0.20199814513121497,0.5558538869491237,0.4593883425283398,0.464957893691238,0.2718451828790071,0.6181735564929353,0.06439554763051705,0.6262009429541225,1.0,0.5630456937476882,0.5600594489846782,0.24686622668212319,0.39505210686076486,0.37187135627361867,0.3350073201355668,0.1842983990010906,0.33253193538117237,0.05882118672891076,0.0,0.6524932482456899,0.10165444944527223,0.652468590896561,0.24735348501723936,0.6680245091636031,0.21874253045774436,0.6709325994896255,0.5480127849317257,0.4266830457873704,1.0,0.6413229677194316,0.4380301133156566,0.874267739842081,0.5356718388655163,0.3322816810971795,0.19676120296988894,0.6610671162409288,0.690825666947878,0.18710638578504676,0.6222326305411132,0.36106332494515403,0.6299896511556576,0.9036982169370739,0.9069924109166472,0.913833785353414,0.8265995116498515,0.8871525359442212,0.826205905813347,0.06951407820304462,0.30035785933449255,0.2021466366692059,0.3039068984064091,0.19488654318584503,0.13563470412944803,0.9567703255560143,0.9467640519051088,0.5342436903218741,0.09406114540718417,0.1975916211075162,0.28018946150675866,0.8449367547938635,0.8971959822355308,0.3264536008621429,0.44108125749787414,0.2080677070649059,0.36186328338177176,0.18054572620656484,0.059596476683365956,0.6683417015931126,0.5982927172550202,0.04446915873004567,0.2257608738414649,0.26007097301003557,0.18868910535248104,0.19912068093492347,0.21912961564949884,0.24462232051735042,0.3257946579574895,0.20323029219003944,0.2682926511426772,0.36677222623247946,0.9698987135313281,0.35101147566762636,0.4989012439577257,0.380310467549969,0.3161096930750331,0.14912126465428427,0.24943865136767715,0.23551738453594923,0.32741963752437675,0.3048216797431203,0.11359460614347576,0.03490484983308259,0.11391141933257515,0.18819236773368017,0.12282789817539673,0.47565774969739893,0.19514164937658374,0.1380429271284949,0.2978695842225947,0.32438320931610193,0.36565122531316946,0.31651508186871496,0.35837282958160555,0.14327148649114804,0.3592789989884515,0.2096799601470504,0.033336832040963285,0.3765192903690852,0.2844893655631113,0.309700912029599,0.3105176970478784,0.2694735953985696,0.03955122220801867,0.3493848446449603,0.33341230469006394,0.4984713815636558,0.13264902147037802,0.2553291534456657,0.7914999633155427,0.17040874086149724,0.2157740124264301,0.18964108298361815,0.08447610890465602,0.18802947191347708,0.2894732202646436,0.8266771515921093,0.21238095262555162,0.31239996200364967,0.20741950384067115,0.5413399503163763,0.0,0.5912546980410535,0.54867332013301,0.03635666460263863,0.2063320443450548,0.6174715252763824,0.47839726181457576,0.1214745983381767,1.0,0.0,0.6004071677188747,0.38491877782346606,0.678158658436823,0.18525971756128823,0.4200159011310346,0.8655449740113471,1.0,0.3459963426458872,0.8281055271879999,0.23534016768871197,0.07085074845556424,0.5066670060825944,0.9553516017234444,0.5171647630004751,0.48329164915077094,0.5484807741315548,0.34523394159940185,0.9417666770133516,0.04021271529231813,0.46647378670633804,0.13361659709720206,0.015905218521802333,0.09988941050012333,0.09463688791166638,0.7090227555109895,0.7119966406292292,0.8933838148511624,0.8961985592330818,0.15104915365419283,0.04483347211056628,0.10355915687347857,0.12652676821920447,0.3890705229884752,0.42896351242435105,0.5834500292874127,0.6158067151357236,0.6625114132137258,0.6836714957971213,0.7181369069170542,0.6789617449331088,0.673416671510735,0.5028841089267446,0.6442976217720774,0.13544356225635293,0.5751066764625342,0.74455284507101,0.8689023522505015,0.8855587464717898,0.7877962438546262,0.552168093034553,0.592401057627625,0.5378344739070222,0.1850361098842018,0.1276617454901327,0.13445793524607128,0.6386391456543347,0.37903157529449577,0.6340826441065123,0.6133028933098378,0.6620927588224594,0.6225977362682725,0.585677513812783,0.6707203732886893,0.7187381709080182,0.40128004729938727,0.6792682688631795,0.8358895254591175,0.8390848127287769,0.8508220664302714,0.8608314103035222,0.7957216661564953,0.7727222809266864,0.052547072658417494,0.8338453792385228,0.811754542094858,0.7597440422177708,0.010636905775471314,0.06545250999201267,0.45287350352101857,0.822637402072458,0.03428841230145318,0.7202488381423607,0.7677430004837367,0.5636932571940392,0.6706029245442386,0.10450157595759775,0.5654254035440874,0.08411241349909951,0.610404581682164,0.23202410499160814,0.5435480153427097,0.5699976097066286,0.27295869708602793,0.2919737517224916,0.6028177887513291,0.5536179538080317,0.27948997881499105,0.032544046814627366,0.34336251769438225,0.4359152849879094,0.1437286485646448,0.45899562868362664,0.0843493177580528,0.12441292464048703
167,0.5068705740964269,0.4941040445264794,0.5574926238715424,0.5471080212380832,0.9805394052768163,0.7779127313790285,0.6710645440683396,0.2566669533596898,0.31996839718995534,0.45777154676514803,0.48631772810789214,0.29709583808181983,0.6313294534319754,0.5550925872473257,0.008820873166113226,0.6525320630390327,0.40427653933171187,0.6201297451629715,0.3417179404049368,0.35238469587911836,0.5770400495588115,0.8028684403356801,0.44710226475162645,0.6337497619276072,0.4761321011903091,0.4653644398704161,0.2715933251366391,0.8303640432190574,0.8183251102985425,0.6772404289148085,0.1364617979355937,0.6222877997512759,0.6613492586441522,0.12194614013148644,0.447392740794709,0.5516290807001838,0.22931366255302077,0.309770006705031,0.6917825755082004,0.2771662647900651,0.4867302456722378,0.2654054318776859,0.4625836709655601,0.39768113119738097,0.5999192001286221,0.6153781789842983,0.6679650533282344,0.5605407259296517,0.6247092169501344,0.5541662260675972,0.6305366412392296,0.19499182744563362,0.7019650708292079,0.5844513541160066,0.06864317054958284,0.5953756153794494,0.6148039989938652,0.5184387571434289,0.2755526208703641,0.577383619574235,0.40702401527746035,0.15381699320567732,0.17626716379579035,0.3658213962314595,0.13023223875408163,0.27345999019172607,0.33011018565432776,0.6478557549476694,0.27758344981800737,0.6577330100095935,0.14117364677183325,0.1521057982382425,0.2934889490852408,0.09677181592562933,0.024744346301973075,0.7504616469353437,0.38145494658510604,0.10120776328802165,0.6026164408295898,0.2454665146153226,0.7143901201791303,0.5310517509156943,0.5047306481718171,0.5401375344199418,0.23978131370908112,0.1894484753505151,0.3807227536516223,0.4336290994864178,0.6451294103802575,0.4243811659770806,0.6088770095344784,0.4216669645821187,0.004862503908370863,0.365900361064111,0.41751388927894895,0.6204306759858055,0.7593725496285724,0.35655471479469264,0.2726677875966732,0.2598585736535193,0.3592722074243347,0.45054520146999394,0.4209964910051482,0.22257717143917694,0.6540540426467649,0.6362058490138364,0.6599314218281469,0.32054081150546876,0.6357874927086653,0.3349930070750669,0.04487001935816147,0.5506283673689709,0.5440167332796353,0.37469138513098654,0.6244118693334612,0.49258168211015535,0.6276247401966298,0.13355235625386286,0.4253006116235392,0.45515808773762284,0.16872917475449226,0.2922510772884,0.7879879910027672,0.5271206371290241,0.5187235867295685,0.43802192018976716,0.6348717602942616,0.5188001857859907,0.6133432978299239,0.13879363563251593,0.8335639460527116,0.639319174131117,0.3479505200637676,0.35815680524070265,0.29813118942064515,0.6642043439534777,0.07431729986298502,0.5475867792696608,0.26437186260702655,0.7025564696336899,0.3971177242368831,0.9407548238398127,0.8025352405637454,0.6573447499641755,0.5119302393506878,0.5737573711922052,0.687277402938683,0.5471752234315512,0.5040365448162999,0.559539202214475,0.5491916901294079,0.5537916131909538,0.4729462676932384,0.479063553139191,0.5370484824045787,0.4500714143595471,0.4234859064454688,0.2721308167085093,0.5489670861079458,0.4481439822568605,0.5315175929916407,0.2200673711695324,0.4999785195652398,0.6948331205213075,0.4815793052392078,0.471469195635317,0.7705732362884473,0.290724737350727,0.6635109695299237,0.5730887036210798,0.27534255219245535,0.6128878552124553,0.5276475313067897,0.6962499853217669,0.4425865485059397,0.20474846008086278,0.6919964650443575,0.6831143270430107,0.6295066637765214,0.4255131528162554,0.41919914750727166,0.6312063206216882,0.5973677920361096,0.5809824958967934,0.556193029278733,0.45645346827744954,0.5680035788946308,0.4529151927363047,0.5802265718553891,0.6029424330778869,0.7705853499203607,0.19260812508722758,1.0,0.20427604787394346,0.5789718283202195,0.5550928840212979,0.6032970008610088,0.43673653271777196,0.635414702132661,0.09998233856850626,0.3077737183495461,0.7102360970247744,0.27400041221627525,0.5672576688467875,0.23824267982604458,0.624113779084743,0.6583417286952865,0.5988587802104098,0.8519144098857481,0.5839140561963808,0.5770074484797602,0.6322154118086033,0.7373462323101667,0.6222029255895369,0.7792874429152956,0.7389989301863412,0.3528564025192022,0.4446146963710581,0.7309654267262795,0.5510820567467838,0.49492234655047707,0.38568295167807093,0.7401088914022868,0.6277284478757392,0.6746011246349511,0.615526478524435,0.41820805095271374,0.6038127674782379,0.4920324925632947,0.7056164561540521,0.47714986826607164,0.21563348052741044,0.6995419947553166,0.15948930977297798,0.17301076778232713,0.7825055631888814,0.16150095423350055,0.19386734602917244,0.7345106430909973,0.48963798209594656,0.6068131475290633,0.5715930411109567,0.5949339542474744,0.5471087411873539,0.6448203834622187,0.3556845792609508,0.20715531598983553,0.37987684908609354,0.05972332639946759,0.45539461951413596,0.46728668099574816,0.14217260394599138,0.6488138938877104,0.6528741257336946,0.42114231491896237,0.34033709975503124,0.4193016010318762,0.6397455875492006,0.29921050170797925,0.5959733477795144,0.5799509192455199,0.8512054576558177,0.8469395583644493,0.14638479684894648,0.8321604101602442,0.7387215117653726,0.5563365008225334,0.2792468739746233,0.46052226983281114,0.2573954379582897,0.7186668553838852,0.387363212791832,0.35598429721500296,0.32991273036520147,0.14684203925394257,0.5852440713413521,0.6217222137158647,0.48967085784297876,0.7618372871782936,0.37053321052591287,0.47543608516564206,0.32748082497307157,0.35917946054433864,0.3597803544386149,0.20051219476931129,0.9169232415756253,0.8729841347048614,0.5044499522321569,0.6925861800915751,0.2950060988269908,0.6192753167103368,0.40491568892530255,0.7709481129160762,0.1275292094174558,0.36389898403525833,0.6229595577970057,0.6073404057521721,0.4734401389909068,0.866580971555528,0.6435694287722693,0.5710044190723225,0.3835740808098748,0.6992771006334513,0.3290102208109695,0.6226229472792345,0.31158756077726546,0.22087875840703933,0.3167993441805653,0.4202329754635412,0.8476504680866361,0.3045730409540333,0.4303988942822823,0.5733189970822354,0.4676957448917568,0.5946759249070183,0.4781877120443003,0.4763727733433408,0.2965407329120443,0.6277419742340609,0.32906900207538936,0.6238851497214305,0.6864178191514857,0.5793244607056421,0.5456502508316723,0.5250962059049068,0.7315592794009718,0.4300256281292354,0.39532486868990147,0.5148368340399528,0.3646969718456098,0.487185059671564,0.6149817633804032,0.7457862818110825,0.6076526123573466,0.6705761804697388,0.301422511217076,0.6807092437314345,0.27281243448006925,0.7034864744971698,0.5478388426538242,0.30074017849298956,0.5018904767954628,0.46762422023188754,0.40535408497164754,0.7799942910975893,0.5051703961441238,0.2612960264776828,0.2544007716019761,0.44772957773428096,0.45541329341883097,0.2966629029904347,0.32907519344357167,0.0,0.5741548160321847,0.7229545255672304,0.7404449875822482,0.540840504831442,0.7195663277564066,0.4928822426147024,0.5096672995630496,0.05972078383928952,0.7938470151999006,0.08755801345140836,0.7858462792540333,0.15393785391033205,0.7185027803496224,0.8750841071604308,0.8182390937992393,0.5320778390635115,0.15411510908099962,0.26355099178639857,0.22683458959886152,0.4473447794789447,0.7707298404640032,0.7919970239207963,0.786560503270565,0.5192260190964478,0.26132284403582956,0.6237920991172623,0.5856508670522417,0.5681516157307874,0.5444482738040677,0.65129496765955,0.20871775389359057,0.0946702439804392,0.6093368231784403,0.5905745826175363,0.6180489339509617,0.6184892891363206,0.4729257323102547,0.5932330706716207,0.5887248395133053,0.34367855077009624,0.5275422996067243,0.1658794940960182,0.3938456724887198,0.7456485261288387,0.3390829553913189,0.12033076940101875,0.6895196263990334,0.7052653063514834,0.7019041779532192,0.6699315435330001,0.44875920179961293,0.32563341693706604,0.3314206385380399,0.10262163883120899,0.15243803852784923,0.36053177432693834,0.18923187228873078,0.23839887582691247,0.7446383979638569,0.7297075216414399,0.7407863751460658,0.7226489914391196,0.6911050544771017,0.5133571589772529,0.7849898773259666,0.7065187808638039,0.638780823870653,0.7625976216910854,0.7511056362049142,0.7273449662325343,0.3236235821779899,0.31144831457773164,0.24705710316549298,0.7724200989010352,0.7520793131221666,0.8365095137951551,0.07093642885684498,0.6555410659511067,0.7566115126778251,0.7339741640156346,0.6210010907395352,0.30775054617987363,0.5253343747207958,0.13173620940465677,0.05434789270898472,0.35776945100870383,0.3793512385477987,0.3544253369918208,0.21185877713629628,0.4870067245961812,0.7468524345634968,0.4226720901450191,0.4270461794422454,0.6264931869218999,0.5120051400852785,0.5020063611548421,0.5218824299018133,0.090580035590635,0.11504929346173838,0.6442631513491243,0.8037771471461431,0.5529665319216959,0.5160746074222196,0.6323748848669575,0.4809119133011826,0.8485887752272709,0.15170689919297753,0.5075487078637066,0.7273148611107311,0.27332425195182053,0.5789253692968408,0.7399661788366925,0.874604586960353,0.20879290188120997,0.14407611843081405,0.49706422079385426,0.27998317615936447,0.6118140306232955,0.6259063514539355,0.17767924225271625,0.5912705287744019,0.5160062846323861,0.3335251126523258,0.31920767960983465,0.530604709787381,0.5220496409642407,0.42948578677971017,0.46388235865279204,0.12539703128622823,0.44215545080389546,0.5979873101892916,0.4303715952079829,0.6354472418398268,0.6572926539559533,0.5784521006237408,0.5506641065954065,0.461784996261056,0.42950514636308224,0.39813072404836686,0.37241089331763605,0.4140598636053894,0.22965823815898828,0.6855476967718339,0.2883524516579247,0.29314534746668147,0.6061213177117392,0.6913805870080048,0.7925897259392009,0.8131630747397509,0.9502494489025889,0.6254384801794182,0.6306376113808094,0.6544329840506489,0.6800101954458746,0.6681876380403143,0.6700206251657912,0.6379312254557975,0.6682661502104507,0.6047032987135125,0.6985508574727451,0.6573494786469605,0.624706673346602,0.7090740521898015,0.6236184503752668,0.30293234003049513,0.7772601257840004,0.8250445993455185,0.8217723828647042,0.8231980527427193,0.8157102822619232,0.7821269032479518,0.9124169542019834,0.6213546347031351,0.8309328033249415,0.8252324575077303,0.864656504679505,0.5127849955655824,0.5951289912218912,0.4647787762354797,0.5437358100336696,0.6252604447366765,0.6410853471245685,0.4671292948112717,0.542953339391813,0.552963401905482,0.6238501203068247,0.5104465651029905,0.642730211462095,0.48642406796410625,0.4684183205090921,0.5249737456817206,0.5107993773699664,0.5696429091618569,0.7096712279004791,0.36444304713962095,0.2121614252726916,0.6087161871988866,0.63524670894918,0.4645695602229853,0.48902817166646106,0.6137693359402305,0.3754956605884415,0.5914579650265951,0.6718348525063627
168,0.34700911021367487,0.07876068212160287,0.3618741650677542,0.39413895260437054,0.6200571996359108,0.585649507890365,0.46946111610442154,0.4087530051652108,0.417775200493219,0.23205067518729858,0.24927414088119837,0.17660155441420133,0.5626599501596248,0.3072203587589905,0.002828035008078549,0.4380874493127103,0.4905665496065456,0.43358290254241505,0.18948507125810524,0.2623337991976705,0.3668338438851652,0.427367488768943,0.41429555911586796,0.5715434349845421,0.36166520430419624,0.22614034740842126,0.3048036777945788,0.6266648680554615,0.6055544209182178,0.46644817308394926,0.11634434934336438,0.5659165806038778,0.3968277605367262,0.09883454764144987,0.7021537877745575,0.5891141501248077,0.3968554628400207,0.2539819385244708,0.4160244705064026,0.3034654877702276,0.41211012967697225,0.20488764252641178,0.4822058433552781,0.42842242011815324,0.37977277114849706,0.5977785502547278,0.44200104606311397,0.46687038398234376,0.5851789761370358,0.4727521385309094,0.3987115719816318,0.19990193734723888,0.689222380396937,0.5744069145557342,0.132071136454928,0.6297221739659047,0.42717769026899505,0.5692318247387048,0.2894779449332229,0.38222214150812783,0.4868247208489733,0.13079781434929194,0.31573037537791543,0.472791046016477,0.024160217237231073,0.1561268376815909,0.3126578126500941,0.3370188310570273,0.7998499185448255,0.4781978542842454,0.2299288326624526,0.696921836500249,0.275566016025282,0.05642864977671082,0.6454795288402502,0.5283634826940105,0.2844779155045314,0.010690008516495897,0.45621365416003334,0.3577744902540858,0.798075427591203,0.29326269543803196,0.5749383547743466,0.48093203187875194,0.42318300232856365,0.2695024933211595,0.30806325188239686,0.5006053388767762,0.4259028035845855,0.2703140871216116,0.426242619846162,0.44993051575548043,0.22266808939509322,0.4922035824767066,0.2927558571453321,0.6644636584653645,0.1565570797977824,0.5574741839426951,0.29413794168777446,0.47593855004220037,0.6703965111844623,0.45471960996127353,0.47919589308844784,0.1740032555734498,0.500469650439395,0.5141110839256744,0.34103313704981886,0.46347525933621897,0.486258809120729,0.4574992343938233,0.5809871646329067,0.5852747605517148,0.48784913325042945,0.2973857491455686,0.6058790380199713,0.22342780260599038,0.6216162748773435,0.5850141810604966,0.1678651136187853,0.24836095037176273,0.23112269811675007,0.2612159145372825,0.7351176122283587,0.4734072283594009,0.4261178198253507,0.40400840635415364,0.39895274249556734,0.33820107709752767,0.5490025007933224,0.7266064000931013,0.412806481682037,0.24508596578044275,0.25065839765671605,0.5047568927015865,0.18447345243982716,0.41015048861699815,0.08526425343034559,0.15612899981619435,0.2380217030804607,0.6554036953165253,0.48035441316161753,0.9356300569356026,0.2834737453394694,0.6500172679717156,0.4817432028018849,0.4345859822613458,0.20823774038755688,0.4534727132116636,0.6786737024733805,0.5808451775215616,0.2888313418335206,0.4250682930123598,0.5133033966138233,0.5165138358666967,0.16330108191342918,0.4900208441101529,0.516929914179944,0.3614898495155447,0.26958712225796977,0.31916820770050097,0.45207977752081785,0.25815949778985364,0.4436775715697524,0.6950330875818708,0.3073715171846138,0.4131943817318175,0.6755000750648973,0.20979040236600535,0.7032433467210912,0.55618455646548,0.2423648231969683,0.670043013554961,0.5110826030341784,0.5063433295551393,0.3584994747035199,0.23701150196372137,0.536086366753176,0.7328788015095783,0.6875447532172803,0.2548024985014187,0.43267939341868494,0.4151930179456888,0.40807654159577256,0.37254903915700227,0.6351365064330313,0.3692420929156477,0.3893156952658148,0.055001593592362064,0.4012827963362948,0.5021868229681473,0.6782943607356416,0.3242480858478903,0.31810999820112296,0.371892596923045,0.532004329558582,0.7539742603417898,0.6816681588125285,0.7501499321696949,0.570746527651845,0.006557300029575094,0.44821307312780867,0.25349888283643446,0.4140796796615802,0.39373311747770945,0.30532454984659624,0.43632171466236885,0.8381987404950264,0.3087025146986262,0.8375741093946877,0.6115504111061255,0.40693593491721686,0.6361996486268138,0.6024113317573766,0.3576247620950261,0.20097636978767916,0.07435513638641021,0.6450924549502803,0.502149889294365,0.2573670058321218,0.5080715275248163,0.39837032935654043,0.3788284978172157,0.4977421865235302,0.6900890536443524,0.27108014050620727,0.5964170015346625,0.4072952482080895,0.586367481119762,0.35812608438809196,0.20179595365683534,0.3486172425976395,0.6255881051616633,0.16402184520316038,0.6018199162225855,0.22196102296170814,0.6655310510594855,0.22927666722810053,0.13641583748017416,0.7459039226359665,0.5542058050016032,0.40414677432377777,0.5595947175028513,0.4015369040515175,0.5630695619426905,0.5855937084839461,0.53403473788267,0.0,0.5067970235304334,0.27405241295359656,0.3768052574559092,0.5285436070078481,0.14284063729102103,0.5211352481150574,0.7090301899273334,0.08284022472699869,0.2802094977971321,0.4881244751914245,0.6283828829097035,0.3209451015892945,0.5946429777528652,0.5253664958850633,0.7172461740277303,0.697307826074527,0.1622501688466202,0.69032044656814,0.6570716140899552,0.47007596531827633,0.27128470033496155,0.36770610877958904,0.4153154309170397,0.7434562483852257,0.508811974308666,0.5315341522884565,0.3662652712415396,0.16034835390423158,0.5847176000561792,0.5940230094700509,0.2656687677282075,0.7408002478162008,0.46332745252765384,0.3389075454482801,0.6861430939455758,0.3355017069565979,0.5683748878070484,0.20744274632498794,0.9482941637258586,0.9100842296585343,0.43020800594657266,0.4756125899178809,0.11402569286690611,0.5654067031264723,0.2457633094429876,0.7988149183511698,0.11397000618938125,0.29966631785392284,0.43159772280498965,0.40616008915100876,0.16183608663321927,0.8687020431944819,0.5452992642335762,0.381776184882855,0.5272779158205938,0.621777412414031,0.19123505853649236,0.6693702323947814,0.24128248934928545,0.21330059656960731,0.22361971055469654,0.2134463207755287,0.8329211925824341,0.3171350744992987,0.4538344252069981,0.49759843233677675,0.22963453756230878,0.5582945769937393,0.4967525516765307,0.4969267586536686,0.20764517498250537,0.6134417650820935,0.2142586276390005,0.610109318837281,0.6575117944318755,0.5718007300656158,0.6159987331254216,0.47199549092803933,0.615570791270782,0.31380147742898157,0.29056311392263046,0.47267909937671143,0.25085698270372603,0.29929681229876876,0.4096348824331099,0.24496422353712283,0.40536594959181566,0.6627333743753179,0.20931452998673408,0.6709232912168235,0.16850734183166896,0.6794797844091292,0.5669772326317452,0.40683390717295415,0.5066492198659694,0.634406217733226,0.3350005683793818,0.612901214807481,0.4994073459615442,0.23270550982470461,0.12485550669245885,0.6883367113800183,0.694627952903345,0.17365487762256432,0.640079317495933,0.20949709349416915,0.7213176480649084,0.924794205372293,0.9229354131291133,0.46615341747612327,0.8849171363375223,0.4411664906241099,0.49150830602452594,0.0703732917468528,0.5298587542442671,0.05041017308525658,0.517414405487479,0.15636671809115615,0.45762947928090886,0.9475498635477283,0.9142851163150673,0.5318725189595706,0.3845713407100502,0.21154846591377324,0.26652634549110693,0.3243752889460112,0.8571647638994994,0.44808029600733135,0.7789580493439412,0.7739652104835539,0.2990498232333506,0.4313012903113454,0.3895231270547792,0.5779132011532278,0.40528369803812125,0.18592654150832397,0.08555938525358851,0.14407511184910507,0.14020703274030932,0.13287867031946743,0.41590929596981197,0.4510351026537323,0.5681109384562314,0.41019041374486537,0.44168293030972117,0.3077096533809722,0.9439152689018196,0.41976242233045835,0.5206524722164451,0.7356584145925202,0.432201595805982,0.10878629870648816,0.3551817124576768,0.34711925391753073,0.4813479175965246,0.44830220902502516,0.26361633329561235,0.04692766113175838,0.10174201973362014,0.10406135237139032,0.10548459810175292,0.32251276127275186,0.07379046217112932,0.1335670988739518,0.2623842134442116,0.28659679398269705,0.5864696113703592,0.5622530142058972,0.4924913700770293,0.27752393258767394,0.507225773740243,0.22194588443344343,0.4306311158163996,0.5237892126973123,0.30247833399408836,0.5152931798583417,0.3048782541569671,0.3356504748212291,0.13733134467531094,0.5086728752757713,0.487187730371568,0.6127242891100266,0.08021019567794098,0.3715593400156191,0.7076533922052871,0.4446209860275125,0.21010784843473607,0.46912181786685886,0.14694909108725876,0.12021107946085831,0.11902342813865173,0.2608283919468958,0.16621746196541343,0.34716155260873344,0.2113540589213144,0.4639169176701295,0.5940152048939106,0.5896032435914853,0.4919288279664993,0.4068715818690788,0.2943009587804174,0.5067168029485031,0.5243200760027794,0.12307517319091882,0.32865279881942716,0.511297428616578,0.36219598604417225,0.5191550876190886,0.46929702975906606,0.4188664638113434,0.22377180553063367,0.7984863166066674,0.15686569644660395,0.629465080098851,0.7282952720945659,0.26966857398043625,0.37284162936687215,0.5316823553230012,0.8229216189454414,0.31071609590154836,0.30080960383381206,0.3441193697410565,0.33032307525759774,0.4196345684617964,0.4092345084098855,0.28451768563379753,0.5369074888313939,0.40606426140486696,0.45561028418610233,0.4393469456154478,0.3442064282618785,0.34908924817410714,0.33682682727894325,0.41088272664953324,0.12467563417704533,0.41176363955803175,0.3847122049155072,0.45060189399689987,0.5785019725269592,0.6165808474937643,0.5415924624705889,0.5016341797967315,0.4472790558220253,0.4198146557562416,0.5590543719325354,0.5552223657292944,0.6191134103851329,0.0,0.6617948426542446,0.4974052006115107,0.08478716968485783,0.6938392531138339,0.7516734045436029,0.6110973942414861,0.6661006462974144,0.5425620962495133,0.6467300187847144,0.6426597362163423,0.4289264930105651,0.6730849893978739,0.6603831772578995,0.6597421862743278,0.6302678345789133,0.6581596525774961,0.7469723830506363,0.6864565022081144,0.6479202577705041,0.6055622294897709,0.6805949569289552,0.7353670613612364,0.3196738837520211,0.842199386344223,0.8712922721077122,0.883711440520947,0.8728008931794523,0.897743188999546,0.8370756586423753,0.7802633034845217,0.40238639278056854,0.8585651930176045,0.8983245730715281,0.8543869548059431,0.3302831899382165,0.3813239977464472,0.3480900610318099,0.5283799780309744,0.4084243354946483,0.5346325479484831,0.5294375049256178,0.13992097111046692,0.28135007207743284,0.4152456299627068,0.6528529787198374,0.3934090522870745,0.4305908228791373,0.24344061557130367,0.215258059125789,0.5261864726681379,0.1726870992777445,0.510589851005369,0.449856866139054,0.47610073540376513,0.2000797744311835,0.41391006612855014,0.4366946350263581,0.4770945476100468,0.422594778591204,0.4425592190198278,0.3857511330880164,0.47301301811484
169,0.2361617492827304,0.6317831232399903,0.5064191500218054,0.5252965488679604,0.2603994956050183,0.6167460247611114,0.5124239183585875,0.20037418438494045,0.45227935302960676,0.24062034492306417,0.3030885991890397,0.27735806361149007,0.5644241813605857,0.4078142194598886,0.11896241940075962,0.602997800163008,0.30443690721849764,0.5916901137480671,0.0,0.3669955547081691,0.4957836739122424,0.383614716312613,0.31941915027859913,0.6027071947378023,0.32947846043371726,0.19407951093289666,0.32985269626855973,0.6739728460483089,0.6602733073117599,0.5131729655624905,0.15682308251206198,0.5739791914399317,0.4874756650145943,0.1105276734634843,0.5291701749239004,0.5818597577750694,0.39528135489589405,0.27106333746010525,0.04267147729401644,0.34396505938402056,0.29276590805182356,0.280212067790552,0.5530895203257897,0.4996892370509248,0.5340143811102461,0.4781462983279005,0.5224567483673332,0.469201635232079,0.45407652542451504,0.6023347411429979,0.49644344680790975,0.2949322176893888,0.7782137176295068,0.5395980777025957,0.3084549642890989,0.6474748521579149,0.35843593691813724,0.3327840111549183,0.3604431106343037,0.3017851685796925,0.23116122265429984,0.25360696466044064,0.32510344788427636,0.39463159947595833,0.11513230650199198,0.13114750151449725,0.04781545854732849,0.4963429385537989,0.8128709960607235,0.43186776649178843,0.05128495653830272,0.707129888381148,0.3694689226398763,0.03520512062379888,0.6669487414138066,0.48912117775495106,0.4709466644329751,0.05183130821177124,0.3419530718226823,0.3006878984828237,0.783845132009905,0.2993949006418055,0.8311954553145847,0.49667588835979276,0.17990011685050863,0.18310510477215797,0.2225429243005155,0.5434466005263882,0.5948148677794493,0.35547306268651996,0.6105496169967799,0.36989019278581253,0.18922496819330023,0.1662515736852767,0.5838772213987872,0.3302456374983518,0.3974415469981603,0.6165897784356811,0.14572494278081852,0.5555364181545266,0.49064648706802233,0.5441294924413962,0.25389980391294314,0.1750269087215952,0.3906432813221175,0.3576557292758513,0.4061609921423149,0.37235615405043015,0.3793849061331593,0.18879258426597495,0.6214041401228219,0.626968972773691,0.5771216676050599,0.5821484864087666,0.6270642575752186,0.203807591388442,0.6216212136636046,0.6247844259213129,0.5425614376272205,0.1999491559593176,0.22878602818753213,0.0755972383099615,0.7110876674788099,0.491360267403588,0.3975506909601744,0.43093740543547476,0.5907650349094575,0.20984790642587173,0.5028143394866678,0.7445699346497833,0.4443970058138488,0.6981050252881048,0.3845799272842173,0.4986773012656453,0.15138226071428673,0.48291571110951603,0.2052609031881608,0.25893945970971666,0.3127929405628931,0.7911640847907162,0.45439119056421134,0.9656502950513924,0.8989130724643558,0.6678910343329861,0.5181275426769527,0.3260776245655725,0.3476588819698305,0.3162937666892118,0.6895124918846064,0.639099919376242,0.7163832305695601,0.3272037745076948,0.6033505075515843,0.6070504367120738,0.47912569049096426,0.5823053931769983,0.5860756790321094,0.20994007178647528,0.44308248791391563,0.4611139403834846,0.3482241727347335,0.20152637938212625,0.20615572736893328,0.829184027749281,0.27330037035278343,0.6143736690727527,0.7199223205043072,0.291992108790191,0.7481448328013276,0.3934823848085739,0.23283353127084716,0.6597159985210079,0.35744474533226434,0.6375644603443363,0.4318220020310008,0.2693946692597568,0.5460814488549681,0.7116123343835387,0.6415516227825006,0.23601153064413866,0.5492159151226838,0.5732205166317087,0.5583145972340878,0.5317746001813407,0.5098393698206567,0.24539589631439548,0.3100964686676878,0.27382022015118035,0.33164150653575103,0.6712478040544513,0.7857615655404098,0.3149090877724454,0.41046487393817394,0.13123675936053805,0.5787332144829578,0.6266077246732683,0.6722106825869306,0.5352990028108636,0.6973494846677963,0.06582543207265018,0.27223331503076414,0.4890035204808008,0.27163029242703907,0.26233093780062244,0.5596848599487885,0.36822650072247204,0.834274676110932,0.31179113212790904,0.8478966652880462,0.448140125230847,0.5640351860739186,0.4957826744644146,0.6859998831560011,0.6183323873120053,0.31575218306765906,0.2895387459933055,0.6157028231544627,0.25348763738407504,0.2640002955572426,0.5609842521862258,0.48311386482382107,0.3659796308825429,0.6944989035958345,0.6871270530913454,0.5496097440740314,0.5728926413812667,0.5395118806550498,0.5718897789722817,0.5895723880616096,0.7125628758078325,0.09123755884591993,0.4691378444064754,0.22365741574189643,0.39446284256308095,0.3054758232152784,0.7230624798908484,0.3879716064614293,0.2687288328440742,0.7519460415600558,0.10507028426635338,0.5520748295518678,0.5949634255906798,0.5451561645699037,0.5585250333200074,0.78226486367391,0.3136990634069713,0.2390472726663277,0.27628364349430884,0.07957333612323073,0.47631838679742744,0.3384007805649558,0.17325512033182847,0.7792342413185671,0.718520662921926,0.2722297625112181,0.23121548122025068,0.31017841263518087,0.39383207506256723,0.4142275203401592,0.369854278739623,0.3998801683416838,0.4007337576556725,0.37942692963236274,0.14552888869673317,0.4281231258484637,0.7483582381686192,0.5005338093669403,0.17396522919216437,0.4265025984434867,0.13899542607826776,0.7841356527443878,0.48394782636235206,0.4645770044094545,0.3326300058189569,0.24679301893239894,0.5624624373748369,0.6224954762992355,0.4796697688835494,0.6120302203863982,0.3207879836179543,0.44467519217963164,0.24812435807334762,0.533446838110374,0.5355142832065131,0.3955085394215361,0.9480185899699278,0.9408908100593578,0.33549183198175886,0.6204229784857446,0.39926487356504814,0.6926089313556829,0.4259179393938767,0.8493421219790969,0.262827274935387,0.14557800193239168,0.5800032736322159,0.5520503024453558,0.30706271382811084,0.86502654536161,0.6279014808739409,0.10614889795661249,0.4883770739613784,0.7013653645570962,0.27036912720083794,0.5303177440233514,0.3511991544524031,0.23056825257567184,0.17477596266354792,0.261741947373746,0.8903521781602871,0.32093293466393435,0.4460028195383637,0.49078657842324813,0.1317759302486266,0.4428714740756652,0.7659975294540257,0.782916845181717,0.253365117972638,0.5970795975183193,0.34594912212627527,0.5949804274297874,0.7603608205420478,0.5402462864262414,0.5710226218432204,0.3342486296734106,0.6677515412684819,0.7541649634557308,0.7045024074580707,0.6965312557171893,0.5421877327103336,0.42777426430471965,0.563497426662406,0.6794634376005917,0.5649399411005425,0.6621345597127509,0.1303599637875041,0.6713798832365757,0.18840482814702655,0.6887132123988988,0.5385559506429183,0.5167268243660028,0.6015545446343937,0.5681547304750443,0.3957923506439003,0.6102145127989068,0.4767171634857523,0.38670539429749834,0.2902541266535161,0.6608952691492491,0.6491107161799339,0.5795095302596124,0.6255261833664264,0.3719860217968429,0.5297065855478675,0.8942513194394499,0.8838143662235064,0.5260901151605073,0.8587838783522499,0.5205916262670516,0.5262928789212594,0.03323275215901746,0.1703845229715496,0.016321821106855157,0.19936937272101585,0.006303566763739791,0.0527368003965374,0.9405266515170393,0.8871008231763717,0.6118857142377112,0.17658359862187448,0.10032595285833025,0.19152120117037746,0.4323704114595308,0.8000494766961509,0.2229284838604226,0.7290353750235828,0.5166465107433951,0.2894680612943326,0.5689274466991759,0.533203269398093,0.549478059419828,0.49709356903301205,0.09795080966622638,0.0588645694395936,0.12184868509633406,0.16271148271702782,0.1815193548557811,0.2118388328470188,0.23259458027224356,0.5929071932070258,0.19860388449997102,0.24998458128068748,0.2480620316560481,0.901117617662803,0.4579269455315542,0.6006521241093751,0.7695597369514015,0.055080571407702325,0.020484833860793507,0.07656772841594423,0.06617543412530334,0.08253609162089602,0.05643259115694308,0.11358458842851987,0.09684200862420198,0.2995127519073216,0.09248623750038061,0.24288579503744387,0.35601020907362085,0.16756535771109252,0.3316273396204009,0.26306314029204925,0.2728017310721132,0.33606735477185495,0.35267939664990094,0.22518973113228136,0.10328286966609418,0.24498418629556365,0.154677898653576,0.5843431489985644,0.18915075649666985,0.21429276975013042,0.33786960175007325,0.22269922034848372,0.20774276400121894,0.2583828592438639,0.18816685590728993,0.12803805780182562,0.25533030096288833,0.026414544223429006,0.12758590422552896,0.7022139777197552,0.07349654152196497,0.06152128628365037,0.38635621371671547,0.10593244843609324,0.10216102560625227,0.0012625594472714214,0.229409711417749,0.14388057916238747,0.24333007877179416,0.21442806864303282,0.32616473331814994,0.7082668813220028,0.834775524160275,0.44970263031277713,0.5946795944185886,0.17530834507741386,0.5126917519061955,0.40877722503759345,0.05976379345458676,0.32874617426387465,0.621417091268672,0.677591122275695,0.587319473043712,0.4611102566405189,0.5937136457512483,0.21645399105112384,0.6551145327746936,0.13719825572590894,0.3861851626196069,0.7281966429711797,0.22598911433454993,0.5354905983060287,0.4988542102326367,0.7368563450332503,0.44200346859402284,0.4362397444591105,0.6603789392333437,0.438040573612267,0.6151936847965951,0.5744618919581925,0.4439123780506528,0.21627666034424547,0.22037902056232714,0.19332262114998555,0.1718599242012053,0.04885545137422062,0.09643626312040077,0.40300519066839235,0.509333890784158,0.207212236094819,0.2195327970593018,0.5504157318098697,0.16291960190037422,0.395468449580772,0.44157718662112416,0.3620905181034307,0.34995596503766374,0.2767925421999586,0.24735489933630683,0.31452786814481437,0.34324699841118406,0.5156529032221682,0.35511160044515494,0.6441252754374565,0.20429403260098283,0.42305503040365267,0.5257527041272567,0.7926205514679717,0.8694526980028536,0.6202518702138224,0.39493284853360827,0.3618470255328313,0.4196118150826441,0.616754871203234,0.5237089908863582,0.5407645643108456,0.6709191912740188,0.4472071255567934,0.6697902663379292,0.47635053226444385,0.7005645931907081,0.6477607037779932,0.6365858911677245,0.7339813700852795,0.7601834809207997,0.41759288849555676,0.6619653258564789,0.8583196268433405,0.862033242852314,0.8528875279348511,0.8515892982574098,0.8258813287949274,0.858328908431438,0.5643982826292745,0.8862089413305831,0.8498715409824872,0.8362323080947163,0.44718958902084766,0.5414981834388731,0.250436037151809,0.5036345165052913,0.607247783082936,0.5075323142834713,0.5780474819435251,0.4092626881587953,0.2773862713487419,0.5890812471032042,0.5707944202260586,0.5562143935535269,0.40463527616798217,0.21153829886590517,0.5634442303160117,0.5341719644912645,0.28001286063609393,0.3194017498209841,0.6708031191875167,0.4170886645857421,0.24807158035905927,0.6030268917063991,0.35658802811073653,0.48671682929302135,0.6043439967344422,0.5540423945797743,0.5523098942024648,0.6235261769982879
170,0.3609454810131389,0.19892147507858304,0.4696986631760309,0.5029701952157524,0.17446045767186563,0.6403214005481043,0.5797593676214547,0.28842949067191304,0.619242574725093,0.4044506850132683,0.4613661025573239,0.2335622609786034,0.4845892098756381,0.3881950353908844,0.21117431614786036,0.5542994664026966,0.24222226119084186,0.5445788756726242,0.18489780293911473,0.4198433787724975,0.49650282566124854,0.45703874294590596,0.3017120553991935,0.0,0.5066273758597603,0.4124747926535446,0.400158649594639,0.6846118514508136,0.6755296572562033,0.632416337324401,0.38854805766269596,0.1969672228538449,0.5409142581684514,0.3865942630968397,0.6096600243741682,0.13161903550410475,0.3251281131115529,0.28241918902905533,0.26728560540651836,0.07797516528383173,0.33865206041048834,0.37932072731495825,0.2961145812074192,0.19271887161438817,0.49236462871583325,0.5107079602286059,0.5656798414975487,0.0753217361646188,0.5365281100129795,0.4005566399577143,0.441765392544106,0.6213168459955829,0.6517392861109785,0.19185791431509103,0.5945455858835461,0.18229570387809355,0.30081928626152016,0.35390603318883457,0.2382635311086147,0.22776139232413126,0.23534755660177648,0.09234378750493326,0.3693435513618966,0.6379998382514744,0.09505556918043202,0.19308035593663558,0.6949092313266776,0.5343265907004494,0.6045226340133151,0.5667078660552128,0.16042566136070344,0.5032414800762207,0.18116769205525604,0.08342617646798313,0.4262121295664049,0.8584673521278107,0.0,0.06909252378840462,0.762314159151201,0.3748465990335269,0.32358862227299967,0.48741343224720873,0.412733998479521,0.4721376797243509,0.26561914219517085,0.32022865069807704,0.145938915713249,0.5317147290615446,0.5532863055990027,0.3983379119159727,0.5779555095148465,0.531103160822236,0.5324542042529146,0.3804161954168738,0.24424736345308903,0.7559831562512939,0.37336939958590065,0.570941820707439,0.21325129972366205,0.5051448999397086,0.5496798205197344,0.2016353972128259,0.3567995212603544,0.3496295703541592,0.3053804626848216,0.3064162009964273,0.5091193064486214,0.3961676534940242,0.30628065107752467,0.36016992012554544,0.7142685200823461,0.43084192165882274,0.5543470963920761,0.35789896140695965,1.0,0.4741622212013063,1.0,0.4067783730126335,0.3442462761704025,0.3696925885449889,0.217441799222038,0.1693939192520883,0.7057770503591126,0.6239144101024067,0.3702323185332704,0.5705466442227947,0.5214542434422401,0.34625932323883823,0.5450886699956254,0.5151486094920967,0.46939564250527366,0.5353173380122358,0.3205983295002157,0.18695064577076403,0.2038463948890891,0.5194722014830754,0.5277590126794462,0.672103533416898,0.4145410658408669,0.509871771976647,0.5530054158418505,0.9225431114910222,0.782687074310919,1.0,1.0,0.46164634057467213,0.43672189628196295,0.4345538661240799,0.2685011814245894,1.0,0.41433039209188444,0.48475889514023246,0.6577204223667802,0.6541025364209385,0.39508780454862774,0.6285003661859936,0.6437219102965039,1.0,0.5845993775132947,0.40311876922750267,0.4482326058200628,0.5854994941527769,0.4474774487476167,0.5216764658270543,0.4204322030878845,0.35289202363088834,0.7023822165099167,0.2654523482019588,0.6009266736202954,0.5116316975452624,0.12459035155978207,1.0,0.49355602768785717,0.432388942901428,0.3684157848235385,0.29453971633488113,0.915112659289318,1.0,1.0,0.207479941691765,0.6481553958985987,0.5319232713940202,0.5267737215034881,0.48436017361686523,0.38377988953840175,0.6644097647798141,0.7055027512510745,0.24981345499058033,0.7026336050489091,0.27683754248901843,0.6172985581525677,0.27279377815546196,0.3394424688674477,0.2743863751797156,1.0,0.645242351300957,0.9249014262652052,0.5138270391065424,0.6148475835182802,0.2618618936729697,0.18606484237836834,0.2822499977856591,0.12249596660854423,0.0568846084825851,0.5294707834109355,0.3595042713772464,0.9210158904323049,0.23557517138282785,0.7060094325875708,0.6015118726825988,0.5187361503929353,0.6189497413344909,0.23605197130213226,0.6370506938150365,0.09388779668014188,0.2976857744834162,0.41240451610995416,0.2714466537201706,0.31959947446476056,0.5611695326591838,0.4130406237638113,0.5681617533363942,0.35156029628602925,0.8336568005790336,0.21044527448252864,0.1848025911308393,0.5857064002077249,0.1632541360783718,0.7242454836817133,0.25855583194821674,0.4072831660703992,0.8111808817480228,0.24700029232404067,0.7954220196588014,0.15985052616067202,0.7270111770307242,0.24100072750257237,0.059212393092771994,0.7663973391601948,0.3037848521758511,0.5127130602125409,0.17088990926965306,0.5145380150884862,0.19161008815694852,0.7296066266985901,0.6656212874552369,0.37473975231982554,0.659454070055869,0.13749815269255602,0.5732795959890619,0.2925538036258302,0.20752326368499766,0.824066206034409,0.6955872792872038,0.3161230075774501,0.32416981413704765,0.24874141256899152,0.6990399116881856,0.2854460834712737,0.6590583975996149,0.6484879936840964,0.7601927940427881,0.7500752234963584,0.04759887657375182,0.7683533955059728,0.6930984461433913,0.8647018823849152,0.1676994440073689,0.5607147292964064,0.4141363669518652,0.9323759152733192,0.7562079776343643,0.7087292066682728,0.5947221104241686,0.32875227707872723,0.45470544757967857,0.6590065568164512,0.39636898236402185,0.8894168884026469,0.2545898434410128,0.4333497450102661,0.8295488469702278,0.40359882262833385,0.8904493949403723,0.27993731503852215,0.9224919152760209,0.8766429297087507,0.6350926821174836,0.5901372627270262,0.3872156297197776,0.46089678218594854,0.3605215304107758,0.7580067749301393,0.10141975718443913,0.17375879428016802,0.5362721557267554,0.5112903663889434,0.17341945990086263,0.5874611868199658,0.59637488012316,0.21558539817700528,0.8105494684226829,0.7448016339895838,0.17331982669245644,0.7324446401007095,0.20581929892991857,0.22000753648432766,0.19380959355433355,0.0883233068037237,0.4190924677785011,0.3159636787385878,0.5252814754963173,0.10778786236734357,0.1485265526470891,0.15083879456010063,0.45915382768271684,0.46245519357043274,0.24644826014456084,0.21296272998075164,0.2944544607962925,0.21571734173277649,0.5335048663383,0.12092058960446309,0.19039269267036657,0.0686419373479039,0.6933199929546174,0.3566778428711593,0.3122081161175627,0.5610309179272592,0.4288642200722021,0.39508240031699815,0.5306904555579913,1.0,0.5189306700478737,0.2671485396480692,0.24258839562819204,0.27301611875434617,0.13955012948861903,0.2873938647284207,0.11546914524256782,0.355358790358451,0.3057004614302223,0.5157763363515248,0.34895680042197125,0.6814239963005655,0.7305279608122526,0.2822463747481564,0.21624219326044775,0.5675212865119905,0.5489901718788812,0.17450715333145844,0.5347309411836272,0.3700619098988589,0.4852866466660735,0.6611770491863926,0.6667504297958667,0.38497272521984965,0.6682603038531316,0.31295959863069583,0.5164633520759542,0.06487943034804063,0.7001612364032025,0.2508877119413748,0.6914729742446477,0.2976124548489146,0.6397963403494749,0.8583046098738142,0.7896211283612843,0.5349466720401023,0.36128362055416235,0.02871765204588117,0.18524211225020798,0.14065245732006293,0.699766250024313,0.6637945975673993,0.8565614673667347,0.8906639128305401,0.3384941546977211,0.5327048162343774,0.49026496801780195,0.5924622011797902,0.5621757080597888,0.6053210693922377,0.25440029400917114,0.1319371089629555,0.5640629711272876,0.5477570799965843,0.585656654221042,0.5884967522951061,0.5777958053234485,0.5643298458753707,0.582004337546794,0.12749190784192493,0.11399678899986115,0.45159963108008255,0.33407639448980136,0.7819187494392541,0.7474933633774429,0.40005005657164416,0.7596018192657572,0.788633840224037,0.6676009010284382,0.620401238181432,0.501160312124479,0.42340723138723474,0.18440303207056297,0.2240161575350502,0.3426706810839651,0.4490915472215853,0.28266308909868915,0.37273771208138134,0.7109565190399374,0.7007069411751872,0.7235983625969595,0.6861074789901597,0.6219669913596675,0.4548184219638078,0.8304818281429838,0.6638519188100321,0.5319263314659278,0.8209769578173036,0.7106670485409724,0.7311378865030094,0.12371975704462031,0.04328318266330317,0.3401326622102578,0.8338075200736013,0.845147432117684,0.7879293464094166,0.24602240100490372,0.618966502333038,0.6071306851795452,0.8238561092696043,0.654352081960684,0.13726267553771784,0.5164700324093903,0.11523715755676973,0.07476395475082952,0.24655945490485587,0.36422423276318583,0.10579167185933945,0.20692031255504373,0.44973449704821367,0.6964548088546085,0.5893509160335928,0.5213126381613207,0.5265982974390045,0.45398005956707926,0.5441090221281711,0.18509560872931796,0.27814283238021686,0.21947901518562046,0.6331892985639259,0.7815727909573971,0.6486760330869089,0.6400781758265366,0.5522369133963695,0.36121061325590237,0.44452099489430125,0.05059258400200646,0.46618638408314406,0.500668795982801,0.16473390189567313,0.49626141405721463,0.28135713321770794,0.3617719604003257,0.3151543743005854,0.2964198384814745,0.6027361891226559,0.2740961585489484,0.6841422823906338,0.5586679714699482,0.16698477746936227,0.5798811371125911,0.46956734406019496,0.4476936376097598,0.42775891557569196,0.6586308583003072,0.6432930708920751,0.33031333422134695,0.3453883387281378,0.16190324279340684,0.4261156938510083,0.5087533811822833,0.3923006424352401,0.6813638828607288,0.7031643967853971,0.6297685104343548,0.6093600975420674,0.47667454405600374,0.4431613214629973,0.30345169250465026,0.2667102036469556,0.33274051644743513,0.18552890846159595,0.5641341616929907,0.3777051105575843,0.203606745796443,0.7424715238484833,0.43796994751567,0.7365216041270382,0.42434275573375396,0.49979519521848204,0.5709949332770274,0.4927085973927494,0.5583962582470882,0.671597956069415,0.6529779331478146,0.23825324510294046,0.5158790319447755,0.2578225197365698,0.5505846300249865,0.25029040001836966,0.23096845089639537,0.19700921495651666,0.14316422350492083,0.15749623456429945,0.383866363919547,0.42382127397231945,0.26166555869060015,0.25029162465601257,0.2419129451006185,0.2748633276485992,0.1750248546880855,0.36779146696863796,0.5234576976973272,0.4620032308120763,0.40487063621023806,0.4140169812647845,0.40647151397108905,0.4959412326405875,0.3167261860970451,0.4716536269648391,0.4973832176067139,0.7958624868891601,0.3899138553441054,0.5158174823490886,0.5054782955407341,0.5328175391336195,0.3776621898738023,0.492128616493156,0.5439156953267001,0.38878024396795147,0.5755621977306825,0.5137523244067185,0.5625659229379523,0.714891974150845,0.4527293963792914,0.5698311297254245,0.5349524665957855,0.5437897890369657,0.7263351851176608,0.36721529124604807,0.5526080399819665,0.6556936350661047,0.5121709867109769,0.5577996531889686
171,0.5107396468188999,0.42825866635580473,0.651126185292557,0.6015921575710985,0.48495990549553575,0.5408314018738956,0.6363561637049191,0.4556134404704808,0.482553733090256,0.2730251197435346,0.5594429130896771,0.49204758878146415,0.5011267101932964,0.38585087955523995,0.14144717461855674,0.7344305468057998,0.33699460579252505,0.6988668513387339,0.3953160093363984,0.42657119370040464,0.6496189545638715,0.28127645119181327,0.5575088063240892,0.4495439099490581,0.4646343694033476,0.4176651871856593,0.47260328327446627,0.6034847474955085,0.5869138334239772,0.6909128140409039,0.16103753873123378,0.4278866456284067,0.6266456000050168,0.06565324966736713,0.49310738994885117,0.35691402207659806,0.51638184189773,0.2755759594962691,0.1097190753866405,0.1551793534888167,0.30456039908365107,0.13898766448705646,0.5006349703154926,0.41308199299476994,0.7250843305546837,0.7407340847696517,0.7084328045865474,0.2799425289962353,0.7380293702133721,0.5843962508875272,0.681354575437632,0.31230575160032703,0.752107053494109,0.3564036327165946,0.17824147265578177,0.40547863077928015,0.5458102120563516,0.46536548734238053,0.24418305927003758,0.5136960796332514,0.5126908069358498,0.1921100675991202,0.33373614098373977,0.655231054826985,0.1836656547485063,0.11521001241244119,0.44653988082517443,0.12560133780278068,0.735603109355793,0.5468602719700695,0.23682341862835868,0.6354920321696742,0.35147251515387307,0.16297696573635617,0.5709333410084808,0.588909231649234,0.3077394890727457,0.1736994856408434,0.48196080186444556,0.278160447923396,0.4882514506799458,0.3435810358957551,0.47885266475984045,0.4000844968285852,0.47295246474826974,0.278448371845633,0.4894267855839803,0.5556906345545269,0.7300219305606052,0.7044435254582356,0.6861197826785757,0.32171020845188686,0.1804611941502214,0.034689842853457914,0.44728435968678615,0.4472394870268475,0.11898806342060818,0.5892890909580605,0.32203168834647267,0.5392318128544543,0.42584591916864184,0.4532295079476965,0.24572521036050654,0.5072257257569152,0.5811743341131981,0.6037971100234039,0.6019350760836213,0.44497218605757655,0.564935405266639,0.0010406856986622302,0.7722476467396503,0.4324786222425207,0.4501367442875032,0.4554849761233006,0.5743050733355378,0.42746799218395787,0.5621622543657794,0.5819965876854056,0.5838796650386793,0.3292031670179374,0.169460414137661,0.3301063974498067,0.7314315465753124,0.6309664517627975,0.4174933808654704,0.5669402399582689,0.8424696176914611,0.33775979995764077,0.5727162099369131,0.658420805400013,0.4603547834754395,0.6056969323385802,0.5673959291551546,0.40229663024307044,0.5320362638835257,0.7172920985857184,0.45306544600035326,0.6713706769004433,0.23343632053403945,0.6206185094905684,0.5546939738669789,0.9243005552920524,0.08903440837224613,0.6135781659545463,0.4614000674201467,0.5461821003975466,0.11397146656689697,0.5647394928904472,0.5672906327969449,0.5714774551108259,0.5158674190596004,0.5467045520238288,0.49957056487052787,0.5075314659970073,0.8178415313737825,0.47010463081352105,0.40437180050129773,0.2584469250206679,0.6005865534066829,0.41776269802085175,0.5712077863792568,0.37802318317928557,0.4833195543727498,0.6348861463432642,0.39106402547622954,0.36374583378622627,0.8439069642458813,0.3335031224435489,0.6243120828918439,0.6464907144544801,0.25484258802249316,0.5954815458445002,0.6264301964250939,0.6310809881041224,0.4711434947833651,0.2982665596036962,0.5568255770554347,0.6691572636175992,0.6128602352375332,0.29970797139652766,0.4193258706662849,0.7207802362853191,0.7065324570529722,0.6516044989697004,0.6770429878999235,0.53720756617846,0.3831387807794953,0.135600203751398,0.4058346940151088,0.517153432651683,0.7411527336872903,0.3261345905267292,0.4808312675208435,0.17771697165424966,0.5512777345038029,0.7993689365903857,0.6703607055945192,0.7572686326322684,0.663638774538545,0.21598895030453116,0.6683257479132809,0.35981847224330615,0.664859638894832,0.09995133506772703,0.4918012559885261,0.561627374679837,0.6630369938426497,0.5415897018248114,0.8822287929283301,0.5257708722335455,0.6438169891728224,0.589715101323146,0.5113069983858849,0.8890739236424917,0.12970158404271095,0.3276054679836918,0.5403013897081956,0.38373577515123025,0.17191695519792383,0.5490505914869038,0.45885141707800037,0.6481813018128929,0.4967369896326981,0.8788227039483456,0.5112143615622701,0.3826471707372496,0.42520347657744834,0.3917101077172335,0.5890726848434246,0.4556287237649041,0.2913583559473095,0.5206339531075493,0.08672401107813182,0.5068422086200974,0.5634686582558152,0.8033307112821005,0.5656419861681679,0.2358163202798407,0.7715268556296269,0.4334426077637594,0.699523726202556,0.33916333400315934,0.6935895277118883,0.40644116292959614,0.7959050659294292,0.4725466961163018,0.34987777641220824,0.42800023659844505,0.2173914609964274,0.6585985297226448,0.404968049481434,0.16392188828077636,0.5792529523437807,0.6804660558879068,0.3042047074695689,0.2591220753494285,0.36717674920436577,0.5929943885124277,0.3034515491309514,0.552089608764166,0.32249416437209766,0.5188711740317768,0.49509588797766996,0.16072175819389586,0.4762015621101713,0.8206089195044162,0.5406577658432344,0.39287591103550584,0.6408218068873781,0.29568252151398344,0.6287249799455387,0.876589440958542,0.8662014716086223,0.3880522065982427,0.14462227694299268,0.56465534975185,0.627269157783747,0.5262618950925234,0.9313373633935432,0.35732527251900353,0.5435076136801255,0.7712597653919397,0.5937836082955045,0.6440325128786989,0.5787091552363953,0.7280988085430538,0.6220692660382824,0.5255810658833882,0.7614102890718769,0.4099480579907044,0.4324005537579857,0.5129941359906676,0.7434650779645133,0.15963649248117107,0.36030033102801673,0.7075895194592432,0.7013789983200771,0.3875124953794814,0.7475816687316077,0.8258263735731779,0.12790655823882857,0.9114693120055796,0.8782960108524582,0.5780323883106997,0.5509392435400796,0.30047790237214295,0.44712101756242034,0.3192565643179042,0.43745222917161986,0.7859515629474194,0.39347278270360164,0.5639238645421498,0.32326672846668963,0.16236712758522892,0.3533539464496494,0.541288275898229,0.5332274528519118,0.281269003367624,0.3998897369385016,0.7470068378699678,0.3908725342776509,0.750399140884927,0.34630136874485257,0.3494186336787461,0.355505461388141,0.7495332225237483,0.37092256624216,0.34451923827117015,0.5178522398014909,0.3698539067778733,0.5343612753899101,0.6917422552845065,0.6955811276906546,0.6511944740633367,0.4316630494047011,0.32257223527673123,0.44446618976234614,0.3151546053654537,0.4647500140186371,0.27323882527085486,0.3331401853727647,0.890639966360621,0.5060627698273552,0.14581586676578834,0.8364022254546224,0.44248067350706416,0.24266124587766866,0.15653041272960272,0.5690357760639378,0.5522792850794436,0.3091690041762738,0.4725533259353955,0.2926193639504867,0.28354721188121257,0.7562644188932479,0.7649543768620489,0.5101872592149014,0.764089190954913,0.4583141989500905,0.39997663744243295,0.12986504997467505,0.4467300318013996,0.4862988447846505,0.4425291001278968,0.5341172209288246,0.34248829427144245,0.894470537748233,0.9047094314911247,0.5338160678693215,0.15232346368572805,0.35781599381163187,0.3101697862887252,0.5296727027376992,0.7976113192305261,0.44774566808731125,0.9712567027526863,1.0,0.35427774734523326,0.7129142221700054,0.6318370990353204,0.729118992049687,0.6274088457328935,0.09249083278720956,0.41892234632290587,0.46191142832280585,0.27468486948528287,0.2852560858351479,0.33819477110280216,0.36840234670603805,0.546196955622103,0.32445823983051814,0.34641107843354946,0.3241311398394943,0.5351896562665142,0.12237225233216681,0.5481651502031347,0.8688258796073597,0.5889910485922165,0.6770869809200403,0.44404036989849854,0.4640327647331808,0.44723649973666135,0.4068446556643402,0.2986265160192429,0.31280192915075733,0.13294337743478002,0.34513883723407485,0.5730867969589883,0.4972117299141339,0.3276069133049025,0.4309065889894402,0.4055262845930028,0.4142902306726269,0.48897485776935173,0.46297246868427466,0.42399484925748004,0.16727449790016227,0.5605686191814545,0.3770131655798259,0.7150412755808099,0.563350908974585,0.3549419486946679,0.4752711482770514,0.24136393230671022,0.2471248835552207,0.20257574198150302,0.5657172322544771,0.600970642925081,0.6147517404433248,0.6537270242267251,0.35764057682825173,0.7933175164024232,0.4654008979567379,0.1906237639726098,0.3281817990042983,0.16493624541833263,0.3361099442468304,0.4178445523493802,0.8278315191878227,0.1681891285807717,0.23519803654969398,0.10456197201478416,0.540170577623283,0.7810406601691009,0.6638468620401843,0.6112839650305896,0.7204197074826387,0.27637370958417656,0.37279962406571215,0.32990185883171136,0.6121825642184711,0.28815693012183985,0.8491690239209861,0.17563833327467862,0.7474617511093216,0.7334254460133848,0.7261208362947965,0.24385772756761995,0.8105873261129375,0.2934060044976782,0.4215364672628679,0.7323396253938841,0.5700459367949462,0.6728659599270393,0.3971804539103034,0.727937866609816,0.46394302847230007,0.4157790008369953,0.5035196077771413,0.24379883446743367,0.6716868787194782,0.7223914322660946,0.3243148331570732,0.4037360878064762,0.23945233176359504,0.2734428477483562,0.2558225850010688,0.6181579812691965,0.6138476317503166,0.5977258776099639,0.6330639756630726,0.13373823333841586,0.281642849348872,0.7128899191441229,0.27924056807204567,0.698914615307744,0.7008942109158312,0.5888099193251697,0.5541704854751441,0.5744313051381158,0.5448870486284202,0.5309918163469411,0.484885702964379,0.5821729797679762,0.48597136296434423,0.8291791686608049,0.23508057927764892,0.3182515722137023,0.6500580958266025,0.5659728975726425,0.8146038237048918,0.9457441652742794,0.987453072741627,0.5267163003944546,0.4639753784807146,0.7360590087924609,0.6314115070971335,0.6097894913234163,0.44476765432446663,0.37185576407458026,0.44122270970990046,0.6374432058861507,0.4724547353431339,0.4411026506660962,0.4140277809911108,0.41948940053605943,0.44297451369743024,0.005903621144305588,0.687709909855171,0.5894078824744023,0.5947376024184097,0.6062839221013724,0.5847537509918294,0.5268847897075225,0.6554873332622512,0.7288800588685427,0.6719326301060964,0.68157796366553,0.6587674903804214,0.6595227634512387,0.682122375578323,0.3542042703830933,0.5829526828516012,0.7450763511735431,0.9827719575917951,0.7029844696772024,0.8302081162876235,0.44479627094873375,0.7089718432149309,0.7884549208575375,0.7254790900414125,0.7703054840128081,0.22133888504409652,0.7703946823874784,0.727708393154171,0.24934549524512337,0.4578761130111153,0.9540945518634689,0.7144191127844208,0.269729771652678,0.7206878245028463,0.6139080078744309,0.8838454556491288,0.7235553813786156,0.5465963122989133,0.6513059423139903,0.627472605260559
172,0.5219859375345005,0.21160056886246392,0.537316311914192,0.5288393967867391,0.37534643537532614,0.5143444752250251,0.6633338077624491,0.5064684742050516,0.3963585996288561,0.38934969258451874,0.4747861314064438,0.27083269807176646,0.602581380538241,0.5342880897757626,0.021588520501428444,0.6515924334766231,0.3660108555288097,0.6183548142058024,0.43679695461738144,0.3972214254575819,0.4754960548070373,0.4341675831161759,0.2636383849210376,0.3822369754664323,0.8670170399622963,0.36772108283408944,0.23116885310425708,0.5418764598572813,0.5368922518035767,0.693649553836389,0.15366703457992875,0.478011787061782,0.60676435282563,0.22485369388031848,0.5375290894766532,0.4980484969618691,0.18774916013589682,0.29252165127166646,0.5812013764644766,0.46013955312348837,0.531466816184916,0.4023921988176144,0.48699776212761753,0.4211077562038011,0.5792883077876664,0.738155245792797,0.6282723483074095,0.49764003182016064,0.7257191097617036,0.5550623956271561,0.5815792028938125,0.22446343748776992,0.7360191069180252,0.5018613197954966,0.4070370725314288,0.4823576191549576,0.5539305420661979,0.5272254669047762,0.3330191586521202,0.5239560477227314,0.22939175636423648,0.22800971680793014,0.4368181907749564,0.3104390893473851,0.14429001589629262,0.37786690889383784,0.2187040245057226,0.4497063028424906,0.7758064743131884,0.2682038211245677,0.04996569849259884,0.6724858698619831,0.2536814668136781,0.11691253888507468,0.6204334534048259,0.7622001358972669,0.19044919169667085,0.10956714895690645,0.6624131610345876,0.31576454069724186,0.731354980562826,0.4552864886757801,0.4964583699994724,0.5448763602068815,0.545631693316341,0.2140974728213364,0.8064138225425344,0.48987705050219443,0.6423927567437565,0.4407422866346723,0.6704966319768411,0.34005545289900474,0.14708842895940386,0.5905391444152676,0.5037881156969405,0.6429658006435002,0.21493975986387961,0.5671681333290517,0.0868866918088181,0.5033185987821476,0.4912544625904135,0.4542727207772815,0.3597302791997009,0.4842089435765017,0.6124446636918864,0.6229902871687101,0.5659715449685123,0.4245801938345903,0.6060987547959978,0.5698989073020921,0.5953629963758146,0.41340077614064147,0.3809636853580524,0.3081536526890904,0.5820814040192175,0.4904268055152658,0.5799345984969965,0.6040393004531553,0.4512888204930355,0.5435304429356537,0.21852972580998875,0.3251712182619859,0.8763565615203619,0.33972249937630566,0.7135417668298722,0.24615979712518857,0.6408127147124034,0.4860289919997412,0.6855344466226809,0.6932688294806195,0.3107539255925378,0.5766511105047122,0.3084563723201781,0.4722216086409681,0.3855057617146941,0.6004914770592771,0.3411550822498668,0.5222886171996588,0.33616865580173294,0.585293346445561,0.3757834953489596,0.9217603676451301,0.8349859711743657,0.6252824288891962,0.47688697591793994,0.6017493185595607,0.07686647356169406,0.5992518800148628,0.6106763769403837,0.5591121244213219,0.7003683857211217,0.5679143633190356,0.5863428198283013,0.5925427082109235,0.533753728744071,0.5557974073956411,0.5734027360199632,0.8629512328893004,0.8208678079206067,0.45219793813043796,0.6250720987467772,0.36852281805279935,0.5815284524159549,0.5702228966120364,0.6014343673615861,0.43827300179930434,0.753425308081252,0.3019632863705883,0.6544878102763252,0.4434723585512339,0.287262579219048,0.591912195242716,0.41359457715368975,0.7088213554984482,0.2974930793822424,0.2552559606828265,0.8469877009757749,0.6771627787028297,0.6363065583062276,0.5023135036002064,0.5624875532626842,0.6259054965541839,0.5888449521199389,0.5907184644017148,0.4690519821939733,0.644810429226491,0.38882496426103724,0.440176566101111,0.40746696630337736,0.3955127477659599,0.6488370911033897,0.1565832241058428,0.38615500857142815,0.1073715518248924,0.5587472447090048,0.37046859027398454,0.6397011015350876,0.5112945354081547,0.8037877999353215,0.1324695669568539,0.427657190615792,0.6842325274568687,0.4181547067659451,0.5316102975670736,0.2525102155566498,0.5693762410488551,0.7744374894828875,0.522590632489486,0.8953679450283004,0.6032747890637888,0.5644845254830705,0.6409730894499408,0.6483751993797916,0.6025547626503994,0.49534675257400307,0.38479293301026324,0.46208327388769815,0.4570518671847618,0.5164059712006337,0.5138775872479651,0.4348270845797378,0.3565896769638697,0.6212796715468225,0.8073553264328619,0.4478547127262147,0.47827203994049955,0.4741068044042943,0.5059997657601115,0.6097326921330822,0.3501406749749142,0.39402825599862207,0.4923022805489894,0.4227474529700886,0.35704089658439797,0.15931268357784775,0.744071043112973,0.20084857811035436,0.1580750847661754,0.7217141802516898,0.502905564756512,0.6112766072080434,0.4693770797341841,0.588054007927367,0.42456416378694267,0.7226197722282725,0.5922517015854967,0.19282329864248932,0.5894859725154009,0.3384984321579831,0.5312161989603125,0.47560759137149716,0.17745335842267657,0.5251923562767867,0.6670022174968289,0.2567204505179233,0.346724400981959,0.44740107289865205,0.8957448860351669,0.34150327836905153,0.8785403954191111,0.7571846628707489,0.7960175626373535,0.7901489618714603,0.12468121525640215,0.7892280335844744,0.6575379114717012,0.557316854660744,0.3052978626537978,0.44130190037925593,0.11641900725924792,0.5758207608104587,0.36547004809189865,0.36680128127947464,1.0,0.17940741662506013,0.47530911856432684,0.5954017611065172,0.5080270640123002,0.7649319793516147,0.3961584285770808,0.5300821753447713,0.5848245479990027,0.479406941561154,0.4082229024816897,0.310951134393277,0.916549867711847,0.8728174890388659,0.486656064153811,0.7668652092160679,0.18976461937353828,0.5543297505907574,0.45073675808264857,0.7542407508118233,0.11572572046813119,0.3190586642341665,0.6224812710876283,0.601425307011396,0.08664917571145898,0.5454423841599269,0.6164847821693473,0.31244071856709466,0.5721663425444397,0.6190639823059922,0.37708268945036255,0.6865480708381688,0.502255711940863,0.30336080803076876,0.44859273729871224,0.39053594589721485,0.5809388408678396,0.30832823663202524,0.5926295434281567,0.42706905296009207,0.12133206791431525,0.42740814679325945,0.6445554614261985,0.6593215205020344,0.40347632275440026,0.4944369408709286,0.2246575466347315,0.4972778815007218,0.560946490239667,0.4345203519947124,0.46638482815303023,0.349168437420179,0.7026888851539638,0.6531000014020596,0.6109122141169011,0.604944227522037,0.440120514984407,0.4843914301131472,0.617573098369528,0.6675058440147177,0.6058634369041317,0.5242374790901956,0.5069435392507131,0.5367191756053296,0.47387809711160694,0.562974690835894,0.9052817259304269,0.3622212634060372,0.6460822643499179,0.4842616938485461,0.3638598672585152,0.6146982714669952,0.3734776877571892,0.2786300055542116,0.13478859113092573,0.561616171934738,0.5759649096728421,0.3797476803772001,0.4943585621980686,1.0,0.06514766986581177,0.8231672595760634,0.8052869783682169,0.41650860328554395,0.7684003987640446,0.40539379860088925,0.3852837130134039,1.0,0.0,0.10317861102846743,0.0,0.11944261015974351,0.459837652618491,0.8971730140298265,0.9271317945683041,0.5334184044335282,0.3650590781379903,0.5442851064387529,0.5062698144460215,0.4208990337992962,0.7912997783441694,0.37719276231009746,0.7530636435021546,0.5643274728940535,0.2958214044246641,0.6171608383009081,0.5494946346212909,0.492081032388165,0.3025956330188894,0.31036779645509716,0.12199207717864609,0.11428888677936941,0.3889000468395692,0.38603489049479,0.49782086525712005,0.5260214365726297,0.5962842848247769,0.47635064748598377,0.5072438564440189,0.0,0.7161153382793851,0.3510695278600449,0.3718691276116993,0.7262768104654079,0.5737907728649886,0.04262902942129002,0.3823375323359039,0.37330209399796144,0.3458828823984792,0.2967790127819943,0.149312673356422,0.18204966906755676,0.2967631793692819,0.1080986340314456,0.11203545869151668,0.35222436679379315,0.29549302786104625,0.24320959155886215,0.5278981549595403,0.5380923146143035,0.634099552719279,0.6064728434202692,0.5716157236670397,0.35634636098507094,0.4969501483263107,0.46735500951093,0.6324391639110206,0.4775945747215213,0.5508813510740264,0.5910272302613839,0.021246189389155287,0.03407828239358003,0.3258572245946455,0.4995101870127974,0.5006447157388125,0.5261238669686906,0.07532503094379132,0.3460367845525946,0.7060674033908215,0.4098953894900985,0.3292819198792254,0.36231257004219486,0.24452478210350068,0.18856746181984352,0.030449825189733264,0.29189244485398896,0.2935328986937069,0.04261975981958023,0.21134947449531943,0.41178519059216134,0.7304189123933792,0.5855973769125038,0.8063215992695031,0.6236584661105878,0.4083517058581277,0.5160053342000799,0.17398952891460243,0.0726446863649457,0.36234459568985417,0.7884158005587714,0.7195478049003048,0.5784308196851938,0.5681139876373865,0.6422200539147679,0.392879167335631,0.7291323016699951,0.1086903733141074,0.6823973338865539,0.8177474269518383,0.2372937321158979,0.5888963845548179,0.6534205992276049,0.7701322010393675,0.7666364200275849,0.7468906348506446,0.6827375229644291,0.48667791933135246,0.7203047188280306,0.6364260264212852,0.7151632542200815,0.43464746985441943,0.28433838563213304,0.21871928021086318,0.20314236362798263,0.21434635831804372,0.2282693857832173,0.362162823960863,0.4572627286438765,0.15592407888656817,0.2899176422566255,0.6178739803403731,0.33214223866516424,0.5982574980547095,0.6438279989022602,0.4302221890492341,0.3751305559227204,0.4161182012396448,0.39358232423127093,0.28139026923241917,0.23818159289855068,0.3602640450926265,0.7862771930231756,0.5733115615009025,0.21891796086554258,0.7146355738682754,0.5295540336391448,0.7364384705436968,0.8647167937842879,0.7260718028708959,0.6618815301142452,0.5607838994815032,0.3606911509662019,0.6627322756831266,0.702722792490529,0.702007840231577,0.5444418537220267,0.5365190405350146,0.5323396702858239,0.6202123757868979,0.572135468426662,0.5235371723411364,0.49190839867117736,0.578497000545249,0.5886909682921996,0.20525627861393603,0.7033896788718164,0.721962276748574,0.7156755738278475,0.7127083888850118,0.7566822771122999,0.672323550744613,0.7957270442613592,0.6107972325407515,0.7206173366551566,0.7334199500334261,0.7004079580748401,0.5359451047182714,0.5698574099366687,0.2931334237024459,0.46070629775703364,0.636454486662372,0.6639426542734871,0.5980556710157835,0.35665215161059366,0.7015364796544157,0.642483172331812,0.7523935209223104,0.6102872497632725,0.8749099248619057,0.2652222551344738,0.6373152700901169,0.35718086431447266,0.40354032677236074,0.5761152459057057,0.6585988807162579,0.5417285334422641,0.40645410434600737,0.6345498958085946,0.26419182976359346,0.4821304251999831,0.6722836670444484,0.704542625627872,0.5950551548185915,0.609529502963732
173,0.4370214317865951,0.4324710247336302,0.4867402182730874,0.5190121834128876,0.4928415155396929,0.6003178955597672,0.6840214512645886,0.47572804936601226,0.4119549231897711,0.4308896762879618,0.5188033387803798,0.18555872099385465,0.45661529919204763,0.47978069451157374,0.13155076090058576,0.6025933985036858,0.7496031132340113,0.5882884610079718,0.23034301071855287,0.5775140947340202,0.4542291974019064,0.45432741729639525,0.25704312151420955,0.7432356739136552,0.3860508031503852,0.5534858196770898,0.34085115896275925,0.6531681451718517,0.6317139515532939,0.7205082461119681,0.18769664593149935,0.7574411168496857,0.6696235212139636,0.1613604596604449,0.5573897351297042,0.7224758442194897,0.42882192203039304,0.2230467092826335,0.7563025049588477,0.22421166154484212,0.41342536733349106,0.24938339655147557,0.5979153741060481,0.5536550302658073,0.5258327148678,0.7424869757067963,0.6570158819603363,0.6115894104492356,0.7334880765435984,0.32682667071635574,0.6093133470565222,0.22710759784208492,0.7804245962687933,0.7480601707096833,0.1724229533726645,0.7360528226366602,0.5036850858649219,0.31377144139968716,0.26922043856863553,0.4660954741854647,0.4873485887730764,0.15786698031846153,0.3201276191280445,0.30407121181726415,0.0931766452753945,0.19927760486582372,0.0,0.19494977581791736,0.6939032439535788,0.5510976471844466,0.18778370110918355,0.5923753494082298,0.618704347556219,0.18185921336617575,0.5286693345381576,0.6459136160706701,0.5901330040906192,0.18283468393821461,0.41706989240386366,0.41035114325786043,0.9953651492760648,0.5098801148724762,0.5855284643402661,0.5683373783384043,0.5342910084789231,0.13687462787894952,0.4191206782795647,0.31250805456428854,0.5929022742988066,0.2562556905008376,0.6001158893183751,0.12174182745396457,0.15293056065252814,0.5231966574955816,0.3665011899602806,0.3937521741474487,0.1911342138198936,0.5830603108593243,0.2756519932154823,0.5114946780145707,0.5100393418770277,0.319664117803945,0.4423017119415905,0.48153485792074197,0.5563403157923861,0.5497912619926243,0.665371944203438,0.40141111896728593,0.5319653951117663,0.5124736086445109,0.03913276950227196,0.3835646928952848,0.3882936605963575,0.37413028511141677,0.587333693886269,0.6939756214663176,0.6254486430615085,0.5008827460473858,0.455976460156845,0.30242074821434456,0.15677902523331683,0.3755178661722904,0.7651691802300394,0.4033969327134687,0.4949028908782558,0.34831857133096045,0.5638793798088274,0.1265081591315923,0.7419090914007194,0.5924350836850246,0.3505555208375035,0.5403605795683002,0.40800133964755514,0.22721277228911207,0.16760350895571977,0.648060356356508,0.34934665026855527,0.6378886518419566,0.36591197091195693,0.46370215224639577,0.5094274521494513,0.919598471634771,0.7852829869204605,0.6274411813367026,0.48225448381851627,0.4862392998201368,0.3117501164521654,0.4934677092652826,0.47262009459428234,0.592679240159624,0.40409778570444665,0.5327187757240694,0.5464595376890208,0.5529401265441407,0.42950030424726093,0.5360205582946578,0.4625192207699468,0.3885271991926286,0.4914417185446618,0.43004913758667795,0.4997044193335264,0.34482060264920367,0.3965985233711593,0.5185010156264233,0.5348754646686303,0.41730784159669565,0.7111629847869788,0.2705352303662881,0.5810022164065338,0.5089674460271205,0.10624211263879077,0.6172833486394719,0.48001798035932464,0.5126936016690636,0.2610195601615747,0.2365950635148909,0.6312593372690799,0.6872936039018923,0.6376770982974254,0.6026327295846164,0.45339932657719817,0.57701985564031,0.5725941716354132,0.5332264135561294,0.4004738883513975,0.4444130286235781,0.373867260094835,0.3598191903975024,0.40500566197301097,0.22862812212058733,0.5714419611575139,0.287578909698149,0.1910342814352112,0.25031531007852603,0.5575836437499073,0.5798892258311903,0.6121047791841095,0.4900657805185929,0.5366103325375752,0.10424118674226228,0.4157270174945549,0.459079506988786,0.40880037465474905,0.23279090980929634,0.39899194560461787,0.5086506132190499,0.6626798725694666,0.42113177571764526,0.796184226851887,0.3033425024085923,0.5206281969385612,0.35364282221176585,0.756241494639725,0.5198138456147727,0.4757921939231308,0.39026781463668714,0.2526512537919281,0.2337376117894109,0.5552479058980906,0.5220265038078693,0.45816717154720354,0.4212222933119493,0.9280491214899792,0.7392504725840198,0.6589147825122168,0.7665005112827755,0.42463707370655557,0.7932437816811062,0.636702780849589,0.7438072166468073,0.39709190679938017,0.5481923571280306,0.41136423393883537,0.5195638083930798,0.19429229178411575,0.8158442770875843,0.15775757825222594,0.2261705536517558,0.7214611711028911,0.2890968009901427,0.5550931208682208,0.7317243109881255,0.5572088147184066,0.6901218881217793,0.7981652744708964,0.3054508509827289,0.11806951554987938,0.2724428619549944,0.46402912501102944,0.48583301818754543,0.2395885372609707,0.11486115527479888,0.6437298601197429,0.7188361929885995,0.3588245591720749,0.3421864431865449,0.22036217256756457,0.5181422500046362,0.31306472891849235,0.4969225522077109,0.3380242428681657,0.25174772493370445,0.24140388664763668,0.16195086936190967,0.2800635555862362,0.617998071691189,0.49448629236983244,0.20725114897524233,0.2694701329056914,0.15811442018499033,0.44933825284194046,0.4433503183700047,0.4375474745091753,0.3574820492912824,0.13781895151657836,0.6772619307704213,0.6559417226049373,0.5828419618992896,0.5313646269930854,0.32170033640161144,0.43762807083620625,0.11761942864830598,0.002684943471309663,0.5064917376517769,0.6108057090510416,0.9299468808568464,0.8912329855633508,0.5499065843487393,0.5759890943067683,0.36223517387098914,0.46874197570716725,0.39199124350607767,0.7425598948524975,0.13150823155217742,0.23041590806095805,0.5808297032636432,0.5496060561524638,0.3320820261871934,0.6803285067814782,0.8594430725707699,0.3685993735522014,0.3806171535413274,0.49762835844130143,0.2287026154033987,0.7231502321820109,0.29489473092477986,0.23790506255835414,0.13999145855961512,0.37019147169888306,0.5444487668341176,0.31331616591904216,0.2712886139754914,0.7421428515726505,0.14888073528964751,0.7601687359986434,0.33740803756015164,0.3707502063424851,0.13830479325963907,0.7679179939942758,0.344575695604679,0.775282463832157,0.5772206217865741,0.7238557120913907,0.753492369441297,0.5138761732394412,0.7048236646746407,0.4145013747009589,0.37835161697256575,0.5309703116684814,0.40758279529026487,0.4401297179645488,0.5692855072444445,0.7037851018226274,0.5495393700438745,0.8113605577541705,0.19832133505235824,0.8285321818878386,0.1700125204586731,0.8127899646560073,0.9090018749677553,0.28115840863332053,0.5077904861984343,0.5369474487923456,0.36630998004389087,0.4033372519742476,0.46220650195257573,0.1646949637199405,0.1734617140784144,0.5454638510469397,0.5540700216178585,0.30851486428134806,0.5075018279753813,0.8218299132045397,0.4393072554935812,0.9635704314723863,0.9398799393722874,0.4154979319356459,0.9471432487593091,0.36543617282790625,0.4326751561720503,0.07370190939471523,0.1612921452886509,0.1432789627580961,0.17107217436433245,0.17233016602282805,0.05950293960104719,0.9726703994749681,0.9568901222453119,0.5321614468903778,0.3597447310625857,0.25412550425500946,0.2073602794903019,0.31242609527160237,0.8452521646972716,0.3618672507560657,0.6254788378042894,0.5184755651707194,0.2361541825853938,0.58174067708895,0.5062863190003349,0.3994437101972614,0.4468763814456561,0.2572778192816553,0.17410510783708086,0.17186170895817385,0.24198676585542825,0.2494259052796485,0.5268126233170856,0.5499530956377325,0.5492976150718043,0.5109526117499538,0.5182337866048685,0.10550209994995007,0.6031106134975333,0.49192786366715274,0.122126551337149,0.6091993388768531,0.0,0.11940142206139892,0.41973921816575893,0.4360588296381628,0.2953681560347848,0.20798911789400892,0.06993245407160664,0.008655154343857352,0.21177979312594192,0.12491528243784233,0.32910287835086677,0.2428296330053202,0.1439810520314788,0.20415673652363028,0.3846659470648186,0.3658755865237137,0.6756701938172905,0.6676920140598792,0.6647760654909088,0.4353773074475154,0.5578332285138841,0.36949557109217185,0.5884175893000531,0.5589578788377744,0.40146228798351963,0.6293276228976563,0.14956414260920894,0.10522795177587008,0.424249637665757,0.5504744215652617,0.5470289557687078,0.44043930368149764,0.09494489976596357,0.41335796776791733,0.6201663089883525,0.531160293504617,0.3525943172068944,0.3289324183886823,0.179910773788582,0.16962738349532056,0.1611214844115622,0.1676211705532074,0.23581332060583104,0.06433234523500746,0.2134401327825707,0.2422754472314409,0.6909293006178884,0.514568229474473,0.5943984011628635,0.5897845186733306,0.3517223486053333,0.49584814364970714,0.18389349137643862,0.1102771095617033,0.524031513542032,0.6105481765213198,0.7428357827881633,0.36342280721494313,0.5011491277330858,0.5937956873369904,0.44576263325661586,0.7655146847495062,0.11084883419190826,0.921989103312063,0.7255515163956486,0.2115076103624371,0.5324504185018419,0.23236230788479464,0.8170813294904139,0.6280129791747011,0.6455180202192337,0.5932870439551114,0.30099335730960575,0.7714899708801258,0.5741090933536439,0.36948878132516433,0.2935725351755921,0.392472479311287,0.2584666733560324,0.24363207923805125,0.43709367445168756,0.44512405600845795,0.14185875698117353,0.19910823103866476,0.14008723904240195,0.4244807200004627,0.5527450611435517,0.4197567752247015,0.7462790831497351,0.7584086518854786,0.5152740193835926,0.4291279892691539,0.5256623693195777,0.5028932465232441,0.2580249812221466,0.17680758973989866,0.31077453982832337,0.7437756147375881,0.6321948718547943,0.2772376558744265,0.5363363080524242,0.6696136002469321,0.5412853354346181,0.7486083163338183,0.6392037307645877,0.6530885577303621,0.5979898035245259,0.6081474435153458,0.5958126771147304,0.8523056588838942,0.8748062941659375,0.8208952968498723,0.460519493027824,0.8261002589004194,0.5303838012489744,0.8519471694555055,0.8191614664795972,0.7851951917930503,0.8257058387276109,0.8899999952234144,0.39571963167846724,0.8006015677435259,0.9657157977463112,0.9930024823738695,0.9820487226999415,0.9807593523396905,0.9360503248677591,1.0,0.560840574471898,0.9812353312096771,0.9570145011755258,0.9177980625935025,0.4823446656307665,0.5318096140411682,0.4390860173630115,0.6186284869318575,0.5724051016170888,0.47458313497103166,0.438059140316001,0.10481369021500511,0.6143441285629239,0.5811805540742504,0.6917089083563485,0.5875146566004257,0.5004332980821136,0.1738309783826922,0.7554042625235334,0.2716383511946236,0.3200119088784447,0.6327771139379507,0.5213004387955672,0.6524968349454664,0.3570437832308189,0.5938584559263894,0.4224531066021197,0.48364488810753453,0.5911497493400384,0.5037910325358494,0.5470264722254105,0.5809413709159926
174,0.42859504476011023,0.4129942070613045,0.513151179809701,0.5006103815235325,0.5724936677148789,0.7417130072068363,0.6146163805746188,0.37493722629144427,0.3186059044053049,0.3480456269280004,0.5260390428985022,0.36398234970284743,0.3774335997524096,0.4961471105154752,0.6594976779111431,0.600015132837605,0.4148029430177248,0.5707421718100032,0.2890716047401223,0.9565443184001694,0.5386137772249125,0.643795098005718,0.27710569817111635,0.6285941198810922,0.4137961300113071,0.642165046048979,0.34870254331003997,0.7915672979636553,0.7833441918155024,0.6713124409768192,0.12784727128606346,0.5302253565498448,0.738969464443209,0.017509135480205867,0.7849550367529223,0.47755404833657317,0.2363375321841506,0.30688875518308234,0.6291092642210117,0.4134559439965344,0.3724451762101005,0.18104057961214653,0.6455752957579498,0.579467963580592,0.5443456871746015,0.5433217544891372,0.7589665095888024,0.4409901147191952,0.5129107129721342,0.570602117099726,0.723451628579399,0.22408445609717484,0.6099339692689741,0.5176852597397538,0.12256239761940661,0.4870360812569294,0.4652957629064838,0.28688223142404035,0.2947415347454231,0.4252939519173363,0.4361912338455864,0.18116410150021864,0.21764765193028696,0.5089057430144828,0.10040735637005714,0.15414747185806021,0.3100451848416744,0.704410754585048,0.7985748599153608,0.6248738248416313,0.13403218776045564,0.6955693336393657,0.3313454631133807,0.029521924225593778,0.6359279299493914,0.8384981008114911,0.3068997950723495,0.14430535768340347,0.7486325272764552,0.39845744535888417,0.7263387333794071,0.43148843040603285,0.7248339001300654,0.5469754882849781,0.39282301935771546,0.2486476369075971,0.4185102751122843,0.5865330655533367,0.594931349348464,0.4613588816535809,0.5777929950001273,0.2015529569487576,0.11802695090477189,0.6001035340831387,0.7023075541937916,0.5227641026786379,0.5765056586203855,0.4149058341426763,0.41910318492752596,0.3479196336453867,0.7524018617241939,0.4795080670443461,0.27430480868002827,0.05355039651188336,0.5112009061400221,0.5334430348424336,0.7093427399410542,0.4606052133715131,0.4763907854790722,0.5853357879247104,0.9283094322165476,0.5003555997050863,0.5072444850977547,0.36838316470481536,0.6054655065021977,0.41672835327689917,0.6054731807625812,0.6331546176758711,0.4512369985225326,0.3630884445086405,0.16144703710572184,0.2869647006658383,0.8640015140633825,0.321672628057289,0.705120822402319,0.23924380270230383,0.6171842408967986,0.56496502000197,0.5965116426875582,0.7260527936371883,0.39388802234276393,0.7937109916450537,0.3451888427093049,0.5025319423719746,0.2573607373598932,0.6317483044112698,0.22275029888771677,0.6164949480940309,0.2762486160021161,0.6287876477501178,0.466606019604597,0.9164260100260967,0.8289246232294387,0.6430893006608311,0.46985352925496365,0.5020845177953365,0.6086334919171237,0.5183090199121185,0.685567390747372,0.5802411112410492,0.652624161945212,0.47355389376606455,0.3405173223485975,0.3478079199626096,0.49620427592314814,0.33074875070694865,0.3203328993120418,0.30812248047297125,0.8350707783735676,0.35183936620587186,0.5576569973642052,0.2937873859823206,0.48787693334019655,0.6495625545188446,0.49890499879170697,0.3831571160294561,0.7365140664018319,0.259984783796591,0.639388323103631,0.5193622700902636,0.35119487179484277,0.5987939471442104,0.5014960088740589,0.5401054274055002,0.3774593013636221,0.14267975180283504,0.6411695095948626,0.6734611935459,0.6165705030963514,0.31728701555299554,0.3387999488528432,0.5745477154438836,0.5666301714232712,0.5389097626213986,0.7287818340940453,0.3955453883725978,0.43423500072202387,0.29471293241385255,0.4776870426394362,0.4926953737591046,0.6429404911902157,0.16088398285364644,0.37535408924974906,0.03441449632730475,0.5067389158207098,0.0807305757297502,0.7906328431665756,0.5772819460550934,0.5994236046771056,0.2285356260057011,0.5359747429262502,0.735941818702856,0.5493770861620392,0.6101753442967643,0.15966497938317056,0.4886589948597635,0.962084538405116,0.4303026210716735,0.791635645162985,0.4993119193000269,0.5529509924857215,0.5357738105223251,0.6871322447825496,0.5592660483893549,0.5524729261487283,0.4544479638815731,0.2971981142573444,0.18539413407541644,0.11052170304727126,0.5468553141656514,0.48188472937970767,0.33255890056159704,0.7183434872731836,0.7111195346011789,0.32393594347226135,0.5583453676152198,0.329435133465235,0.5843094944404732,0.5717819090706323,0.6177387166890634,0.5225974690169988,0.4811534081777297,0.4792825803625747,0.4782767109869225,0.22192195500044334,0.822666548642555,0.24625958852137653,0.2220392979491523,0.7762292054201008,0.20845067238833784,0.5568646899451039,0.5691998432811163,0.5401956380796554,0.4551887299674785,0.6036043379703703,0.3211612420915135,0.08975293189198028,0.20733755814487034,0.214525672290363,0.4297414444823054,0.18067476056043907,0.14222106404333218,0.8198930245166982,0.7373701792792331,0.21570445217036702,0.12438531772809952,0.14515097472511065,0.7756181492012449,0.34039129964067316,0.7520627899516735,0.6625467540099453,0.8111432603263115,0.8037485325444841,0.16380375002533584,0.7992451679740613,0.6871298625672326,0.5130346130197501,0.25396608638160995,0.42582041379870356,0.10253917074352163,0.8378708333315635,0.29116816591512584,0.24138870522177142,0.3608989967086462,0.16873681487433634,0.6046388197667583,0.7892599733473493,0.46561600699654465,0.6328873673895424,0.19457411432526753,0.44669354946522033,0.4081758577262301,0.7758449945641086,0.7379789774816846,0.5171768486513895,1.0,1.0,0.29382545423781736,0.5976597947795541,0.41265602947780355,0.5617305382043039,0.40249794531010574,0.7816298898346338,0.23932815974738061,0.26355577574433836,0.5735784060218879,0.5546790405749195,0.33156263766428157,0.7478930825877041,0.8782067284167602,0.5470825860871533,0.6276284666002283,0.6829951054385354,0.40634487321819324,0.6566028678275196,0.19015057513115158,0.012097169243577033,0.2148345782022705,0.2715914921053955,0.6930986919621761,0.31595281200277353,0.6298954867852088,0.5379789342452467,0.0,0.417967075121063,0.538881239522796,0.5542502679548688,0.3266138748417843,0.57101755410637,0.35076863793722757,0.5713580282624305,0.6233836537600046,0.5135995909856149,0.4971409195281449,0.5127436277759393,0.6727857648807813,0.5623045637336171,0.5261609381231124,0.4137149229247788,0.3086584797005493,0.4631339106408194,0.5702872746469067,0.7157488414363424,0.5593200161281244,0.6245364511280957,0.15094187895680425,0.6360695739408564,0.23439710666232905,0.6588188483731249,0.5064240663076798,0.3478200086978301,0.4673426764127779,0.4754631865229876,0.37473078888567113,0.6165999543740681,0.2848591401611526,0.38190965948768224,0.17957068565878584,0.5394430493173166,0.5312005654909714,0.25183993595306325,0.4793604233892771,0.39869113691112157,0.6221057329166855,0.7482908443091859,0.7509729018217223,0.47748934138477667,0.7027264351466658,0.4325090870705768,0.4570088133326849,0.11822361400549007,0.19705374623295313,0.23391266529832577,0.2129483816038554,0.25872989235918725,0.0800052433848272,0.8921014131694089,0.8733581579468422,0.8807879583685804,0.3368395545246868,0.11824768695963608,0.22555761521275913,0.48240415159937927,0.6971881035152402,0.3564107840251184,0.740186267404261,0.5632904138636157,0.3096678538577261,0.5760514218460181,0.5287533144127301,0.5589323511842766,0.5198567427729723,0.12734695669406745,0.2847367120759757,0.23875319209292883,0.2568836309634919,0.2686880926833333,0.46070425607411025,0.49317760157816554,0.6765659049095274,0.44830423751457277,0.46077300206122324,0.10580312419426433,0.6731113197335552,0.26388767986875883,0.49760825499264766,0.7193453110786256,0.07278166650652886,0.16777412763872948,0.3938525294792585,0.4038726716903795,0.3821412772871488,0.3430277765712857,0.1824268617098903,0.2606658981222431,0.24555220391885518,0.32307855907184074,0.29510719096944477,0.368120271812942,0.2598623639060733,0.3766086696938108,0.3736437161622855,0.37246410018596626,0.5924591499343519,0.5666767386506927,0.5331854842590394,0.31399108918860663,0.5212906725607354,0.36155849299819054,0.5694689161549648,0.5397656892939299,0.4644057743854932,0.5825226640758369,0.11774381298096331,0.12657587447652546,0.21380531160606828,0.5275218217958199,0.49462043852179793,0.5439547893097645,0.1348944426380524,0.14423785532997085,0.5981814122856152,0.4578254559137914,0.3341074334731117,0.5145464333561167,0.21320684501173112,0.2840099394250615,0.19286952939227772,0.12362763534374291,0.2323992857077984,0.10391703503121884,0.21436946693711392,0.3627393544702434,0.6888459868411436,0.5252084786278528,0.47945146062865635,0.5881457676892211,0.35513885459630895,0.5023044342980231,0.23109234723866676,0.1549981604842246,0.11428400274284337,0.5695224268082618,0.7435186858540039,0.6320869960543937,0.49794699234270484,0.5868768000430293,0.22524430944429238,0.7629721727701512,0.18170122158343194,0.37826798432551945,0.8808484342185781,0.20092148643676686,0.5425408657611651,0.5122063165247722,0.8139747901549571,0.3137193051009925,0.2941137719317974,0.4030367733327217,0.30894474989080906,0.5169834380929186,0.6029887218559641,0.23618322936537328,0.08710266051687489,0.06987702847308129,0.0835119298130092,0.07538182757785046,0.2382972073118877,0.2664960847354897,0.1469758801709344,0.22408643222918528,0.19659238335430668,0.11669942408686129,0.5479322289541666,0.11459561430840273,0.44084119539346467,0.48877700533175106,0.22606702430978567,0.17473531530207673,0.39632846678129274,0.39067621627465676,0.4389487724994759,0.42499401289691907,0.5007841477398893,0.18122115940477934,0.46396850853874727,0.07820948250277923,0.2213844296977455,0.703941094058897,0.6796827761559883,0.8283028266782678,0.82597689807566,0.7191914217644664,0.5084375961910458,0.5898063425487001,0.5995927927351816,0.5742454185441401,0.5501704611553516,0.6233689835139844,0.24061322386348397,0.6172630947246402,0.21829904328150262,0.6544862596270742,0.6280615869665377,0.5744458790930285,0.6217725080392474,0.6943520474458026,0.14343653069090528,0.7541094936988311,0.7890722247117519,0.7827268466286604,0.7902683461658209,0.7951031577407739,0.6220683126534465,0.8127035534875295,0.5602336945830553,0.8075989101242699,0.7821114964270968,0.7067048376559939,0.46854844862636336,0.5393207893464397,0.4538576456075197,0.6687049084206499,0.555828441392462,0.7019180336327482,0.6531701336138162,0.5816031797042582,0.6637751806176655,0.572972048092015,0.8109785661906211,0.5357259245604608,0.8062387793088063,0.27392889730155967,0.7203279910682645,0.6592575354746585,0.3238966498819055,0.5593995219574028,0.7020129994668846,0.29544559577129687,0.3163032041934039,0.5862594124641244,0.7498671299044668,0.7133133023699817,0.5697808295533391,0.4534246669106149,0.5478064746270612,0.6160743463379281
175,0.4415134418708409,0.41682114571330947,0.59032158924585,0.595134334283009,0.5032916313229052,0.7916276602372305,0.7135222962243667,0.48950500192682955,0.39730503694780195,0.4505317644170386,0.5831288620352811,0.2993365345654242,0.5091251328886413,0.6245325465252356,0.0,0.689817346072509,0.22130004272047094,0.6644690371458667,0.2988286831544276,0.9019965219336384,0.5686573956214693,0.3607836856574622,0.31303839560753843,0.33288174210423205,0.4231459273476736,0.61211616586122,0.34308852793176037,0.8406853653353955,0.8334533188419321,0.728322003778277,0.06833395864449553,0.4561341946363499,0.6611951599286637,0.2468436875851407,0.8077504326023758,0.4678584324807764,0.29472040520680054,0.33070022736294674,0.7386499059447342,0.24972491364391236,0.41002565178084643,0.35348738299876553,0.9305415704998784,0.9192859868763522,0.6455783383351549,0.6683221480725348,0.8468776957037045,0.41604058369647307,0.6710539192305617,0.47452817207914216,0.8353971998385755,0.216198380088607,0.7517472338907604,0.4420951582550852,0.17592434958976289,0.5232918596564292,0.530828018516226,0.2525933739193665,0.2653710863810951,0.4966025830627567,0.32886372635792477,0.15095864080437835,0.05764491395104907,0.23160240561705245,0.15432055922163457,0.2116008127631753,0.4864702748707698,0.6467569085402481,0.9373285527507338,0.3034516510643365,0.02439521799771693,0.8595895057522083,0.9427493107203929,0.18156548916854437,0.8347502411349589,0.7781281908078629,0.8648685167520616,0.17833184327624185,0.6643603685246781,0.6953282786874706,0.6544131182203973,0.5422815690690111,0.836783948468296,0.5166916041588547,0.5036764577705629,0.2953852918396532,0.3818271841758146,0.4152738977720574,0.6925984301159264,0.48423818905680865,0.6776655842629796,0.165647156043629,0.36788662975766134,0.6073164037700275,0.7486736054625978,0.4147344439661607,0.5718454662881484,0.41481814563952896,0.4723329361864892,0.30887204111478384,0.7842992882606934,0.7732286264717841,0.2579395268303458,0.35363248297648137,0.5613945318897592,0.5875322617589716,0.763335366642355,0.6021835620308073,0.5444583278092372,0.5823982801290892,0.5922888418500888,0.5126541125890666,0.678590667403818,0.14056832419293855,0.6268817166247489,0.3718398485621418,0.6317427249692005,0.8376340487392304,0.583075410473331,0.3115838606931004,0.19455282255543682,0.036264245216632046,0.781830874079459,0.34408768884243773,0.5154815198040403,0.24503141016685262,0.6932206642339797,0.5814209530402369,0.6545639281069252,0.895774660274226,0.193196335028028,0.7280369894744956,0.43358423763174453,0.8150815858092033,0.32711114455020734,0.7458416683255645,0.20568682973163646,0.4047188001293329,0.36511641443686804,0.6666779437918651,0.22846043446833228,0.9341317698382174,0.8483611386271479,0.6642716679734215,0.5129496729166703,0.5675921515011444,0.7833007598599694,0.5275282954359302,0.9866298392592383,0.5682622514311785,0.45735583427320653,0.5859035187717544,0.4237434917511723,0.4318916733459284,0.6240621366049751,0.40279955535355816,0.3098445377084818,0.2087664896153904,0.32515850855828965,0.46099349763034886,0.5405262507979786,0.1654639066507225,0.4754559513578758,0.659271414386533,0.458834247653824,0.5211169441437232,0.7495840133053179,0.33346871558736146,0.6716918583870243,0.5439319746567682,0.1809118058900462,0.627315798181363,0.5204563807623624,0.5779329839645411,0.28399934997793286,0.2309761675226416,0.5498826378235342,0.7068248232046055,0.6798233486643798,0.43691461164808415,0.3943469748326746,0.6763661117833318,0.658719302314645,0.6339157230123807,0.3193093347594701,0.4877001624644815,0.49059885102419304,0.3916706326331716,0.496454197770839,0.5302414135023071,0.6863137026771251,0.2880469983277956,0.38321102336983087,0.23341994554576398,0.5597307641639298,0.3237844819760857,0.5230817241490557,0.5384989747715125,0.6105591708155814,0.05556428859788257,0.4459159456085022,0.7470018606307048,0.4181335972479147,0.6291315613528538,0.16559741960378582,0.5535891285012488,0.8747485278534356,0.5111108819039988,0.8219222592143439,0.37496489223116924,0.5417736435555601,0.451618193802124,0.522089615449679,0.7356482921586038,0.48374439266858843,0.3829869268323706,0.390851841238032,0.4080063630395465,0.4665835421681096,0.5355809870955515,0.5349450168832476,0.18897794772231738,0.4571650900145275,0.7306548292384442,0.42954667414729086,0.4367343894642073,0.3380641707803386,0.44797214100753824,0.6177795359702289,0.4497692116616504,0.550914068707813,0.34148993510902403,0.3955317415796502,0.4944715108349726,0.09195496391147073,0.7461158314779258,0.12259300141350894,0.3425529975132064,0.726777969812209,0.17068542033891126,0.6532274142898318,0.37555307150738915,0.6380895594260984,0.37065960121235736,0.7296117295088902,0.7850494905255097,0.266025255976253,0.7750331068364191,0.3059489229016595,0.5876764870581975,0.15172224815020546,0.02514546337786421,0.45163143092002833,0.46395847596427964,0.3430239640024529,0.29841758878518254,0.12185015027067592,0.4998928588281199,0.27996015922343476,0.46646079590769013,0.37748042946448884,0.5587701151320208,0.5263395101270656,0.2571398786324569,0.516236131730871,0.6904795262142368,0.49000894920111243,0.21987289003662777,0.5327417884957747,0.3268503867665448,0.47132045341474993,0.4575824085747576,0.5173650534475228,0.7745121974201792,0.07276058808604059,0.6526882849587324,0.6877863368403406,0.444779757088226,0.87052268609085,0.40997668799940873,0.4904148973359282,0.5804163581056486,0.4979048855235707,0.24111966593932782,0.46700205865383465,0.9303387740121554,0.8944959306998906,0.3918598520586558,0.6845696338887073,0.41606267823609827,0.2315569510750431,0.46083086229445747,0.638034723394994,0.1284032919169148,0.240208540218038,0.664357017793051,0.6448613307425094,0.4122063624188462,0.7988007442656939,0.8218401498541704,0.4893872435385054,0.7420312899985291,0.7625373619164036,0.3880403925090094,0.5694339734344741,0.3593314430621899,0.2945808029931667,0.18709591067919165,0.3735873412615385,0.7161248377411229,0.2932800260734469,0.4896408722063658,0.30768037138001286,0.186649235537603,0.37589603689796786,0.3729388750901794,0.3662950683500515,0.15794438623740872,0.4695225284864079,0.4336821283510079,0.46989027274185013,0.7500220852135979,0.4147894439677319,0.4352683456939901,0.23687839423286422,0.7477664805632301,0.24896412917773084,0.21080977957964905,0.44816207259912966,0.2255205876747287,0.49873359142292933,0.6564731221590964,0.7238653567802706,0.6435013204205497,0.5297226151113352,0.1615693825811702,0.5416952013490347,0.13400260450602947,0.5671055364902243,0.4139072140829923,0.26426316733879285,0.6649939327352624,0.32261291100131195,0.6717457790464704,0.8451278125172116,0.4279389767419441,0.24556702514312412,0.2194628664489453,0.5109758286002174,0.532236185537213,0.26962690861028615,0.44970396814946956,0.30392228792357684,0.37354148731531595,0.7967252591022012,0.8194940828704403,0.48592171743471063,0.793681287067563,0.5233170825672127,0.38460463157909985,0.212353651310079,0.7846270397254345,0.3099673498529742,0.77159386980329,0.3288287220130313,0.7353190149181407,0.926965480371203,0.948446821371859,0.23038163547009033,0.2909248497106048,0.14009416696730573,0.11919494629200092,0.43563016544369343,0.8838190223647991,0.7983339280924165,0.8892531683940205,0.600788012135204,0.32103543557002256,0.6665832871652989,0.584535322756585,0.623800818650876,0.5722247176755836,0.685591601907736,0.35829191482159795,0.33835239909165643,0.5726107959795658,0.5661212468467572,0.6745526406296898,0.6791708621128063,0.23146377634592363,0.6580899669693419,0.6436735820163857,0.12929777289208058,0.7222761248741211,0.1747639503340153,0.37688435449446267,0.7697191047688371,0.6681863872258318,0.17274058561490258,0.6709632373429242,0.6919868069582179,0.6274552274394808,0.6182699817840096,0.4624286375596576,0.39115325067609164,0.35565425142919427,0.34211651185715497,0.44219938464837183,0.4330631842217857,0.20984510946146173,0.14814184492129748,0.7073148394616405,0.7131848814667078,0.8025933822330329,0.7686772243815038,0.7006930688001535,0.5646655944229831,0.7632657128122815,0.6989408754253464,0.6642359618642701,0.7601791541078001,0.7203182139463261,0.7729404803378416,0.01874276272534569,0.0777419340571764,0.31470853874075566,0.7681272071660452,0.7758064037198641,0.6387924544373956,0.13664273680889158,0.5553156936368069,0.8434378183543176,0.7190283819267971,0.40052139305211487,0.30401460354663756,0.5164145501858731,0.3585656054066505,0.2717194493728041,0.5990142478831393,0.4394648410232329,0.10137597848121019,0.22010702185181913,0.4601124191347753,0.7651942749002488,0.6575627467085159,0.5639876085315668,0.6659422870031177,0.7236717253546465,0.5048411664702652,0.20420684764759253,0.11742003226763569,0.13918222827558943,0.8362006915547812,0.8253756783135956,0.7419797968643854,0.5179775213257979,0.6756309789780279,0.34936807108694823,0.8623239634157136,0.25801533572793184,0.3802205998658482,0.877212871203301,0.23167175461110712,0.6204604216904946,0.6646754413640599,1.0,0.23686837771991995,0.2758116432038416,0.32209832664242033,0.3249782885837374,0.4308827886638795,0.676836406912549,0.17350714081364144,0.5831751288601299,0.4376706842118076,0.4434523416779905,0.4214857134363828,0.4924608641557584,0.4947180677048443,0.3895226810703117,0.43346263413158087,0.13619039533908692,0.46650319716953315,0.6735687431862735,0.4772382968547093,0.5631955610558345,0.5995259787604827,0.5334760458982539,0.5197416400810736,0.5011151235515564,0.4825794718767521,0.47795664520512976,0.44157606555725903,0.5187515644693063,0.41872992545835763,0.5677539662321073,0.3790112666175226,0.39284351965222236,0.7004362969986843,0.6896385753017708,0.8586977391814797,0.8730832762479188,0.9627298871907318,0.6845873185421173,0.33773716451829305,0.7036059276419072,0.5478216338646081,0.5144818979270047,0.5326716638174152,0.4913689703867855,0.5312361136184068,0.5326031632318068,0.5577238914282919,0.5283548055088755,0.4423655088460343,0.5048789510160057,0.5031067238883007,0.29940986807015885,0.6920656438627334,0.7051398926984535,0.697272805299999,0.6890450515755999,0.704821169002903,0.6783047307872397,0.7833441285620582,0.6406634624083025,0.7631314333429814,0.760452674149906,0.6924632759241616,0.5865530274236165,0.5944858982033044,0.4604355223428162,0.6132281309312458,0.6766418363705399,0.7190911581154044,0.7723165495213107,0.45811703162557504,0.33505089276140476,0.6774004185780965,0.1674548740647052,0.6685277289997074,0.6055530129387137,0.4194884388144974,0.5868115170739978,0.30167038382372663,0.6066138615690967,0.7634569003927282,0.5488695098450502,0.5302299396198707,0.5942428885347038,0.6649635417122132,0.6131877168851014,0.546493031693429,0.6826918369488334,0.6057756313321866,0.6538532419564546,0.6391021682812691
176,0.5176604082767299,0.28500411551430005,0.6391442425546626,0.6203775399353572,0.5314180537637301,0.7157466385733008,0.6406682085071148,0.24245175634819024,0.30174182119576354,0.40297789099357495,0.49531583798457257,0.2850575991743337,0.5380770837509452,0.44808705868985305,0.06161891123471216,0.60951352912058,0.38753347465424887,0.6171263752105643,0.37780845837137017,0.4127429736842104,0.5180107139096755,0.4195438568133761,0.296441859686992,0.5147822293443473,0.4931713509906901,0.4253354701143717,0.11641510507392061,0.7599691600906381,0.7471674487914333,0.6739431953704242,0.08480836748443911,0.49766164524924317,0.7787757332168108,0.11816494506587041,0.47916293081043587,0.44700160411175616,0.3609514741040072,0.25017606261711506,0.2641850413493869,0.1821341447845933,0.27405351378929305,0.26248077061199954,0.7953479033301732,0.755479937235413,0.546964768887347,0.6423140072360131,0.64698929115556,0.25256185106748136,0.649292561082312,0.5448348977611075,0.6111985030721997,0.24164361691883954,0.7420743863219756,0.4669535027451701,0.0843445333740677,0.5838887935323859,0.31622086484849793,0.2698107680720716,0.2003505820874398,0.2714456386190788,0.26227112540888703,0.17455673219462148,0.40207662303359565,0.4106960951057246,0.09938889706778263,0.08146653353319783,0.49388189423125656,0.5521241063287162,0.9168912229369293,0.5835957724231435,0.0,0.829075414872146,0.18835673393636468,0.14261797290433262,0.8028115648231811,0.6891203450520427,0.28851476773803086,0.057838995988017054,0.6000863471106196,0.3320487340783663,0.746072585006995,0.46438254136540363,0.7641178891577144,0.5415719619569942,0.2366434575106859,0.23250664096314252,0.47702328181350434,0.44214541666302515,0.6005860109969036,0.4521219304352195,0.604983027150009,0.23369326705876345,0.33118253515587015,0.46678764847428467,0.8448607618624928,0.5192287870417275,0.5440531499765332,0.4822327103669076,0.2743432268831705,0.3982051529754594,0.411922883884355,0.7042399397471963,0.3546655367279225,0.31025560019287307,0.333378475681091,0.33803975883236637,0.6352188832383796,0.5096551832074374,0.34070058873178144,0.4442803947220562,0.03855568189846262,0.5423313692517522,0.49614247350308777,0.06256151858238772,0.6535623491001931,0.4920795293488834,0.6580243890171441,0.7784070113352483,0.42146854024545605,0.3521603311409275,0.20457478861306033,0.24786951793581227,0.7305210341166433,0.22271553664797766,0.4155623203936829,0.16768580206485392,0.6247756613434368,0.7519130436535952,0.7990259997343409,0.8707185683382104,0.42634299412436866,0.5010536989512491,0.19899311267388992,0.7701845369287519,0.09125052774795678,0.6742968754151916,0.16851626846594467,0.18565291411466986,0.234640067673963,0.6655358714566719,0.0,0.9331774171213347,0.8483722693664456,0.6864080608599025,0.569055510059607,0.6051805728944235,0.591495416898355,0.562843897967483,0.9337247900577826,0.5382128603686673,0.34604497147051827,0.5899373140887243,0.4018606386206763,0.40969940356603995,0.5091804464529296,0.38011641911328803,0.43378728960918134,0.38769532446577654,0.8339216488439829,0.43289023153148737,0.5196525891398058,0.3004372489094452,0.43543465993984537,0.6885912496547394,0.36594895435390273,0.36195113692041436,0.7092483575976903,0.29681351527020455,0.6361865818267167,0.5159981511783578,0.41313323392375484,0.632112809480996,0.48256513385309957,0.6522514887062744,0.3517625411481344,0.32050823207743706,0.5826746091592662,0.6898285886589995,0.6380282107582936,0.6844498304164294,0.3132255908240491,0.5887137305771278,0.5933125776158614,0.5512349415888236,0.49050241038738723,0.507999886349123,0.39411390383391975,0.41167079984101385,0.4094333744341748,0.4431031724530888,0.6486958790613779,0.3057111227507823,0.23079344913700361,0.26638994368277114,0.5203036173636656,0.44841879150164266,0.7235753649878209,0.0528991610312444,0.5728076862069472,0.03438578182490601,0.3587700028303653,0.8586658691017791,0.33367541219088215,0.7940939055254467,0.2662246644539236,0.35943165193329224,0.9157967557267276,0.2896653757039987,0.7967029962405158,0.3803090113745013,0.5018925034597997,0.44382232568219177,0.49495384285038435,0.6015578432653925,0.6121141718955431,0.5517705058774253,0.1954986211297462,0.1658349562787146,0.8994549740871871,0.5455684543782555,0.518972189750933,0.5876911818102857,0.22102791400119579,0.70953888503256,0.63250868659086,0.5018125597037505,0.3743442760112392,0.48260431624102235,0.4817835609431653,0.4760899480471984,0.7636131640967347,0.3012259662793105,0.5304230756799768,0.2543877116029146,0.13767778167451825,0.7510873970714891,0.19070965389791336,0.17017138404648902,0.8864573918063765,0.19918878617159524,0.5702833631116413,0.4481063958679468,0.5700156533993287,0.4735851116590557,0.7457956004663292,0.41972904563460134,0.19638338665833044,0.3624352848048447,0.2755624530928665,0.5283261709196376,0.16809826178420934,0.09322586263087669,0.6436810831000631,0.7135528679842896,0.3883644255845756,0.7455081046228956,0.14515347442475468,0.6927815553962937,0.2988485491691288,0.6650484975084152,0.52911613873503,0.46981836379412056,0.44443093196201366,0.15208950051896392,0.463867174291443,0.6244377095799696,0.46126327923351357,0.1490466653246653,0.44952738922582697,0.0,0.7490971610647583,0.23090158815561412,0.15904972352387625,0.26037503900055536,0.9937431272551426,0.5933941448315028,0.6471207778439579,0.5569810018040828,0.6888818040836866,0.39091313256158805,0.43951052142881697,0.46027060823409377,0.3504818605858946,0.7955630199339584,0.5749909087500472,0.9311094432002969,0.8863873349610137,0.28333709551872654,0.6086618390674696,0.2731998313752363,0.7326588554802483,0.4038618152768888,0.8628392379874931,0.08898133323605875,0.25632215330672764,0.5862816819193993,0.5679113931888912,0.3504246751035631,0.7445071862146505,0.42749692019666335,0.6397710096587353,0.44399978995851846,0.687556089443764,0.35866821591403497,0.7440641468851297,0.17558288478339326,0.38486130323889717,0.23706361701988468,0.2477134034318945,0.6674635425815323,0.3024923672372084,0.4743197683603433,0.3559017808777849,0.14971255160195307,0.4896063212792508,0.24190994866270774,0.2702737073506893,0.3008915199728736,0.5152421676988312,0.41293402332198675,0.5183728318805805,0.6518397773742165,0.45134964467624583,0.4979792127283837,0.31995541451261905,0.6758795574298709,0.4409510212026648,0.3987580204583542,0.5330247698267435,0.27668443432168904,0.4312620790536512,0.5837417412271434,0.7615071749813748,0.5790577936076429,0.5731454657123212,0.26744643214607683,0.5820080268140967,0.24764795938244583,0.6136205134447508,0.5377980566787322,0.26502422929316377,0.38291083882585775,0.4839285805985925,0.17601075347430833,0.6073136393021056,0.4813870413832663,0.35148489135082883,0.1838093258975039,0.5036822719870018,0.5288702327021235,0.2172238657003632,0.398717102064366,0.57969302871359,0.6027249003797659,0.7236148321506698,0.7397896164708092,0.48828329479905125,0.6970638271079346,0.46109998831738885,0.49919697967963766,0.14136140183093468,0.6256736103846094,0.26776700605429476,0.6076309793166826,0.29683012146655574,0.6034550432466924,0.8929149280857404,0.8603786632702203,0.5314858224293701,0.27477816586163706,0.28940908212505734,0.2550878795482824,0.44241905984969176,0.8333885353779624,0.6307966719705533,0.7185163191266231,0.5911791659453368,0.3679457560738908,0.5900177555536988,0.48863714779777,0.5919030362273054,0.36680147026213594,0.42908993168619247,0.3181895365294574,0.31765178604132144,0.6191084864446066,0.5912178841539449,0.6923052060257586,0.6905586169572568,0.5512305662732727,0.6761106840009593,0.6778848786943741,0.11207419092092341,0.5573221278537871,0.24153115534318426,0.1589986140437527,0.6959260506082446,0.49721675299741824,0.1633496153139127,0.8296218589512476,0.8530962187957023,0.7200006658499076,0.7040223979557357,0.44065874889164347,0.41383749417689114,0.292725083516269,0.35210050906621776,0.2025081881474303,0.3421308985098041,0.15373046833999401,0.1609177277509956,0.73478341153657,0.7180650971907329,0.8125366960335079,0.7652358239580158,0.6941486013571077,0.5242954487515714,0.8857098075845453,0.7359669090389607,0.5900054914195767,0.8713096852605727,0.7603155380886304,0.8037372000188504,0.09273135619374168,0.002277667234917406,0.3829086399176356,0.8985721851564158,0.9061830211223294,0.6369722571266095,0.12427583282847321,0.671378008886405,0.6527343623649978,0.8843068298669055,0.702832250670666,0.3175551146780505,0.4995794583271259,0.3216550428745579,0.3008131860211007,0.327218654902246,0.4556199606919999,0.0023484075139143215,0.2175129997589426,0.43475092283942585,0.6515583085472478,0.2961626533200944,0.5509589161731346,0.5856712219239419,0.5465414427692967,0.060255517404420374,0.11020288807291612,0.11702829352861141,0.26935039070479877,0.3765626912225656,0.6103813565074387,0.5500854001061228,0.5904689659456932,0.5931154568932618,0.7648611538018875,0.7874956851948196,0.3037220255137165,0.5511558172890071,0.6505208759980955,0.24788652051696808,0.5479600765363457,0.729409689644433,0.8345884307241042,0.4385423465033408,0.47338622987863155,0.5067828774732841,0.19670545057136418,0.5715838594187167,0.6017387827151783,0.27441289720889117,0.3924139516957895,0.2477423605740003,0.33776557145314057,0.3168851623385156,0.6705416326768006,0.6484179717130708,0.44431031221366246,0.4608690962248474,0.1592047434821841,0.3316294148100435,0.5605772193287836,0.341304401088296,0.5955914861457251,0.6293064053988482,0.5131419277577561,0.4713306305940584,0.5542306057393804,0.5547703529754178,0.4313015734468502,0.38305407832689975,0.3969742616633316,0.47821498999075635,0.6444714235781933,0.3410954510895184,0.3841628354505968,0.8229991652088877,0.5504927461716768,0.6390711177337635,0.6546123038128802,0.6885983523737867,0.7343750654230241,0.5646219661624831,0.6039537475011275,0.48559309614805723,0.6069818185336735,0.5659478368141936,0.3303779106640546,0.5712236948916155,0.338240883931418,0.5939602130880831,0.5572834108097778,0.5255823683676172,0.5292745110846625,0.5308808286750202,0.39688208151532456,0.7573536588270896,0.7281527345430927,0.729059341481196,0.7283762291283529,0.712413694179825,0.7041958404493344,0.7026872499149313,0.5774228662125647,0.6998133843537527,0.7207284977114579,0.6987090311595491,0.5031900549500355,0.5690471818379116,0.640692318009201,0.5526740674876864,0.5638694739875029,0.5974687443999774,0.5467736348441892,0.6151200634208048,0.4827671078183234,0.5847532513473781,0.4665133534868667,0.5717678667782454,0.49960603280237403,0.4708022927326141,0.6014828973391354,0.36181048965555124,0.6708804103839708,0.7835255532758143,0.8425766696866084,0.49170381359396925,0.6885877956777344,0.5983010548708888,0.35762873892987207,0.4479870267229268,0.5996291079416134,0.19965843308353942,0.5447345435779113,0.5302280436376687
177,0.3385838251275803,0.6339571957793043,0.4375157642937784,0.45389280479024047,0.43526999163622904,0.5661849044625231,0.48550178562894875,0.3469376670829521,0.5372746373162324,0.33400293898920214,0.3387613099008134,0.283056915457441,0.5660120618039518,0.22977700781705657,0.3198743714483184,0.5241316374206197,0.5019703814835378,0.4996066769799864,0.12517854008957188,0.5787854411722763,0.43315378287094847,0.43842553274009205,0.36270845266535834,0.41103821779523886,0.7298621238246739,0.557173455728024,0.2796811424514711,0.5869646673140495,0.5685482251996303,0.6314441147213806,0.27033226531192783,0.5300954138472485,0.5224950470716735,0.06093797603087303,0.55957851236041,0.42645005322639745,0.4293710795419722,0.24505259810384117,0.4080267802850322,0.25013028948906507,0.12153235830886183,0.27575509285671274,0.2571056800743367,0.20000411190627354,0.4626681244898924,0.5017758325792674,0.6013785823814258,0.2805408260517152,0.5220897050080661,0.5598488498984657,0.5616825832794295,0.2378528610596694,0.7139590257613118,0.5125965219842584,0.09529819288552334,0.4942032040574696,0.6298709282525021,0.6314980272389563,0.19056278366288007,0.5944941083408132,0.32205894709199345,0.06579056058531542,0.2760081449690131,0.1428679376919934,0.07599982482153167,0.2418480505156082,0.4192776734410722,0.4664856563336447,0.5733657636523303,0.4354846097435545,0.0941093389974374,0.4693324722727731,0.2980219064848029,0.09352728283759666,0.3845624196233007,0.7336348501885874,0.20756775856101137,0.08424276609417153,0.6076175864698035,0.05188769117133141,0.6546615910768909,0.40821294069157,0.5647151296809486,0.46327327883883657,0.35589307464720027,0.22040895671505437,0.7017510487591254,0.5955290379152242,0.5162450779249154,0.38455575079063087,0.5031569455322985,0.3918045251707914,0.2656880115860025,0.2354365798874423,0.16777594801420073,0.38638659484927595,0.1376205250499014,0.4547341562720623,0.3096337117729832,0.3379368215686008,0.49915792348580235,0.1840723983957601,0.37165305849505964,0.28155351858493927,0.680133807368437,0.671531306945941,0.462978363570128,0.40943165331539016,0.6825724398213188,0.2034553331600596,0.2770374565468382,0.6024012483296391,0.37328278166600876,0.35531848951673234,0.6367502647490119,0.5573185081133741,0.6410446707492881,0.37651523507567713,0.359714068675714,0.16176709316997892,0.17925238198894972,0.22907843846293371,0.6240771820305923,0.20115101273128413,0.21569326074018977,0.06767665171373896,0.5443040834119616,0.7487901072111114,0.7458160001862192,0.4727876906995255,0.5685216161154851,0.5665780740871746,0.2675778992596726,0.024010198417387173,0.2628425315640166,0.49108680306089675,0.13478787441998777,0.8554738573944565,0.22944100993821165,0.6831803073496212,0.8022794505825235,0.9418271592073115,0.8693496538566882,0.6755472217396828,0.5270607402964662,0.3329781983635853,0.27507979519879816,0.31106700245357227,0.2759625766942676,0.6226591477844987,0.6096066228632636,0.38355822903006737,0.6084510844718436,0.6123264019520366,0.3639766217339219,0.588070780196854,0.5703368226350102,0.22702533142108566,0.17647340930307348,0.40314931647763613,0.3214023106170381,0.06310350653263326,0.2813858827783121,0.6862602912263204,0.2670845852148536,0.5372092250106969,0.675546705080187,0.24116563836704064,0.6352568942996291,0.5046228981150421,0.224918359399163,0.6368055245249213,0.49420820178689245,0.6327233577424742,0.2815253202220714,0.2509108974965392,0.2975035783579655,0.7023618002759116,0.6553177999389483,0.5613375698488119,0.5170116447712874,0.49539417791926643,0.48529620460304673,0.4544952993018997,0.2292170296611744,0.48043874379908896,0.45966948437440364,0.22185420935498065,0.46483485482571196,0.5751724322300025,0.7328059222264673,0.3056850333111425,0.316521710800697,0.2449840285680962,0.6705742681452755,0.4704616172028067,0.40424554343740704,0.28661052393928216,0.474313856091393,0.1145565345914658,0.5499035979319868,0.8534385673337647,0.533625804208875,0.7898083087105049,0.5269360241817929,0.6297454142219346,0.8471892187053763,0.6115494610018113,0.8348115280637657,0.7309323614692266,0.4579688773461914,0.740439880224875,0.5251453709548827,0.4322068128248676,0.19056855943230047,0.28435671870654844,0.2931735286470515,0.5804107288560773,0.7782041027842566,0.4993629376685146,0.48590028534657204,0.44158697616914644,0.7979701827384805,0.6895730980412244,0.349917794803997,0.5397169990413866,0.4909059235375041,0.5502839644939949,0.4652966325852614,0.400760234590284,0.7466709734862045,0.2968571974017761,0.10975126661432934,0.37925494598584464,0.1596613579212403,0.6724648512399524,0.19218183062004418,0.2626045242671546,0.6877565688268963,0.6319375453555759,0.4898692812165367,0.46550031561725735,0.4856737209910191,0.43486874739431536,0.891698169514823,0.3319339557841678,0.203247979352456,0.32198792778038043,0.25991211171705647,0.43615139655163493,0.6031244236221092,0.12954703432775758,0.32353976002219564,0.6978373122055994,0.3338641246244817,0.5696616051643173,0.5676140196046949,0.8114652220161828,0.28744763738892176,0.7873477864559452,0.7558737298824507,0.9248049075368895,0.922426316404658,0.17522647503903432,0.917777794627217,0.6636568309704715,0.5633273566799355,0.23768386694868923,0.39026807972070293,0.1561113763421444,0.3364420043467742,0.4435295159872112,0.38805640766376703,0.6279027045759369,0.1326742752873953,0.6771484538112758,0.6704047584093548,0.3952989063490341,0.7313937116338396,0.4234529217676216,0.3746529778413915,0.44198100778439187,0.7926754734970003,0.4700827200498269,0.7658356921208339,0.801585242565116,0.7393483947108479,0.5544113662377612,0.47994420113264397,0.6063379034207221,0.49244438158489806,0.21122582856322075,0.7517839606725553,0.050527885867568,0.09096065739448313,0.5054404902738,0.48413396137112996,0.27774899848475365,0.7611479479348972,0.8451961917643355,0.25673233478357294,0.6336936028415407,0.7136772494290126,0.34574912347862047,0.7918802398363404,0.3941238255024363,0.6276172317259879,0.287568728882513,0.2918319388389421,0.7486722246814217,0.1552908781988485,0.7515141929509358,0.4983158032420103,0.47310011585608264,0.46608150158629497,0.8971742013659576,0.8927596367031264,0.35633640306718306,0.5520422663512031,0.2788271464266601,0.5478672086526427,0.6888371872279913,0.5122520267668454,0.5213306689123147,0.4644812940812618,0.6426257792430031,0.7454991600441087,0.7148163875960272,0.6118568476017308,0.4234128790214433,0.35621175237014513,0.5002447366316728,0.6598952064140203,0.4854144347882912,0.5970435270684102,0.3177149729668092,0.6102777682742058,0.3025597334452928,0.6358791979333002,0.5980038610456292,0.40632899907330094,0.7184212055850693,0.5287119119950123,0.25446641507650397,0.6017030567789429,0.7199325052070996,0.477298164541232,0.36285071915928274,0.6064692928857247,0.6050290833666748,0.4498629923176991,0.54310613688399,0.5729101307266202,0.6565515713870835,0.82328407003129,0.8185364890192609,0.503122410082978,0.8169066916710256,0.4041936605490546,0.5175692986616268,0.11859722789707251,0.5551959299143097,0.12618658110948128,0.543674821373211,0.19322531072153226,0.4886138312865369,0.9378671283430955,0.9367996654853452,1.0,0.293921654421673,0.36875242677790043,0.32256813688837543,0.49016161648621237,0.7700612692768876,0.5815407638410646,0.7580378759027456,0.6339717788864064,0.3475857686177665,0.4998520798841774,0.440233714490695,0.5264384498883465,0.5471938975544911,0.4006877566170176,0.16773249798947706,0.16201784206811437,0.5591846565559137,0.5403899298615671,0.5659702628645388,0.5784650005503212,0.4072507484787648,0.5390443486442933,0.5794704700317564,0.09748521508284798,0.49268839253357527,0.13156307337096199,0.3506465562014272,0.6994596070705738,0.4324840951107227,0.11132110745308813,0.46574949432328655,0.464357431379628,0.49225428083649336,0.4602032187890867,0.37835422872894386,0.4764595169272904,0.33558750949329097,0.18172835806919727,0.3563406897940593,0.43892168594422437,0.24142859124687435,0.15315054473217737,0.6711726499118543,0.6586081314160239,0.6873754558519158,0.6561195847119122,0.6295609104306822,0.43468092368406025,0.555834280256727,0.6736120932255744,0.5310829705030815,0.5475215723432252,0.703905024392597,0.6816990464310129,0.08055099976691474,0.04596045582810273,0.2736671330950949,0.5453093626095021,0.553278033261573,0.6270105479591739,0.08005074716981848,0.3940818504345486,0.6191931470663437,0.5461564754626338,0.34548506843784044,0.2588244635237234,0.45250024120360943,0.1480172988075354,0.08945043453801811,0.356565466726939,0.3417677520571492,0.025018979252707605,0.20707014545702274,0.20092833592908013,0.6272877952310877,0.40509656357248774,0.4314640821568577,0.5242544533427484,0.4577254548172532,0.48746782176396586,0.10629941512732238,0.10389546277859629,0.3511394274871545,0.5040096010833173,0.5904870761052782,0.47519037345074217,0.5578336427659285,0.5283546010354822,0.6353944098417537,0.8281842220836838,0.2695116344628068,0.4729496559247649,0.6337776299961498,0.24890814149969034,0.46151710905243776,0.4134333499516413,0.8514399290598647,0.5558836619118793,0.500963428978245,0.5797194683252025,0.21402238344168048,0.6666076671452343,0.49358717886868736,0.45447135890039597,0.5138250476182084,0.3173579844738246,0.5082177709645608,0.4972953377601711,0.4954943874448813,0.47637441854997314,0.5959717349059349,0.6440710057309696,0.15201623351032684,0.42276420901740097,0.46854461024053917,0.4281632625945918,0.7696413535911295,0.7753423874691546,0.7004509595094682,0.688249660740098,0.5788875096411883,0.5755392725841285,0.5526671667688354,0.5198850440078934,0.603632449486712,0.5876886963427036,0.5825878052601283,0.30373302933910085,0.6707482365874529,0.4623963870264127,0.45323085887274495,0.8138543510279603,0.3683190901051006,0.6426115342438049,0.17599534794656027,0.21585279841056113,0.5112845205495562,0.6011427280271325,0.6114698157697551,0.602824984931762,0.529338464803694,0.6003007095208222,0.5336248513865154,0.6306269446525283,0.599653751948374,0.5685714164522531,0.6214667394153773,0.6718304854179847,0.5313282864827417,0.7993935428909558,0.786310130708125,0.7892933023912442,0.7993300800769289,0.7970562178518955,0.8267433539486482,0.7047306356738358,0.48376352581165366,0.7987518187469498,0.7550077244144907,0.7566491541180946,0.3379743467025367,0.45885404619881653,0.40627200833340527,0.537548324284916,0.5272662609711938,0.5932386050626385,0.6785622478610075,0.3757192518382103,0.22918200013567702,0.4993362132399394,0.5523216014550077,0.4900216228659706,0.8091338067808492,0.31453312592039906,0.49235462705612104,0.536283900192006,0.5642548919867181,0.634068761864817,0.4547020305108912,0.3933844610299488,0.4460710725697261,0.5251145351067875,0.5471417547030563,0.2520908626554359,0.5014909834061049,0.5308363435306949,0.4702089928812063,0.5011367535321625
178,0.4898424994439142,0.354576678876591,0.5406656466332035,0.5590946501930265,0.5279431064254403,0.6198046108489857,0.7164281602864362,0.3739798843702332,0.4965318093535715,0.3017901395026468,0.5514371834671027,0.31294175522138024,0.6153322200795485,0.47773308861231034,0.18749965240614522,0.6382690127038869,0.5338788925701208,0.6087608701182524,0.41282037074847877,0.7697195468586036,0.5174923248236797,0.2680342453664877,0.4098483372716397,0.4985697446695986,0.6584358717446657,0.30919449486912653,0.39186021931225495,0.6524672902480134,0.633163414864366,0.7544728871299693,0.11314327547452312,0.5731557476000908,0.6995078800091189,0.045469337541049475,0.7458019706610747,0.5981676178644674,1.0,0.3483280623438537,0.4523642038896165,0.41106389752720957,0.6544241464728717,0.4019604381370199,0.660403119630267,0.5797184953793754,0.557725453287235,0.6695310633522649,0.7059768443959776,0.36337273879579723,0.6580788515899942,0.5928491678791473,0.6732344126166026,0.23687113343022168,0.6649882576296284,0.5841077069430867,0.10901470310483286,0.5779712013991577,0.4198590384551858,0.4992749472711949,0.36365612513764667,0.38549032128905514,0.5915902508004935,0.2540814334667023,0.5118445705140324,0.4967345035404471,0.12000665780805016,0.20701354093358681,0.3728743886117052,0.28358257029121636,0.6554262175808393,0.8000291563885189,0.15569081523751674,0.5537895759212633,0.27496902965500525,0.2394872076525161,0.4868953129493906,0.7673957302270236,0.18746144055609382,0.07483145600081564,0.663249577045799,0.30649310376471356,0.8360893520631619,0.35460270335155203,0.49287554263047284,0.5330846490549283,0.3766834934851017,0.22391961167941266,0.5250124008790424,0.43866318407626376,0.6301185845381041,0.43405213521444713,0.6059121663338225,0.45953298137123816,0.3808489490972527,0.5827256572075095,0.05315407168091919,0.4665462661528402,0.4371207580758353,0.5977569056374931,0.3102845321551825,0.529551861492033,0.7013729679146197,0.2580834356020403,0.8273552276394379,0.3234439480945988,0.45365324734788487,0.5090779040268395,0.6969834110197054,0.4801545465722965,0.4252118983210655,0.5627432392115668,0.8120676538817633,0.6856189015674202,0.4934507388433981,0.4489072546733311,0.642347940854005,0.1630596771384313,0.639902588098885,0.5030961174946061,0.4292460066340138,0.38781390854359016,0.12241810460872049,0.16425231452327588,0.8647159328950428,0.6315469253545566,0.6953900309602984,0.5749459163113942,0.6695076408658266,0.3384093427322521,0.5340395443103245,0.5809390209494061,0.7054708268772762,0.6866879888667566,0.3836516345658123,0.2529467726133977,0.2682204446469491,0.5987784763075289,0.23178399299043456,0.6241740693809829,0.3186537781281929,0.7779125115798836,0.5511088054783742,0.9574921105238405,0.7658416920920078,0.6769537589464577,0.5397713344140729,0.5939771060423044,0.35610371218969683,0.5317316589554318,0.4228650539821657,0.5617041867029532,0.544136481889009,0.5590009991329937,0.6011350570637319,0.6048524227907474,0.5801332131962199,0.5672842061429123,0.6078217263007167,0.284700546127289,0.4869333218018062,0.4541547818442275,0.5384648376374217,0.10960518555305836,0.47186901847547363,0.830371599019912,0.5452148986936125,0.5101346724313334,0.7359452286429133,0.29259222206286534,0.7207752687155495,0.6079561204873524,0.30232761283448933,0.6091887727340571,0.577586765230545,0.6094303654607514,0.4280612475831148,0.19186275981306702,0.7369683267916899,0.7004310014844337,0.6447005976536274,0.26237998848143373,0.567858642338566,0.609689584672639,0.5728269844960758,0.566760400998394,0.47361300139528884,0.4294592936399878,0.49918695358765425,0.3484087507684906,0.5016947899430377,0.48438142982337673,0.7419359504355056,0.20605083083906903,0.37275734044119196,0.10929394496441365,0.5241716998435995,0.6322243934440717,0.9043151494993567,0.4993473429506266,0.6503506437465323,0.004313690994828891,0.5022267779018424,0.31669777466119303,0.4898483241034433,0.3619970973230047,0.40305487380017124,0.44498272909564035,0.8382203680515463,0.3724140831334997,0.8285629715459634,0.7344502091081327,0.5714990973967913,0.7460007636018825,0.6833047934409041,0.7054484894238293,0.2972124693202048,0.13813437701776227,0.4007385978357217,0.4332648373070783,0.3654053865143775,0.5695320431678882,0.45756936308266294,0.3067516882815502,0.4869279187868995,0.6680449713270957,0.4566243748505662,0.6049856347806764,0.5644047488276173,0.5894433427136742,0.5567637950042825,0.4200417625035009,0.335085469895908,0.6798174240319645,0.2130298742932181,0.6669222279457782,0.816598648492296,0.9145387940524398,0.8262775200267131,0.1262939257457932,0.7473020291792237,0.4788891251607163,0.5975933008439045,0.6002269644041267,0.5612741085823002,0.516097841277989,0.5792445643563513,0.606962717507568,0.3797717169267885,0.5952355828756216,0.3222474660662125,0.5104782544427103,0.44853790846872055,0.16493561821513447,0.834798499976902,0.7112753307052033,0.0,0.27230468121883544,0.38184891365792006,0.8072777828173511,0.3369202588756422,0.7718758208586662,0.7468890476421933,0.9063783638968174,0.8949084993220185,0.09484791419356844,0.8894166882239128,0.7397485103371176,0.5429104953222124,0.2214478389555347,0.4859478536336303,0.34495643910535295,0.8856811597680501,0.6091655650841149,0.5760256455586293,0.5190620699773845,0.1966251102747,0.6011629899173709,0.5897695167595687,0.5921035194083379,0.7936593469999896,0.4051319932091845,0.4459429439530815,0.3763114792624219,0.4055875368392059,0.8541030119569857,0.6348757104679522,0.9377307566074683,0.8638166778235927,0.6001215584422337,0.635042698982921,0.3674644757171475,0.5723028556090114,0.4708385241604653,0.7915375982721125,0.334902106307365,0.5570911550115902,0.5946442654060309,0.6003403354191692,0.16405353956357674,0.9230134898670942,0.6080033772081598,0.5403308829815965,0.42935980048415934,0.7793188768075803,0.28426262068348834,0.5821661017732782,0.2986867852184314,0.31124780987671663,0.17451848994661262,0.3583527051705982,0.8161912269443169,0.30667210334003636,0.6202747003262808,0.5573985455253043,0.18206962037221538,0.5024013047198168,0.5535449853097021,0.5816617829149997,0.3262501315599164,0.6118685865624978,0.35463303272093016,0.6144123924699129,0.7970890450444713,0.5688963750508168,0.6035639761526442,0.47138792420131426,0.7467308761504016,0.43285522379286834,0.3821919356293716,0.7048367264351526,0.6480034801218211,0.43313296753729286,0.5998512108862329,0.7037093769565389,0.5927458205153093,0.6573511495583118,0.24519182456576688,0.670528344134295,0.24553298078457753,0.6699870555530164,0.5408832866774249,0.4383791881642383,0.6617802177709419,0.5820243842498377,0.3354639691850567,0.6595147170287963,0.6426888284792999,0.30906763216404315,0.168982432093908,0.6389542643843124,0.6350460402073822,0.32636947083635454,0.574243774284385,0.320250086596589,0.5843724207661245,0.8612074392034585,0.8607491789745877,0.592054789734552,0.84035261964515,0.5092954658147045,0.7176554410996329,0.11019223192586557,0.41280475314369547,0.23790430615985902,0.4037079547738729,0.14789840445613978,0.26930043111379603,0.9472832932715023,0.9905431113678197,0.5327683119305415,0.050018250445086,0.30742190506024064,0.28104979754025217,0.49895641326419204,0.8366285494376386,0.4067458919296532,0.7963246189798342,0.5082938433703857,0.21517323795831422,0.6104297097920631,0.548394914307628,0.6407078987602874,0.653681841486326,0.31665000353005657,0.12873972430971908,0.17917222390855664,0.41353967178037915,0.3919617063718891,0.592006438314889,0.603937226089604,0.5965093026447273,0.5822795649759392,0.5862891411811678,0.6267243643914548,0.6175392908966453,0.2788606640338092,0.1667724883049461,0.7691833584778022,0.555749099913789,0.4773481729988911,0.5433830973402077,0.5710588518734908,0.5668288752157692,0.5182796786041077,0.4614144890657114,0.4564759512803662,0.27343287416796264,0.1545937076565991,0.2837729597097072,0.4864290774812967,0.27020469687733356,0.2520387929118015,0.5438059138825775,0.5484426364545618,0.7455361407374286,0.7170245443611017,0.6966723417719275,0.49378254461255744,0.6608900002609522,0.5338602888022084,0.5986146682272151,0.6592053336370014,0.5641590552775516,0.7009261707746944,0.5691949553946967,0.5359364962795294,0.1640920780928895,0.6754774966462681,0.6819093334144735,0.7140856927954371,0.43683360524981324,0.4652423185006889,0.6546144934205258,0.6426517598992786,0.4510641862625971,0.27741609687165547,0.2870393164463495,0.17287981799091381,0.10254574992582506,0.3784904261022176,0.38402283858112146,0.4817507517139363,0.02213633117709243,0.2901824238135801,0.6689947431982979,0.2580784943689442,0.5434548938031851,0.6143429425716878,0.39131840483625113,0.5374289079524074,0.5892654349333605,0.1899028020949797,0.6692232709932506,0.6235971341708225,0.7092785384367734,0.6873089287158003,0.7277533734560258,0.6222929852429325,0.2965224419116365,0.7628832651638203,0.15123871096250358,0.639356010169996,0.7468690475497584,0.3243141790396762,0.5511809655805342,0.6765860233987132,0.7804936880516115,0.6326215474095772,0.6395319200624178,0.7203698286705359,0.39647254172176366,0.8203061555988694,0.6265321224038585,0.617948763806143,0.31002051891940857,0.26728100455957754,0.23720998280566183,0.21933075129058416,0.3992688020604194,0.36936829450482467,0.3476485126324765,0.41234208386145776,0.13481581461139983,0.2959226461571923,0.5808868356938273,0.22222911071479787,0.3990335022331879,0.4379740538679461,0.3707284292834441,0.36066887967455535,0.42272368618686046,0.4085240433083127,0.3908656387196723,0.38035441616851084,0.4933177913328966,0.25324770410949515,0.2572585580494307,0.2740216213031032,0.15117748972284695,0.7553143349622038,0.7273756101710462,0.7944139036884147,0.7348556090755063,0.6810682738127714,0.6252559087721672,0.600465331439844,0.6539757884832366,0.4554009446529155,0.4647987475255492,0.6605949733562023,0.4679243719306565,0.6629846818139189,0.501703363096294,0.689784000442825,0.6445574983957171,0.5811934896332689,0.7046966607473315,0.7532400014267034,0.27713006684467073,0.6611183405868929,0.8395989449917376,0.8767469485569209,0.8908513140061131,0.8743778090970687,0.8540367774927489,0.556523263606724,0.6003250380351979,0.8703068228776785,0.8843497317536311,0.8298327434292261,0.5015061200245754,0.5574174471740051,0.34459266201244043,0.5780740392712801,0.6056036724235242,0.700847539599678,0.5770814250506269,0.5397358275655114,0.15854341453617832,0.6052469139815803,0.5612898440777585,0.5733878678518444,0.4430243242282435,0.3380167901413453,0.5509982130710849,0.5008263559018867,0.45697306827103745,0.6544322741371289,0.5440389219522856,0.6331168992785795,0.39154367407735396,0.6153081764995882,0.4673999214340636,0.4663600077502265,0.5987205079695209,0.4496338081941859,0.5587602008129371,0.6144436003951976
179,0.4448905591956737,0.29633189682587757,0.4753384186175198,0.6608207809461891,0.7894591055533914,0.7607800196908381,0.6197844884842778,0.48018985125828406,0.3272741683023635,0.34893903447876096,0.44028373511246954,0.2528481367312713,0.3908391574295861,0.4005853131331028,0.1433367648989531,0.5598198912422787,0.5759541219988475,0.6020158002008137,0.2885512572785834,0.5400660905746535,0.4935404296663481,0.41700111609979446,0.436378388052421,0.5622422894158704,0.42982235365726074,0.4400228638526418,0.3081760736997554,0.8110691878084755,0.799145143708179,0.6396895903005885,0.10508479507925639,0.631028174395683,0.5664767173496007,0.06369608306233196,0.5752986614951014,0.563226667049324,0.3253601752378659,0.2639172718778212,0.2410630976109518,0.11182603016883536,0.19612032382691078,0.28655978027078666,0.2971239417382914,0.2827331062116629,0.5359875958283022,0.4967534155473784,0.5711520570029394,0.6406452716186464,0.4884756244671442,0.5007604152436489,0.5306189659544733,0.17773678525559353,0.656265666461048,0.6182765112131223,0.25134361595101995,0.5251890729659009,0.22137777994314267,0.31937227038260285,0.33496766882978973,0.1803888591302427,0.7342677026993412,0.21948141923410408,0.7554475271620096,0.1403072687154521,0.10385885006001441,0.3811710556628855,0.30885634798567224,0.8363791000389154,0.15225942063588815,0.723530582921398,0.1416607266777049,0.0,0.2675380311714509,0.14440112561956664,0.004055476442266194,0.670139830040053,0.47002521629928057,0.17598873606380552,0.557603850716137,0.3486957510905678,0.8561342872683652,0.4380724922111386,0.7068527810634632,0.47115401735607687,0.47968220906919606,0.18988740931328632,0.36032924015423523,0.46510745847224566,0.5568816714584591,0.39054559529811367,0.551061553081143,0.39636181130747444,0.5554214376426517,0.12981605497091803,0.3897217412036733,0.9832290678557629,0.7071312687012945,0.7947217492741684,0.3111465748395958,0.7485854234849181,0.537603671861074,0.4466953712865824,0.6908373541890153,0.18566570676442992,0.21824272365848132,0.22417875337136073,0.4861601660729355,0.5423657957950705,0.2278036963158104,0.105973660838349,0.5130129601765347,0.5658067267227722,0.5334536284640404,0.34175493379141497,0.6100715450715681,0.7014657153020467,0.6215370756791575,0.0,0.393675883731457,0.29404369039260925,0.2101264263467605,0.1393765701318339,0.7166830356430647,0.5479605495942119,0.3903184316394175,0.4752903854084627,0.5753961879345356,0.25736918229398825,0.39807120811153573,0.0,0.18740692867227945,0.6148482273026584,0.2085092546186959,0.282854358419325,0.28128658732073214,0.5453760182896409,0.08785169301367791,0.807233206230222,0.258541337427174,0.6243924413046397,0.7334509739614047,0.9282607604951286,0.8544244129746011,0.6469468676945644,0.48706609264880196,0.5192546986174692,0.6349193833505845,0.49285247080259165,0.5665480152033684,0.5851929941956143,0.5757773235213587,0.48981367814784904,0.4570361259020467,0.46472604766253756,0.42091616380667146,0.44272559878327256,0.4369283894507314,0.1167488648944983,0.3881553539992045,0.5307050286170302,0.5373328060566865,0.2272549937209648,0.4581345961843627,0.5866792390688268,0.2800725383700366,0.4111029264628749,0.6717649295703947,0.8813898040536299,0.6161104866374506,0.5744587113327796,0.10152369993661038,0.5894790849922432,0.5535184344521487,0.540207020345843,0.4237496299081074,0.17802983715645995,0.46679632885913425,0.646168861084917,0.5888051093558001,0.5747835405186084,0.3375507598242625,0.53526464072413,0.4833583690006999,0.5243321243665952,0.36456024490230915,0.2512722595278994,0.45577671128771746,0.29666927119285014,0.46213268854502837,0.36618960062439887,0.6818738805124733,0.28698465148109364,0.45299187821597914,0.1938313092663145,0.5767066761118433,0.7531016915110832,0.470886475131126,0.7701378561265723,0.44275581117829776,0.0,0.561657827596854,0.5406214795380175,0.5534771546323373,0.34639135354975314,0.3483249587806728,0.29366515455329567,0.8243233953701761,0.1764644386206492,0.7505934013399804,0.32539359407912793,0.5675068270716024,0.3907966501809769,0.6511832860944355,0.5536098463667235,0.29397364428822664,0.310069327124961,0.8618346078716635,0.20668872956145526,0.413755801612956,0.5154915916372775,0.4054345927345815,0.47823025103973216,0.7848478241489312,0.527191858543433,0.24994867951371638,0.6457056852648144,0.4532379736784067,0.6212968328801687,0.4300972827807286,0.2920532086216433,0.16414681622001662,0.6848630500689958,0.1638783256428288,0.6475109004838054,0.3999019456918259,0.7044875323010179,0.41559238123903336,0.16467751739308276,0.7773084430270224,0.256249570907416,0.534205731053714,0.5947925760084553,0.5094070306736921,0.6171827557863154,0.5948076908575054,0.3134031637050854,0.22284501783953375,0.2750079783853874,0.274947768069802,0.4345829028664024,0.2011927852486298,0.15016952804413214,0.3518190032583714,0.6876716879793894,0.29031254640018,0.34926253293094145,0.20471313045079273,0.319361862807588,0.3179244563123769,0.2943748746674538,0.29409736518075075,0.26484931100298853,0.2607444870627432,0.17654560720260015,0.25715589213969875,0.6316411519459088,0.4879201833482894,0.28181045938993515,0.3171044393869398,0.23485220954375532,0.4952642598467952,0.43197013126821165,0.367930243986617,0.31151206398948483,0.20648595927425428,0.5424140747734187,0.6066975654201786,0.5952966646864832,0.6576626828168108,0.45827002687994306,0.426657952880611,0.20104211666150654,0.32048496583550634,0.0,0.49484160416814554,0.8068253605646287,0.7070733234766199,0.3614666339459312,0.5269242944547103,0.47244171170647137,0.661560259053537,0.3693887873539464,0.8374380568789958,0.3118166103380531,0.2975527435177751,0.5481981206862526,0.5392095324915028,0.30215248254962707,0.855453248300898,0.7629216115337942,0.6798944262355304,0.5830660216926176,0.6085709833394775,0.28021316480609504,0.7331782428776493,0.16736889207589475,0.2541646926490981,0.24921478744635284,0.4793925450513922,0.6249700701167521,0.3179079308776958,0.3014406086892902,0.5698575419705868,0.22631670501548923,0.4866983412238901,0.24896869629699325,0.24785606042250566,0.2086923856869625,0.6377989681680502,0.38597056413246283,0.642176950185741,0.6860740507328544,0.5836604268363355,0.6442432592124884,0.4193723208158986,0.6602564184983767,0.3097146149557041,0.2817604916705351,0.29955368024764034,0.0,0.4265392776750783,0.5480476715324784,0.6325059431565108,0.5441963735119357,0.6829574369985884,0.042220621376491387,0.6961101390698005,0.050640012323080096,0.7121965798375842,0.5567158627103022,0.4376709690514593,0.5425146222840416,0.5650065416979053,0.659357874400797,0.6606563689631001,0.4078819037393411,0.3953769392711136,0.2323481658150004,0.6012731972583181,0.6137753048078793,0.3341127720597414,0.5023416395366995,0.27397215059500585,0.6659598850818719,0.8938410180167221,0.8622525307594868,0.5146258485542007,0.8340316105677732,0.49944591238704866,0.5190988678273918,0.09076080709601006,0.6794769499814484,0.06542427407418105,0.6631622454954235,0.034310887339465315,0.6366462591576154,0.9625208794398616,0.9711431529852529,0.5332642427072188,0.40488712847246067,0.1266222943842315,0.2068573643849838,0.4843958576730628,0.8543950637127914,0.6460406270451554,0.7199561757757221,0.616861095639642,0.24034462491598096,0.5522088092855247,0.5370619253960817,0.520864675808272,0.5348853000620117,0.5844243358127426,0.09585389116732997,0.0662774467548543,0.38932571085616013,0.3743817552344555,0.3483331498845399,0.3725053500278821,0.36737638825751373,0.33321021130560324,0.38982968677348934,0.3377588472638368,0.8638920826242417,0.3894604873359226,0.39097328333478576,0.6780970093777507,0.5025493270293786,0.2601907406327489,0.31232316842133057,0.3002006792554909,0.45673517354564047,0.3842631500487557,0.1570883548926985,0.18104530769454372,0.08508132298463791,0.06287401673901537,0.2770637567760253,0.4057404544255361,0.2525868947830628,0.24196794862429563,0.4126571557622955,0.42044454044210805,0.4574202851715974,0.4624843454996333,0.41060226996179433,0.25122411427688374,0.40131099838585904,0.5377224434944666,0.559610852478292,0.3863785128478348,0.5636269125606945,0.4752317554743955,0.2846086244771007,0.25803937082895584,0.1956735882915805,0.4021495092135106,0.3994555424499416,0.48402443620614755,0.24478433581349135,0.1955338530225201,0.7184806456012004,0.3439554910189989,0.15799441233305528,0.12097250228363833,0.48711371970751133,0.14801056832092455,0.03344977991870572,0.2463473445194882,0.16629878147043528,0.21389112473995894,0.20817850606805302,0.1427672022328146,0.676545766261522,0.5894162938620181,0.5415161243338812,0.5487612786933923,0.2679831343279692,0.518686629137506,0.34341186882763414,0.17859824055895115,0.42693705344015753,0.5685356420972795,0.570554813442232,0.43657129247932025,0.4621643151256899,0.5730551194546516,0.35811323643583554,0.7415032518151834,0.19977543819294893,0.24196334998351476,0.8104093700937134,0.26478641490626054,0.5195407203840532,0.5249999662213937,0.6818236675431694,0.5537817933794208,0.5485067119356188,0.41952016446170726,0.18373581148756762,0.5103145710720844,0.5671441899826223,0.22758661731831067,0.5144843090696043,0.40374776411243063,0.33885754915646893,0.3175908054420599,0.5849629588447961,0.583339060444759,0.8913520637913337,0.8746624527595949,0.1309519987125471,0.4579580526337273,0.5263668196057283,0.44575540016618453,0.7676416380897307,0.775045317173117,0.6747000602024146,0.6564293978015505,0.5936873608057773,0.5638236276594033,0.7819895992054468,0.7937890746892476,0.8250379509319598,0.3412360252862978,0.5420228005596212,0.3507488935787911,0.35870010147159737,0.5341694079469269,0.6301519050366188,0.7491108932402812,0.6313841697984559,0.6312801256224772,0.380518418111319,0.18586423464850843,0.5677897936211581,0.5200523339648324,0.6627114971836598,0.6748156279382884,0.5504349900200458,0.6731412653690695,0.46373378991140574,0.7056423797786613,0.6665752128399786,0.6227038014935833,0.7777179562435274,0.824393978585469,0.45341836464183743,0.7649240819217069,0.8219449647369879,0.8449955452208326,0.8568029337418984,0.8550146570339666,0.7333346171294619,0.7336431878830538,0.5617133670187077,0.875930596505848,0.8842027195979894,0.8476616004610391,0.4025306636841396,0.559558634092772,0.44272343866486835,0.2561669023280663,0.5340321521719104,0.4735156451518775,0.38921145256613165,0.3242426524300667,0.3912897337694223,0.5501732555535588,0.5748275548270645,0.5266637144780141,0.49981511357352093,0.2465337821162714,0.2722029048888966,0.2675797692372674,0.33302509602643693,0.4508575700083558,0.2899729314693708,0.5071765038478818,0.33899574307365554,0.5507749213211415,0.41337267973670855,0.474018823314749,0.5657715832877536,0.48261668235070737,0.5235699449629888,0.6169453689377231
180,0.30059268708629194,0.6620233739727793,0.48565089369511283,0.48520414953922253,0.5123940323173617,0.5841923183201966,0.38711568983512934,0.9497224654072027,0.2782157696338708,0.21222705748084406,0.4042632054215367,0.26168024079555324,0.6336618356948815,0.17147177400993513,0.13509600568004912,0.5711864681380847,0.512964470838006,0.5390704539587139,0.3505636141776376,0.3897230538214498,0.4931386445944035,0.38855929304805187,0.41170939080495994,0.6181721303267603,0.4910041787072187,0.07274700773016445,0.5131379132709311,0.6470853940030925,0.6302369219248266,0.4831070329067001,0.14939031854175944,0.58672014831186,0.6046950819963499,0.1519913122069053,0.24700651338417445,0.5900008571700841,0.6326311361121683,0.26211520962312596,0.5754422987795611,0.3612042588305389,0.377914908614889,0.11535546576721267,0.18894890667166644,0.3236874078524956,0.5332897956271746,0.39009520848135526,0.5338691588096779,0.3514539454272674,0.3847130076408028,0.582364188717888,0.49889597349388054,0.3646976547913314,0.7877570584869209,0.578459545350876,0.2688837682713635,0.5942407119248132,0.7103332860419539,0.6993904602287674,0.12527123342903246,0.6869064519232777,0.5098196920368301,0.1472281129134078,0.358795081005102,0.2563337927361485,1.0,0.1803481430120207,0.09518447114188747,0.7801001566943953,0.2783330717826926,0.25497494281260247,0.16082057656044504,0.141895139903518,0.29810986191067174,0.1721495189963764,0.14839172698410905,0.48270527542210806,0.3338773855668642,0.15958014491092498,0.45652207915590853,0.366287269605307,0.884169733872771,0.2542203313139287,0.7574818154706067,0.5327114046938677,1.0,0.18693917825002723,0.4806438976152689,0.5789990617236882,0.5593310622114069,0.4248090761998679,0.5485669124818551,0.4307098266237421,0.21893680568428753,0.589270690803467,0.013885435479060647,0.6346490446183368,0.3137695717746935,0.17942385415848497,0.19321364173178351,0.03515703360716261,0.12296436888558468,0.4558303361370973,0.362372554867033,0.2997533791197615,0.6811432932107547,0.7133767691474874,0.4695021558058877,0.7339078747036683,0.6603702032142031,0.5600552009283988,0.6576244527867261,0.6709408591897231,0.5254586023081035,0.4733417013772066,0.6734488881113981,0.2524170259626599,0.6762662420063668,0.15309046749998284,0.317394852720551,0.11841358354985955,0.0,0.3020109072220496,0.6452385284898964,0.17655584368107355,0.24959471032512615,0.30414324358401934,0.43344053729982135,0.2724696644398052,0.5486070315125813,0.18245474237259415,0.29640769150592994,0.696174069598994,0.45126961708083324,0.06813330611131208,0.182317196631221,0.5088607222911141,0.09146435168663522,0.4205986341402848,0.19085288836699238,0.7683362932690116,0.25667628930840075,0.9576525556260725,0.8059344800373354,0.7123451587976516,0.5751626186400028,0.34758310878192733,0.24583788237363205,0.3026356742286636,0.529141245375516,0.6855542702421724,0.6338208193034105,0.37217651281762437,0.37053271612673494,0.3729659205044857,0.252898890493411,0.3418247627118961,0.3064540566532363,0.18795402942011047,0.2550453608512035,0.3684798739747027,0.37977759490926777,0.22386404505954616,0.29055513044093795,0.8172807711345184,0.19142893586066184,0.7064148814038667,0.6993562153004391,0.2459950658341808,0.7330172757424631,0.6851856032734938,0.25841882168433256,0.7331352741657173,0.6427256254627384,0.6431024920756594,0.6319039274771066,0.21362655635235644,0.4199801959113925,0.7760844831032319,0.7398116858816347,0.23535063422308405,0.30860537464827087,0.5347249587583627,0.5225989155309955,0.5179343850741853,0.14578231492162969,0.45769180166374446,0.16990823123577567,0.004381843734224316,0.18582315233717536,0.6293550230503043,0.7957451574576009,0.29057702039912303,0.4005653297728977,0.2809291652711397,0.6427737340797911,0.4196477088551455,0.6318598528169588,0.3028724512109759,0.7813324401751484,0.09628987245526571,0.2636372379385408,0.5489919704804606,0.22071228769822754,0.3543629013024908,0.3441315214552543,0.72357238022268,0.6824650344413681,0.7036910606073766,0.9069577571864775,0.23197455042043105,0.5365465517813216,0.29396379459488764,0.6192544872711899,0.31177990368323866,0.11568782781808278,0.26327055584087333,0.44119392319604106,0.6607738587925481,0.35913826013689854,0.5709078897309934,0.5006680636439065,0.3716850389123377,0.5847967897761012,0.5754936207300612,0.8453253200662673,0.5939814551951594,0.30238212674907367,0.6067212653565265,0.47728142183305894,0.42754762349225883,0.21616082563439765,0.5637082101872565,0.26230367850339786,0.5361341113946257,0.27936542235841905,0.7075577813859653,0.28094150309597976,0.25954891703513805,0.7256309175585075,0.707204463771073,0.5250624401164329,0.5411618342758114,0.5088864871900766,0.581259615984576,0.7182871000989616,0.08988523620082149,0.12330276820300268,0.2251394615028607,0.3382904492713196,0.4602290830562723,0.6781019392691484,0.16826551988369629,0.6359115462093657,0.6621061138571778,0.525348214555931,0.12961996555923014,0.6457903415537848,0.6127596391408485,0.3534628284411905,0.5996380483235917,0.33874855107249696,0.21287734148337378,0.19774531409631688,0.21012279526480537,0.26086061367303753,0.7598823775799531,0.0822510631446708,0.2304904405864332,0.45756064877868746,0.5523633227148622,0.6001646548365728,0.0,0.4229200215349307,0.021608163067149737,0.22864066593184806,0.5924402733693319,0.33881020021326796,0.4302776252113927,0.7719152775314543,0.501226296341978,0.40771990758884824,0.6916694467147212,0.43474259020898115,0.23838092441032394,0.5661765515726339,0.8163696961545662,0.7558326682341086,0.0,0.6128651884922972,0.38686037813647794,0.6798634636693238,0.3286097537343287,0.8383133180200574,0.050307769833198505,0.23006394840721678,0.5482037139799866,0.5155284401402771,0.46723346191984216,0.8270751293681762,0.5147928562401413,0.5818849077020803,0.8377979018104765,0.7663998973829499,0.19912821830896163,0.5753643991377335,0.09336960548152094,0.4906051113671216,0.41499265064761065,0.8299472922667049,0.966373308958343,0.10729589901857771,0.47717864570673935,0.5238188248016896,0.18475170652904696,0.5305896062224584,0.4397442710158025,0.4397210455266508,0.3196781188805415,0.5911679310809932,0.3727285765849736,0.5971914808686472,0.7469266702781538,0.5351110977970989,0.575997108512524,0.2217913138090766,0.7427980141169557,0.6050770566949303,0.5607090501979467,0.5266538333614662,0.2742159350370599,0.4121267769623842,0.5320603095603923,0.7308987186509259,0.5173537061760312,0.6295478361902568,0.5345373347743753,0.6443124648788869,0.4433370260731721,0.6431875333120637,0.5107460270520081,0.4754378036049422,0.6236259232422556,0.6575324042932517,0.39894874733381486,0.6365338407194355,0.45861780375984323,0.32769925783992443,0.18909890675409916,0.6857571645220006,0.7128990237720689,0.4279790007677011,0.6250916200398405,0.4249777301296601,0.5274521367752987,0.847687271022183,0.8546869206332403,0.5202781911155735,0.8425602694196886,0.4075591851242338,0.4791230064581612,0.098886827422591,0.2638970486934623,0.04421648213960453,0.2872968977706993,0.09272424970785544,0.0736009691218352,0.9691376708150685,0.9021821510138751,0.5362775536449628,0.17932795155948913,0.6165108445376557,0.5758875168955546,0.42799002659148055,0.7116443584980984,0.21663721384687373,0.8107620977224044,0.5680453750746426,0.3461858674605026,0.5547920941390336,0.5417715762184033,0.6097573870551078,0.5830576075591265,0.23953661002495077,0.0017130828430967108,0.12667105055167172,0.730636160120155,0.7196126976500115,0.667070751204647,0.6637994613309943,0.4480699397140051,0.6435727038482562,0.6806443111372564,0.12113686448567047,0.8741553560992023,0.6935241962600069,0.4465136831042833,0.8047542447141447,0.47834080515881466,0.06433389035163622,0.47976981408172786,0.4704779366893086,0.545521510316028,0.5144626408984773,0.4987562160924982,0.8586541302876701,0.551387746241189,0.08147445865251998,0.22218871900520817,0.4465384951358482,0.13594970279351717,0.3933993792161876,0.7993091365341348,0.79443920001573,0.7326255901465825,0.7523709747078515,0.7147666978155156,0.46889641453424685,0.4755508362365902,0.7984854383040191,0.549965223685482,0.5232678059499795,0.8468814512557347,0.7624928277253696,0.11524000106781,0.12852183599632463,0.19015464229688053,0.48708584479156564,0.5005235793254527,0.612638548763141,0.07586467630212206,0.24016730144289183,0.5931237710647842,0.5633558766556532,0.40834401018182837,0.35158520379066216,0.5959716757341235,0.06341416749373005,0.03890756565201057,0.4107305086678383,0.45947302510243954,0.14032176253570097,0.17834501712743936,0.3108798301909819,0.7406239925509983,0.590541542649357,0.6370789637854266,0.5553635681000523,0.4252822562011063,0.4984099284015725,0.303488947182679,0.05741581641482054,0.17920919883950637,0.6617725943607572,0.7036353304773328,0.5455939942884462,0.6981923889912486,0.5596121552063179,0.25134759898952674,0.7128301875953282,0.23585999020305654,0.49359250454408354,0.8582934303568632,0.14761033553773464,0.5150050054598762,0.5481279445880439,0.641540576829648,0.7196724577264606,0.6682392897715493,0.6484715610749686,0.4999744408576195,0.6907025249767513,0.5285815695823124,0.764220144778417,0.0663982581930132,0.0,0.003980519049793817,0.012324975589512281,0.4566940068809402,0.475770419985661,0.9705957448384837,0.9830375388217426,0.12149746201281603,0.03893698013697,0.5230198439804999,0.009042179155158573,0.21684657145830696,0.24761846865763903,0.1834300615898952,0.2019586324391102,0.33583961194003115,0.3277462261917373,0.417029173194784,0.431325819543246,0.5079572900409692,0.5841193609213658,0.7169005020120411,0.0007117870719200514,0.5485073338817941,0.6460257431156933,0.9597817221975329,0.7649286184327808,0.7358682551458926,0.7688408260514553,0.5272614695920623,0.5472780604537864,0.5618104682913083,0.19650077836300134,0.1654568719120385,0.6360339809625114,0.0,0.6317968623389565,0.13187049630304742,0.6661036062748109,0.6239637765196053,0.5988347879839598,0.6997290265104614,0.7244911901354564,0.03581338391572341,0.5682968242131855,0.8288941150279233,0.8405629383527319,0.8397152172323376,0.8105219071207875,0.8249407831420007,0.8382414769064183,0.5247497829451447,0.8343604107445302,0.7681557675825881,0.8558678065061336,0.43738678103763456,0.5204482888906825,0.20704286440209005,0.5313722653158929,0.5580554606605346,0.46188102455648733,0.31548439423054914,0.35374316455438987,0.40137235657411996,0.5565309453874293,0.5176884373794268,0.5043629479526738,0.49867166969495724,0.604849321357823,0.2755970444230748,0.5409044522306038,0.6740320486363794,0.7261715655655641,0.35377115673712967,0.42043386625131596,0.5460155092285048,0.5628985738234203,0.43344528813009336,0.04878716000550499,0.5588227860173822,0.4179113556613589,0.5229833786707411,0.6015376353195749
181,0.643417535902621,0.49408500597490346,0.3968477252260404,0.4034658383720859,0.6218693518628242,0.6505218412067642,0.5051915587177203,0.45569769683233,0.3319003798549963,0.22129820364854283,0.36460851462794275,0.18839876638387257,0.7642241687686773,0.13203476841404507,0.25852760440415357,0.47398832078672665,0.3042583110072677,0.44695312359941347,0.4888414776905349,0.6512080305378268,0.4031220457718793,0.8657042247748876,0.3686828892508443,0.4741297482684902,0.48758272492959115,0.830549286215076,0.5191236617540165,0.7037364133664598,0.6886256206160449,0.6422610680060368,0.2961944044151343,0.4193829476669652,0.5434456611995836,0.3819001467128046,0.5348512353175995,0.32156350262979727,0.4083424044983477,0.3130574394883405,0.6310332155342586,0.1698720960550978,0.3988209463374232,0.41124036052906204,0.24247443812859396,0.23874027960108204,0.3979918203775824,0.7083788383944047,0.5460529665111723,0.2165731806840961,0.6987470894403814,0.6163180927473965,0.49820805672504853,0.6783479170168243,0.831209543221348,0.40270806904520545,0.668034692506797,0.4478479930719658,0.739692387636515,0.7524733435845461,0.19769197782827092,0.7182486109176962,0.45966529446457655,0.08259097561220916,0.25744296300609854,0.9968314269858809,0.7860692066462333,0.3851159247284937,0.3660698898710993,0.41955285038414397,0.2015223163676144,0.5360573949929295,0.2883587546770058,0.0714449630450416,0.3418785801748027,0.1447490171563283,0.0,0.6567883982577207,0.24215841083779124,0.018387731814083826,0.5146836804760235,0.4149272716328991,0.6834822077188966,0.2518279058046209,0.6851444878967858,0.47778171176773204,0.4725829875831769,0.24596943099949187,0.42811007303132714,0.6927674070582772,0.4678149990834402,0.36312339977863256,0.467216465493548,0.5856603359768465,0.14959023708432245,0.6382905498941196,0.3942180249807379,0.2878707820188191,0.34006585184434757,0.47924023023352835,0.3159056115001202,0.38906714469999826,0.45907151025920023,0.45648127228205615,0.3015540190508819,0.39668329467037844,0.7703087337925442,0.7674593289839343,0.4405256625284444,0.7948868904425143,0.7606735946227943,0.6268145423174148,0.936641016875831,0.6393013909636356,0.3401923771641934,0.30545499397290954,0.6369772824807823,0.0,0.6162731116531248,0.00866292557400245,0.25807575723358644,0.2709452112954601,0.15970657013853853,0.0053221844207305006,0.7119709946157317,0.37487801838160534,0.37259401649990165,0.2990429800018432,0.49704049457927835,0.29268202083527567,0.633280220257138,0.05762306052996593,0.5044614026320412,0.4585289952282025,0.3694630476070242,0.2630220121073342,0.43526919982774775,0.44735836302203935,0.30681060187513814,0.6189029548729781,0.23586298625471003,0.794505721852104,0.47821075484667636,0.9215068864380814,0.9248489876918642,0.6695172133098043,0.5234443822421422,0.6774524161231958,0.4375591224506803,0.6930843579920583,0.5163869533574681,0.6355947295487012,0.2333038984623875,0.6987751903397502,0.43086790627377275,0.4373140616637116,0.308062840423079,0.40636360943792005,0.459294442809144,0.23109199832986077,0.5594875207314921,0.33818716908194335,0.7082517406035002,0.37988320515994706,0.6512898431685027,0.8104887034963333,0.6296018415247167,0.6922401903206985,0.6834445663021271,0.24500042741222428,0.6979328364665544,0.9415768797392318,0.48574803392607363,0.5973569165339238,0.9519675117996511,0.5468636254537952,0.9362285220777147,0.5068537063463614,0.6298340779511682,0.6750469393388993,0.6372087753727868,0.3330694076950372,0.3976653028049076,0.45229094425342986,0.452249526576083,0.37897453222938127,0.6362226744489345,0.33266987498390166,0.6595902075874176,0.587739216744868,0.6555936433538859,0.46411214640467896,0.7529585484544399,0.20892103870513,0.250248243055065,0.15459206827973115,0.5328054722054449,0.22163822442490325,0.6367960004261481,0.39946399666595617,0.5797967657753913,0.05133643105144348,0.9224225535549562,0.554829231076095,0.9100206505893579,0.35778915233535463,0.29102532625800465,0.7414101992070109,0.9669585063518625,0.7155061015625992,0.7201587523905022,0.4292489626742311,0.4654459812033601,0.5020747542562445,0.4618659800212622,0.4947950286130054,0.23096930881980604,0.24819780118779844,0.16854366567574455,0.7188982965931474,0.5548535476073967,0.4997109119065037,0.5221124806331507,0.33643076205298655,0.5136084903403042,0.6103606719863126,0.5615956836426913,0.3966596774646373,0.3518857648997092,0.43288979653499027,0.40583971986589573,0.34546670694949017,0.2536678251295031,0.4656505837156817,0.09677562861552065,0.4297908622119492,0.2789699705440411,0.6909866589551927,0.32874827509922033,0.3117116327761896,0.7570881155756507,0.7671655185259398,0.4529145640377621,0.32645262839497174,0.43281148467927666,0.5503360458437592,1.0,0.217236911963693,0.22396159120233508,0.1831707498891103,0.30923894626012416,0.38986458395314644,0.7472815516082968,0.2056959369707302,0.5554275274270406,0.6829275630676276,0.5880716545821124,0.44592340042018275,0.7126570795971426,0.5427089341127137,0.31608217286053686,0.528258039757194,0.302885640767874,0.4389424786892006,0.42046012981527775,0.20604335428181333,0.44135715768118083,0.7450279180803745,0.5552587823385915,0.32796498494220067,0.46452218632556413,0.81334294741265,0.6300182162965166,0.32577429355293,0.2136830882913924,0.36054957452303776,0.259457035321415,0.6343038062184433,0.6805856204344559,0.35608219522616186,0.7510741766680801,0.6674669631909058,0.33604437878534393,0.3993062097935744,0.5537711401266189,0.6390775670635691,0.4939694327153446,0.8684067940507452,0.815711490203985,0.26487311131762076,0.5111633120866099,0.32191513430989166,0.6326855175262522,0.2943817653241211,0.0,0.0,0.4406637805656931,0.4697025764277305,0.44408641108986363,0.31565876706205587,0.9315795525010331,0.935988220357943,0.22499524854249925,0.5945413858574552,0.8433510145190506,0.4440686063503201,0.6850843676534567,0.14714034103954315,0.33889161439405796,0.42873286833500224,0.6831442147033574,0.8359197189675754,0.3038185988269871,0.4494776156093918,0.32257289510219456,0.17479499367323467,0.37162016082412735,0.3912722441270415,0.35937194913124126,0.4474453786940286,0.40586464263331057,0.22167534611706638,0.39970491730521535,0.769811074464846,0.3438382382907548,0.39784943211296186,0.36607403648930087,0.6531746440583286,0.48886498981215715,0.4448186602796573,0.5999928394151739,0.4713075986863152,0.3266907435276483,0.4527346354304038,0.6563271101477294,0.42278398416984,0.44410387378205324,0.5598608785475581,0.4540538249976827,0.5354020683631834,0.4755342854075714,0.3417566529003304,0.4605172361402069,0.710618523181818,0.6142998616800683,0.30185773053937565,0.777202835546228,0.5849518689980896,0.4442753762749806,0.28065736322506085,0.6546819099608989,0.6617006524971314,0.2979355537757848,0.5647946296248294,0.33340071150998085,0.5361706725613911,0.759242372988671,0.7612620282933629,0.5445588972024824,0.7485118218284026,0.5277246968369669,0.6550147364830539,0.15476996750941946,0.5143307986653599,0.0642921696498322,0.5073537019123698,0.08307734818547854,0.4418904863976776,0.9064333528301565,0.8743371752204755,0.5358696274449375,0.258290199506539,0.6526651840379512,0.6060313006374566,0.5198712910008666,0.7394403771628979,0.5139168212193919,0.844493966041649,0.6105416994142692,0.4250484352556355,0.46452208826500174,0.4305690112644348,0.6573130659239169,0.5564834913222936,0.1622399347516323,0.06528793531394908,0.14221699258086037,0.48000487336672715,0.4687751156086631,0.6393536006119283,0.6462807834795333,0.4228363394307039,0.6290921455918733,0.6297447586734232,0.26668551883818226,0.4933918869073642,0.2589090296529673,0.27421093790340084,0.7927504694880374,0.5371402609904511,0.05976919659387304,0.7991689058174193,0.8315067655293833,0.7736427271306475,0.7622616650754169,0.5823060496201093,0.5046253822086559,0.3491453450989797,0.10955730653573173,0.32842579678610023,0.47327208992579844,0.36944061706675124,0.29875969118138124,0.6183988392057767,0.6271042289373574,0.7586267002323133,0.7487886024286171,0.6911129869195665,0.4656851153416692,0.875866781117812,0.5899036462343056,0.4623874219869598,0.8837854707756037,0.646367946695387,0.7614652240988048,0.254474931420403,0.08273545647622813,0.14469909224096342,0.8692718156831113,0.881277215920427,0.880886982996488,0.06997493539637709,0.7578536437645863,0.6838098919089421,0.8507590595967627,0.7527467030521703,0.48875894860811364,0.3464950207099251,0.15341242742296718,0.1073219051714474,0.2592809065952163,0.31025322348953593,0.18848378856161685,0.1963452242387032,0.427574618647303,0.5727487937460882,0.1468432319140193,0.7082046695027694,0.4369113013694979,0.6289988905645022,0.5038888296745513,0.32568288864551725,0.12553228044615,0.46545894093371426,0.7037021274115393,0.5558250487634713,0.6097886877921764,0.7878321187784866,0.43194051438403164,0.4459794204991107,0.5583996815792354,0.1416698433330028,0.6055518765565352,0.7154313729787429,0.21428925554180372,0.39919989151994584,0.15968519347691953,0.5317605039977681,0.3267656832163276,0.234199972856301,0.4259889035884028,0.27135338908583606,0.884240181449605,0.4516312769347227,0.45661029719887236,0.4455632804911447,0.10507983912550135,0.28551652930833754,0.2697000693098659,0.7356226274124396,0.741471789880927,0.7501932656030708,0.7813681067325098,0.1182635115383187,0.27855238745196587,0.377671279858824,0.262963345800683,0.6811815550871537,0.6777148420097034,0.5794325667848856,0.5408865449940735,0.7722508580180218,0.7949805661318168,0.8574217066084633,0.7958459225861082,0.8004961445201895,0.4798683019631768,0.20103574956451145,0.23424035784611977,0.489286438629647,0.6092223799732733,0.6816432968598672,0.37312417886143556,0.6633795545877154,0.6215116396376692,0.43960030081059426,0.5039444603159838,0.4721252811860642,0.40119288553988247,0.3981149008376313,0.4452940424720178,0.14072481733999656,0.4407817508850291,0.22604556983763233,0.4674987392018747,0.43694732780271806,0.3719769909509067,0.3850674484844649,0.43352088392556554,0.0821651524539602,0.4895739396174119,0.5711134157414767,0.567950647136251,0.5675449956787384,0.5511216511426474,0.5451934886335003,0.5256891551894307,0.43682163559246784,0.6496290664464222,0.6069024332033315,0.5386910341330423,0.2621982088656712,0.4114793488357984,0.1653420792949773,0.5143487005981536,0.4346665352643082,0.38279151099371944,0.23775618148791022,0.34895725713574494,0.21666204532773697,0.4466921923758208,0.625508641758536,0.4235205075731153,0.6404492177915727,0.26121989842517035,0.2736674920425802,0.5114756313060682,0.5202362574170789,0.7196461302336572,0.3347500258625826,0.0,0.6241966916441092,0.4355021627199238,0.5140391527309424,0.47225415954145916,0.4663764336936476,0.5455569813311196,0.3861009430773786,0.5044797847923518
182,0.5217180261120404,0.6675707189104284,0.5126993554848595,0.5170177838846941,0.5012797807061733,0.5915082019521325,0.7405586422372031,0.41043480894611833,0.4454637395968672,0.5300871149907043,0.5120028978910369,0.36631485163272254,0.45680030216927725,0.4806080583050794,0.06953296818655952,0.6106298707490816,0.442479687684547,0.6173675079691747,0.42654684878631627,0.7052125134968178,0.5365913006468734,0.3298211779869869,0.24727202816601637,0.7156649524357975,0.388673733943107,0.5673182365358537,0.4843602557571891,0.6301526294627728,0.6186998028780097,0.7649661608803197,0.20790819590225665,0.6495070762669604,0.7168892914837082,0.15544876729173931,0.7462440834715042,0.6235892632095659,0.3285326766922967,0.39523168754711974,0.6515090060643466,0.2639091293864015,0.5827150538133816,0.29786721921409093,0.43212136403309426,0.33910535135232417,0.5615479528803344,0.7179659799861736,0.6752570609083105,0.4740764601841506,0.7182064752895904,0.5776574568601363,0.6363417111523294,0.34817000529442077,0.5362595204978943,0.6626981601414077,0.2960455276504185,0.6788981620518851,0.6832583213969615,0.5973300657936166,0.4111764986125575,0.6606772897377958,0.4244496887308294,0.31861245004383626,0.3987929598416511,0.2374960948487566,0.09870943525869894,0.33088421934355994,0.2702086017083929,0.3733443105148865,0.25408593287646636,0.5126296733541922,0.14239734800939027,0.13338064518776574,0.07874293351367674,0.19927941846760408,0.12034015818173861,0.6876734023478269,0.5047334393842144,0.11107457642861322,0.5765482457960764,0.12887965858097747,0.9026082943187775,0.6317657441696334,0.7949657041895086,0.5107430535041424,0.41175190075518997,0.1556037764580489,0.35495324101947556,0.7351965511091617,0.6066744852832143,0.5240078720876561,0.6111954469666685,0.5683125668120038,0.057339845847802766,0.5950536295320792,0.39301932335295087,0.24571263822450437,0.18993322689133635,0.5113345992008688,0.37332237842124705,0.4045760199440465,0.6969180769795273,0.4342566984003238,0.391319780902292,0.4857993524065573,0.7356349760836884,0.7224644269975923,0.6116322842940144,0.4127744406804859,0.7143078471767235,0.566698139498544,0.5015329538431526,0.5340913091919547,0.5560275371264757,0.3882334912406136,0.635341480209227,0.7468699694629183,0.6320673565804291,0.11246639541577517,0.5760759505794893,0.3834037280148092,0.21197279017652212,0.28354251035341244,0.7663080600798771,0.7383208039233228,0.504319771223861,0.6865877806941239,0.6885135646226489,0.33459897313296666,0.7912349721763283,0.13617824085281763,0.395187452386473,0.78061141385169,0.405622746495044,0.3674237869996646,0.1470160069170815,0.6264882388295738,0.20429070683035305,0.687064033936532,0.37263717215718506,0.6796654186989672,0.5805887105810773,0.9397035769478193,0.7888003114701038,0.6722665104148322,0.5204124692050679,0.5941402458779188,0.30658377508501483,0.633495768069303,0.5634885089145582,0.6438931068821766,0.6946087649064623,0.639004445707297,0.6950637209773877,0.6821317051457653,0.603684400550771,0.6730921336094283,0.7038391325632287,0.3179629485452631,0.7260319927910908,0.5864010763641347,0.6099120037186053,0.3738883314256621,0.5443033364832724,0.6855117483835244,0.5354199370793254,0.5609657842303553,0.7485102353687165,0.28161982715598977,0.6749005243935137,0.9188861721533002,0.3373762422765089,0.6580398259782092,0.9292869466945789,0.48909979692494077,0.9746451970789116,0.3723748617424091,0.3502629723593893,0.6960155435491355,0.657769566890656,0.615107384918022,0.6362729917093594,0.5891852823463772,0.5950313386017028,0.529803857696548,0.4724815114083826,0.48757270415961207,0.5268128300714167,0.26317380301619236,0.5266108398116671,0.5410380269011038,0.7360577840229171,0.26149928845705345,0.32994620207051834,0.23557842960096925,0.5677689707908524,0.5861539522911774,0.5977818093428786,0.47123583605733643,0.47486357434943743,0.23785970652705823,0.3163941198696949,0.2151790290681973,0.5146910620280147,0.3771810012825221,0.4844132378911795,0.6840196311228678,0.8195914230679213,0.6540492542297056,0.7972718387621218,0.7057753693551149,0.5570195850385529,0.7200752575854257,0.7468033812715542,0.6928347266799939,0.4664886939056674,0.39855683445011786,0.440267245390506,0.5351059681570569,0.46389833729400376,0.5113842083768447,0.5020198996617847,0.35887536670427056,0.7097273325020497,1.0,0.6619489081740337,0.697555493959453,0.6434436945716864,0.692220596302881,0.608056101048546,0.512767140892376,0.34864291530419456,0.42249894906884194,0.38512438773745405,0.43006033044663505,0.35206321959438186,0.7455352395732238,0.355850203699135,0.3119378656913097,0.6464914443796577,0.5843596390037636,0.5750805787187108,0.6425994947195877,0.5699120924274057,0.6731633820865018,0.980185197501633,0.5522519319379834,0.41116956485287975,0.5167581823692888,0.389359023785608,0.5053254995841305,0.5586917531225705,0.20941579800068025,0.594809468553725,0.6784960056410635,0.5130197247663179,0.3240997877326496,0.4968273615319116,0.772895149139606,0.4540110265610276,0.7422748356071354,0.6803758874854775,0.8025669918794845,0.7968864490979474,0.22271973870319034,0.7969748791789056,0.7265261177128254,0.5998104780258001,0.17218004768382916,0.36844180910423424,0.3721480190081744,0.7177113193210911,0.8106123615023475,0.7516516392136329,0.5728059245532244,0.22818206142628505,0.712430497443748,0.6611381123000304,0.29421582515659545,0.6036906861040486,0.5030465320174278,0.4323758005582079,0.3781823737487603,0.34809837250870324,0.21883719428771847,0.5054962274334639,0.8474367414507008,0.7725800769482614,0.6897765824434857,0.6726258700311506,0.5111904007284636,0.7917753599168262,0.40148109975748686,0.8131897830163084,0.05641291265852525,0.45542752433613876,0.5935339114115917,0.5774205689826434,0.3089567053155662,0.8957993997402065,0.8371503216032092,0.451897676448452,0.45477617943178605,0.6422175813580893,0.1938797964438529,0.6823726244260859,0.23560206454972432,0.6182988718275545,0.22624846326987824,0.16326507777962843,0.8356783019268391,0.05053392469278703,0.7846108350122627,0.6222300903777053,0.194737255514901,0.6756627541362009,0.9682504918765514,0.9578917260772963,0.11539047276991139,0.6951261351859553,0.1289894601016121,0.6956253735886352,0.8003556621079181,0.665387613804649,0.668027847440186,0.5935172033624397,0.7321993247037163,0.7327297613825193,0.6937740534410398,0.667190641646064,0.5708475068558452,0.4543003242946646,0.5827729236290209,0.7221773085169743,0.5602210861075018,0.7554523828902597,0.08506963372312111,0.7695740788141336,0.11087477178665413,0.7445432236713277,0.6662365117616796,0.5023702406406387,0.0,0.5690534421900261,0.19520657623507512,0.5792210453567408,0.44321102684071256,0.4584078857909839,0.3692486979532932,0.6464250360781983,0.6597929327072533,0.47873194314037026,0.5810992001037126,0.28248495787021805,0.6350885624985609,0.8942439710528476,0.8899722755044197,0.5676526384040824,0.855690799409307,0.5625866125449747,0.48063317090499547,0.037911021068049715,0.5866631997840038,0.2471293494187293,0.5900775468797428,0.24962628499520184,0.5299937361785227,0.9872051852463767,0.9499980401805398,0.8068099444638064,0.44112191391242894,0.1767198825850742,0.29579231351639135,0.4982283633361162,0.8906965868762784,0.6205909423276006,0.7588659824922078,0.5089037089547866,0.2073683892299439,0.5952642563347651,0.5400722375465764,0.5391980160154277,0.5170262809068894,0.28953961541548884,0.3205066851994652,0.30746395105357077,0.40794663913789386,0.39778580621380494,0.4726669496935374,0.508687109260902,0.36409597373456887,0.4605626192965796,0.46205490814309635,0.14925269786616446,0.7471188851057114,0.2993476853538234,0.3395039184372751,0.6729939993501814,0.31831432120469155,0.16824567932941228,0.4620612637881524,0.4852665416217301,0.5550311471992188,0.5259081986808084,0.3544223146368257,0.33813550544136556,0.20477335335256516,0.36222905587584103,0.3387102285518422,0.3827244794583133,0.13597879485696474,0.3699835186768941,0.5396631878480667,0.534785553611531,0.6272514532398469,0.6174744010075528,0.5952118530043441,0.37862975976233804,0.5760836872172184,0.5155417965077843,0.607947633617864,0.5747452703137997,0.566268236366315,0.6031023606819967,0.18821701835722549,0.18425868687910651,0.07560822973566135,0.5769567525771601,0.5939053174008985,0.6876563848979272,0.18462953777943206,0.4398158837200581,0.5925563092023635,0.5504369743994639,0.3673446892613203,0.25243083408107747,0.33362856430826354,0.39344520130165833,0.3125962629405554,0.4053273981914091,0.2937382417396247,0.2231669977265497,0.21183387132099962,0.10283810873466435,0.7261400092469654,0.6886581356582384,0.48439577922147287,0.5881031359500591,0.4582325981248558,0.24732346537171723,0.3641478521355656,0.23803424933684839,0.5244181623422518,0.5230447754202258,0.7387210075450361,0.513270257287469,0.5150393295387594,0.5995324868556455,0.46685142781286526,0.7492173508864898,0.3053500756749502,0.4803653852544359,0.849958566427243,0.3901150727162133,0.5316836026690093,0.5440677204517897,0.759720662131063,0.6473860772292065,0.6433603892628527,0.5726599057826218,0.35034455929455,0.8133247504906557,0.6126037546418325,0.5668509766070835,0.299341867419718,0.20773191408331756,0.259345731474993,0.24788661452469146,0.6541207165821278,0.6534982101553811,0.7300049277406161,0.7432939474267651,0.1444802881807231,0.23135554559220625,0.5643191359929124,0.2365574708363832,0.29673868977794365,0.3445319704337928,0.5787454081992448,0.6375637892130241,0.7216778964070564,0.7310943679692757,0.8182273141705885,0.7567970006193789,0.7757777174673092,0.5065272313569639,0.7970634349977279,0.13628835898319167,0.2090238945385704,0.7439906367457035,0.7875250264829718,0.976599648776853,0.5151883334047821,0.6686656791708881,0.4147937989839646,0.5662459666277312,0.6162731424469171,0.03467277176708061,0.044823752068633024,0.7488820938068973,0.5194433909130279,0.7492434626409666,0.6735470483900012,0.7826592037886876,0.752273479478415,0.7163881709763759,0.8754199492014365,0.8829967528345012,0.39382853976747695,0.7648498218640004,0.8995312185333911,0.9380289468866297,0.94814073240822,0.9641226445759495,0.8825943290928027,0.7909769831417254,0.5875048277548006,0.9551972452159896,0.9414642182331491,0.9313739345015729,0.5087270181057294,0.5555293409089618,0.3983198916059792,0.7686158845318386,0.5961977629576408,0.8184555984344231,0.8045985731157501,0.8712610690574277,0.3932254440465632,0.5979118676048367,0.8264074212654998,0.5532453047724618,1.0,0.18773997801298642,0.6493566781706842,0.7341522354950719,0.40961423581471457,0.5922275305486523,0.6310194699813317,0.6353158911664405,0.38420406326184453,0.5896194267045748,0.8800759166606025,0.7900387679450783,0.6104383512914794,0.765597144358433,0.5598469799462007,0.6241593375664573
183,0.4776919191910059,0.4249939366048039,0.6369530138559504,0.4691624535882224,0.49154550865735697,0.5816624782705495,0.5758420272071697,0.3373245665094071,0.5540924903912032,0.2852369360897316,0.4063632954106863,0.2380124672695891,0.5494885679842735,0.5032276384731531,0.16244330472046398,0.5451784293485628,0.43130410041104744,0.5364189781990779,0.3575593322570968,0.5163368090387663,0.4874347926423033,0.5204675348614701,0.3279533023038261,0.5272510515728702,0.45705989110085327,0.21629992186784222,0.4278056887219419,0.6204047935031252,0.6074250804859832,0.6213457623515573,0.15401693965595814,0.5605497870173057,0.5287951859250939,0.1381807673251036,0.5381406686995057,0.5700981169044024,0.3518069820655534,0.2900696402694925,0.5669568425683224,0.46220243849568776,0.3765074420609792,0.3933898901744887,0.5666146510974939,0.5019644671315888,0.5027265030920334,0.5572996553081896,0.5808448203171324,0.535988938892382,0.577042797704458,0.5083254841902073,0.5347214289872807,0.374893713586948,0.8081340959013255,0.5452678854942986,0.3456599791804663,0.5522798106939697,0.47856378209848316,0.2980513630915607,0.2794591467849257,0.43139857198590104,0.28340851227322345,0.1653605992288378,0.018719697210997158,0.37714999349540007,0.07697736414627881,0.1824236249889638,0.2681641597191369,0.07097705667171829,0.694555476483072,0.6009657623222298,0.1338305502345579,0.5940851933087935,0.3031896206355804,0.12254841052811839,0.538455495719694,0.680197640552924,0.476818925720347,0.04885713727793458,0.5437199139234484,0.20481107258502804,0.7883589732122936,0.35489301453531996,0.5737971934840723,0.5417759639154439,0.3335795956949398,0.24596642971233493,0.4468649359886462,0.39115053143981315,0.5414981102553986,0.2894340009690973,0.5352956445308834,0.15506481321062335,0.3154415114232552,0.45479851353564243,0.5112227680032676,0.12548463416745434,0.3409114922419304,0.6006142593313877,0.2999818140765802,0.5270942271265491,0.47676611109999933,0.3395228585580543,0.10132239614457807,0.16053748111882707,0.5322268466487,0.5645171697422025,0.5784082169996072,0.36338320923047035,0.5250082710196292,0.4581337276899716,0.380123028103417,0.5732818604201525,0.3479034089455356,0.3490990448145515,0.6651607186801793,0.6147877226953519,0.6603812167622097,0.5168162558303894,0.33296535886402623,0.49443334978719367,0.1290210303642354,0.1850924866700208,0.9014753790317344,0.546937958933405,0.7722070239195148,0.4901557766184715,0.5546911891668029,0.34745589766050233,0.6320309564980042,0.6206747973903058,0.6361823575225524,0.524049125410061,0.32505696110876114,0.2602808551682879,0.22946307020470916,0.5341178844981656,0.28241197184244177,0.6658460017152031,0.3002459503491694,0.6780271601597554,0.556701517675663,0.9390831078273568,0.8813059756361561,0.7002296425057573,0.5775771149189909,0.5622615793596095,0.1588758171740081,0.5023993710391618,0.5188966743987458,0.6739950670309555,0.6938930746725809,0.477808591865686,0.6176073957444351,0.6154484959559186,0.4466623859167535,0.5901348261846062,0.5479953745577595,0.30482659141912266,0.544651157577058,0.2869315820834005,0.5557851012727095,0.3149382247282397,0.5029954806569763,0.6729881379625036,0.3631185244746164,0.47126691454803316,0.6868790829759904,0.2365864482482576,0.6899709309831239,0.6169473013395209,0.22582426973988168,0.7096706964932191,0.5962647003610307,0.5154857035719562,0.5208775660821593,0.3242404932640889,0.5689216267870801,0.7495438252577795,0.7105432991840377,0.425455714438248,0.5491746490441775,0.5238868042218361,0.4906073463875878,0.4797109982391622,0.6817976883195117,0.4315110563494995,0.38087299478163433,0.3994037403261901,0.3962507728456861,0.6753667424907384,0.8061584718636953,0.3920428167501412,0.4275788549105391,0.20043159700252663,0.6403055911738292,0.6409039596247869,0.7403797604411941,0.4792585811969275,0.5619594241204359,0.09759288596329115,0.2551857603834183,0.30980396030145,0.25843439838844173,0.42289257665603774,0.3259952364394016,0.5074453488375629,0.895598010374739,0.426908224780129,0.8060709697754076,0.502983955749942,0.4620132699661805,0.5597294602709496,0.6933669281616287,0.5311932012566092,0.26803005522650064,0.12001382231798326,0.09148388177738676,0.21177584088399704,0.49217902570561733,0.5070944260530656,0.5283497461937886,0.3054659410997142,0.7686953967093783,0.7600853149299353,0.30925650550617595,0.5844639148685823,0.534264186547894,0.5826401412160003,0.48367415333934893,0.4573269701228086,0.32699544593320645,0.26373540960345915,0.2316599714238866,0.21905930160416906,0.21176013257964643,0.7215212403399659,0.2020942396033724,0.2995927883024768,0.7314456072590134,0.24891686001958985,0.5139686059415118,0.5462030386759725,0.5000384642431378,0.6000740212482188,0.8433016244263193,0.15476999882687867,0.17955331207329026,0.4231893803612112,0.27116841756461735,0.4461425985702573,0.2200628616123497,0.10179985431546303,0.7345595421833337,0.7336228863339851,0.22144686277675069,0.1984416736496245,0.18843851251128357,0.5472608151724498,0.29883707248229757,0.5086677300222868,0.49012286138194755,0.6461773002748388,0.6174342399750358,0.19402097159083803,0.6339054515750827,0.7151000201718964,0.5623845279184135,0.17970097842261626,0.4794763633191636,0.41691043603565564,0.6804100035950534,0.33325820352146446,0.2608283954791515,0.23433029721949905,0.11997814026725674,0.6427093017759758,0.685960991551621,0.42502205136088256,0.8062304927515217,0.40197581389584724,0.3705831404010737,0.3653734026485494,0.3629749149509006,0.4686075784190614,0.5772082042753077,0.9318127252629594,0.9138155381186811,0.3552635887227325,0.5717360891899993,0.4706092927989268,0.44818335203588106,0.353936218868853,0.7250277687301889,0.06412424559318627,0.3085403037846494,0.5306563699264255,0.5070683154807414,0.3039745548608133,0.8135228542152456,0.8834102018310803,0.2271514034831452,0.6237263979045318,0.7098757283721773,0.46753677938187715,0.7109558976082931,0.13839701372416202,0.09101350875249326,0.1394419558727425,0.3035473647584133,0.8316745577780478,0.3084034765145919,0.4926467386863338,0.5194380857539158,0.27061858570016356,0.5144176961751475,0.7307785865885065,0.7167479475934717,0.2438851391688362,0.5864649492664489,0.32673265401479273,0.5945973167039302,0.7023065735715347,0.5422727819004526,0.5741658966253057,0.2987657165146594,0.7040832255809791,0.6251096812711399,0.5841088014886865,0.539692704331522,0.27349985004732286,0.37297562329495043,0.5258816204275912,0.6889265421638404,0.509295733801331,0.650660130330631,0.11098115400698054,0.6652183248676256,0.10051201602992114,0.6626629802503707,0.5557786488219644,0.37698458523312517,0.6468557631355484,0.5251081439914241,0.4252896434314761,0.7147644669584524,0.015158261079727835,0.3437838104542871,0.3500182928173017,0.6569382567984732,0.6751238465230839,0.41294986567947195,0.5965901983443198,0.33106510340244655,0.6075312122868721,0.8947586037760942,0.8757517360355993,0.5283178761955328,0.8470509408237411,0.5117340522349473,0.5460251484813883,0.07814893959127014,0.5939179211832007,0.27250739198193613,0.5906072192571901,0.2838247672325567,0.5343897342310527,0.9782321690952122,0.9203416335393314,0.6245218928247206,0.4383943913371434,0.0877461301227372,0.17790850158882762,0.4970194068096845,0.8559633009955215,0.6042498052558939,0.7974558484423101,0.6893292678477618,0.3068150595314857,0.5309604000547365,0.46898906511269484,0.5928512700396947,0.547271074992564,0.36172380434426044,0.3160087086472974,0.32120698793301,0.4978231615304687,0.4759753338374482,0.5273862491551472,0.5504268499779214,0.5294397619599692,0.5176257132345723,0.5309510093957315,0.2540145993409645,0.7823758684408768,0.37252673315972057,0.2708436977586289,0.7550989029324539,0.5414169444886798,0.16740705790874205,0.5124482026543322,0.5215100125459871,0.5609574709016102,0.5316696355540086,0.3221150086670833,0.28421942908638964,0.2389076775343437,0.3782761618909381,0.4847001888969321,0.4264150793704043,0.27290308843494043,0.364879232014028,0.6497607275874308,0.652728831196471,0.6604593911875094,0.6746372994037683,0.5974008526017541,0.34987399770728356,0.6170249884475122,0.6201081852397975,0.5427050576381155,0.5998764989077465,0.6594915370995517,0.6671399459942685,0.07034305617025827,0.13002108478828517,0.08764877020279374,0.6326162058543893,0.6591818689098285,0.7211456161059397,0.1506536681120437,0.5327999661893894,0.8897825823121,0.5753590395065464,0.3917656777991439,0.27390937003973626,0.3841859469138485,0.3991309240327138,0.3850568291205054,0.38443075989654135,0.2868794578145268,0.09307400867860653,0.21325114106195855,0.4172146212677734,0.7721802817591784,0.401992914444801,0.549837391263469,0.5316398236791668,0.42618000452472743,0.8406238185540787,0.21780964013687817,0.17548944423265303,0.3469246531857346,0.9037814122148445,0.673668859553078,0.5470125827067275,0.6389632142053973,0.5407016701592244,0.4064903148183386,0.7946103342247033,0.1516040101691307,0.5546726136999913,0.7134314251794599,0.35967132781360034,0.48727037179659255,1.0,0.7904538489743382,0.25723363906534974,0.22295042632824777,0.4038543771327417,0.09286196311428987,0.5689131124888661,0.5400896124115345,0.24393621600273876,0.6004812508188356,0.48096024720248615,0.3349879787025609,0.3179259440985388,0.4216878531394587,0.4206413950111971,0.4349271019866412,0.4916976199903884,0.12292070884470559,0.45441514255516396,0.4913719778141568,0.46763112098365156,0.6463282571940506,0.6693294539682241,0.5742299113277641,0.5459423475817087,0.48582886068778963,0.45390158858308705,0.47724732566868233,0.4701730216611446,0.5101422852232264,0.3762645779223457,0.6790953674574784,0.3176310666383204,0.2797901187900719,0.7134862872451238,0.7506168815186873,0.9272111570074644,0.6509839167384774,0.6161547707151859,0.5637082565691894,0.5520009520517662,0.5443469055400546,0.7453859428766191,0.7425371816831867,0.6395917155293658,0.6985674426273977,0.6346333151696318,0.6774955009236927,0.6691721950531687,0.6349927662650628,0.6318265001577643,0.6611746333776414,0.6535731936120631,0.32117477777356274,0.8267635196171504,0.8496921072770101,0.8692824099588758,0.8590273365222133,0.861821107905583,0.9185539613358138,0.7827664922282536,0.5146410407998737,0.8793406817035027,0.8248451375238047,0.8409791754122921,0.41673816805540215,0.48805552785882444,0.5292341725044367,0.731142023128267,0.5075957830559572,0.7990101817422941,0.7198997985658765,0.43454532947403485,0.5265885558116785,0.5236527765025139,0.5569366324486384,0.5129149571006333,0.8668816521456946,0.35521994236899407,0.5850629570706912,0.32689460319250147,0.5190127555742449,0.6550136829981444,0.597726343860491,0.9712359327259459,0.46169113880544,0.536657760208208,0.4984476538053235,0.4666032264997221,0.5356418922858386,0.4755299377501609,0.4790895840975972,0.545503575931734
184,0.37674467425169716,0.4908628749073723,0.4609061399284941,0.32729012563224746,0.3275384756122986,0.5222638282087297,0.3850937918861104,0.3072789579980742,0.5110441963408275,0.40126856620356166,0.2436206154249879,0.17279362997042014,0.33207928121874053,0.1340956022877752,0.06882809279503306,0.36276116938314845,0.42621237356481595,0.3507651193775862,0.23591119595991045,0.6644228676983117,0.3364560284071416,0.34496752157404126,0.34146379249100633,0.3889206742725824,0.47639829428442504,0.35582037192301547,0.1402313280973488,0.5726056794066096,0.5641511008012191,0.5894622732133865,0.09362266962870162,0.48498284398139324,0.6188436006749134,0.048057206270882884,0.6889041279699135,0.5554711347824508,0.48011693681629175,0.3743015165538726,0.7913708287209719,0.21425912324899216,0.3430827610528357,0.2581113499607799,0.41009015103988994,0.31746712115389664,0.2660972585470799,0.5913870363664392,0.533113002119211,0.3482249337647118,0.5721802063301995,0.2990520046255584,0.4923431131759285,0.35844334490618995,0.8410079604204598,0.5171518913728801,0.355895684134888,0.4412028468542628,0.8557529418789578,0.8070354691746793,0.29738408292301255,0.8402157106088437,0.5904006540039971,0.17958551249316423,0.509526887356652,0.36657011141759394,0.8180850531397569,0.1738953549019048,0.1950577175690479,0.38342491539038426,0.6420075952951527,0.4967858093628416,0.11186156592265221,0.5439973812957367,0.15306436235754198,0.18988361584982028,0.463561110273333,0.8592387812743836,0.333630832427602,0.03157983389596435,0.8010541092477559,0.38668360002302093,0.7336169789568513,0.47011162360437925,0.7262327411809213,0.44944137564763925,0.29756020699698615,0.25775205644379295,0.43283933055497487,0.43298829283792284,0.34988987840447533,0.2120022428746241,0.29388782939188585,0.8545447323414911,0.3599072451438798,0.6295337569098608,0.285608814900934,0.4971933803005904,0.10222007731361533,0.6261024767844163,0.45908672652289645,0.5464039653443686,0.6640950644793842,0.21191202285819824,0.25381700530299794,0.2260185818766192,0.9185249154732071,0.9250529879305928,0.42924835394793104,0.47515010141165875,0.9193528527852494,0.6173742363502384,0.8821649980674763,0.378962653256822,0.46180055991047975,0.34379121650046196,0.5788107282275484,0.4998696074283957,0.5934509446779589,0.4960212234979478,0.1993651969717936,0.19914087662172664,0.22136920863401727,0.40311743171875736,0.6581400766920229,0.49644303501290016,0.2826329860452692,0.4320368728436613,0.41060924104825786,0.3160880123720424,0.9031125264003359,0.5524346609865501,0.420348003245227,0.5130819105823498,0.24388575989874295,0.19737757490615285,0.2503212584547197,0.5014669988338722,0.1975989514432894,0.5051963874966374,0.18972097590783274,0.3948155682906545,0.34484606534261014,0.8817919193633982,0.7436463052750404,0.6202417051430453,0.47661566352509216,0.49882163940085283,0.42508305546457725,0.47353249564793276,0.39031969066390204,0.515670880014257,0.38515960817279626,0.47303388203722896,0.612259773279079,0.6162652941881029,0.19835456951896074,0.5917064470815504,0.5596872120678114,0.12916706532909616,0.3785405940105758,0.2621263489411511,0.48673683036072257,0.1001791517165995,0.4202984396965329,0.4574465569533211,0.3388296500294922,0.13729145313724905,0.6319797822807357,0.5018988903839556,0.5535887139755846,0.5219418826634947,0.22390002210085913,0.5375672025397892,0.5156756393850627,0.335646248075956,0.37020317817946474,0.2352339748516028,0.6483678608388129,0.6562555227433573,0.6094444120411924,0.8286915140761518,0.5587633908668647,0.3504686235070154,0.32490685601904,0.26117737733039964,0.6403343993420988,0.4478517206303806,0.35151209946200374,0.4951607519862341,0.37903614082109893,0.06575397210950776,0.5170805281193218,0.34794787820004947,0.2418722509665721,0.18185495210673436,0.5301664122600942,0.49527945136841073,0.7432700801194209,0.23267397514782331,0.3466455653600098,0.07821857608057554,0.5319192362849356,0.5722087185043001,0.5355531057895718,0.38250223661971255,0.4424963967216256,0.8336291001649706,0.9548414673112869,0.8207800647687317,0.6570035424767237,0.01246053688550899,0.3581822713556279,0.19049227350013265,0.6212279223344814,0.3960107189449199,0.32048987301410264,0.17431714680253468,0.28704770798672724,0.7824070477489408,0.40974574034669126,0.5466111555710796,0.5304651205989264,0.17202283960108639,0.45113465619875226,0.6362832139019691,0.430343036004135,0.5224108094032859,0.5454459288441965,0.5558941357327438,0.2762215119151463,0.5433855891410367,0.2134302417715753,0.5606617378849431,0.27481638287146515,0.5715837749453229,0.08687758671962427,0.849066572272347,0.14194214377807726,0.710898962685639,0.7329409747144011,0.8362024797476744,0.34466202637187526,0.47158788532474405,0.2961309771553379,0.4672782820357413,0.9255558818033224,0.3829887384999332,0.3166238662172198,0.35145288990621065,0.09834803222118706,0.2766702942059164,0.8146791999070244,0.20154907613224698,0.5885204332191696,0.6532593960595645,0.442161334294643,0.06474256433603927,0.790338401444776,0.13474475348684772,0.30166420607482103,0.11947150146491081,0.07866925474935306,0.012317554751871861,0.029468121074772473,0.234985022216083,0.03870095758663238,0.5204043095865458,0.39047785491516007,0.27856750287277765,0.36295816455111923,0.3673298247777081,0.6090185354840789,0.3061280858217228,0.15868465694902684,0.27070804785252944,0.5754896969496714,0.6815925206195195,0.678111045446477,0.27806006169195224,0.6694166022669269,0.4358254869030975,0.22490304144163142,0.36575398199066034,0.37582872773010745,0.35125164561848116,0.513013147620591,0.9313499211628119,0.9178321862429512,0.21111490545605222,0.45004604453757185,0.45290286537074237,0.4711315504208098,0.18387190075544968,0.7457834444810377,0.09412484387292824,0.19075534567480723,0.35797466127510036,0.33134750543165814,0.24417938570122197,0.5892152514562276,0.6160461825088945,0.5332253600929342,0.4707132926174465,0.6036906316246062,0.27091429265564343,0.5913750999214384,0.1713748368998026,0.1548985478745641,0.14779105108152535,0.6941720235710588,0.5137539810603552,0.31594965309346096,0.18651517841072365,0.5150202919261057,0.11187884651078502,0.45504195614873005,0.2390430633596891,0.26040875364254984,0.1388845377518377,0.5329986861957834,0.14980968808023465,0.5383859695990447,0.5558574407800416,0.47531149863603395,0.5353033407915976,0.5297572134307932,0.640313769590263,0.2581514735244042,0.22544125697767672,0.4192252638411321,0.2670251488680705,0.22323461051632537,0.33028072277991544,0.6437599777108839,0.32308155445071907,0.5992431246760893,0.16486254672750048,0.6164308315108193,0.15027212828680042,0.6315801614319261,0.7102493547416684,0.3674099195972511,0.47721592666260165,0.403501182755042,0.3755563204446527,0.61501483293853,0.7950554538367018,0.4802543400452705,0.3811232583978732,0.6295101724224597,0.6512411321964138,0.3164736813995037,0.5936510346618001,0.8434068006671176,0.31473753840424185,0.9086844889879405,0.9129665750578643,0.3357492578791177,0.8938227585623925,0.31010576825338,0.23473268344639842,0.11663007479233231,0.6167038672656562,0.1932111173755853,0.6086272091614031,0.23399929346925927,0.574044883353987,0.9823432221647885,1.0,0.5328652069089834,0.1932191854989371,0.20737034080990108,0.19225199052365363,0.23779494500921336,0.8467965714677516,0.608533476242209,0.697726875043296,0.4256278297738289,0.31633900207512533,0.3483116153660524,0.318687516030492,0.3840538990506294,0.33516187428156713,0.42484252769510183,0.1964427438485911,0.2491871209954007,0.22401723183375255,0.23072292061518598,0.4911360398704205,0.516339831362118,0.4825651078205249,0.48128660729709716,0.47775480519635266,0.2332178360597528,0.5568431659436702,0.36209566295190054,0.19003602414787538,0.5982708351655658,0.18998558411072058,0.16724105358594682,0.4400891714722685,0.45750124672171333,0.4159305078791572,0.37497214506823007,0.2801281993083236,0.22518823411635883,0.23026523104390734,0.2563808723377333,0.3758283881553278,0.34625850590345686,0.19944012556623858,0.21384038366275784,0.36561577186510474,0.4003795330974619,0.6346269822343488,0.6063198355665492,0.5386554537806103,0.3545631920566423,0.5647744426310796,0.30960217220490516,0.2946641890330686,0.5693893946238903,0.4225907974879564,0.6221354899134669,0.19679911472585712,0.13590142793976395,0.1861092781959694,0.5773060334499324,0.5729754561301889,0.5618321510841986,0.12993524510462898,0.4372046440483349,0.6275352705648665,0.483973466119724,0.31662765353759403,0.31788974061916286,0.11928496624413687,0.3139871641993156,0.262153783451432,0.31638280099508687,0.3164153248531172,0.14862804533226084,0.2086808121857619,0.3156796650188933,0.6399595378537676,0.5944196820033268,0.4167979578768983,0.3128359746829179,0.3448117729624398,0.4900096911265724,0.29982629616816076,0.1463001982304551,0.424827738901592,0.5528749101711689,0.4263097453212667,0.399785822852024,0.4972532393567553,0.28027987877251154,0.2376613445338009,0.6740075207816064,0.09710475953096288,0.41561597721535387,0.6868494606394187,0.3058805620945108,0.2881697384159279,0.5225489299932927,0.6798465780320113,0.5397474796639827,0.5492496843413066,0.668338734308339,0.471533676010308,0.8359311110754205,0.32073669362724044,0.5428277951718179,0.4596764129582331,0.33203780212940964,0.45799573981367725,0.4441568696211484,0.6109324260592818,0.5989845402229153,0.6091278632779147,0.6424622493396525,0.15326095907310588,0.22576673584488982,0.25780541093018366,0.21843334287836155,0.4234750735994023,0.4645370689129141,0.6313030392041515,0.6701470235556831,0.7479576303927278,0.7502756098721137,0.8452315228501538,0.788890758912089,0.8489910300654371,0.33238720120333026,0.5174521112699497,0.3661811735378394,0.21344846095095593,0.7257795833171884,0.684083080385868,0.6754549327538575,0.5023942521264323,0.6240141541631742,0.5450195425939486,0.4835365435799281,0.28448964668429433,0.23383049519829188,0.247876341414058,0.6093420880209602,0.5536552324069954,0.6020209529472541,0.3771216127974935,0.636107485723167,0.6001760296638818,0.6281497515705953,0.6607492702764346,0.6639501395548131,0.31841681546556494,0.7609654255349704,0.7952149789436238,0.837347780718637,0.8478531812391698,0.8749425265956203,0.8018889818393469,0.9817273473127901,0.3060597645790187,0.8476233452220926,0.8308343828495934,0.7837386199564484,0.24992490257084043,0.27591249988449784,0.32016636870331694,0.6023507152577554,0.31136789627103917,0.5763067323880273,0.45098383792959396,0.26305488784110953,0.34478928286488775,0.3095131983245213,0.2674328844014085,0.32219645903631056,0.387678353814499,0.3134011112976915,0.3979551273964585,0.5692930304612019,0.3493075083551711,0.6097779270425858,0.4027105358500405,0.15888054949917008,0.3649670405076541,0.3125602869441643,0.07013522907454986,0.4556718870091914,0.28903615000503213,0.5331049812436042,0.2784103696289115,0.4203967062974585
185,0.4053737305316808,0.2456476993132959,0.06040759472444672,0.032134701559202915,0.41682157608747966,0.0,0.17707167853836503,0.20840604617288216,0.32171765509610345,0.23701077753024596,0.12735931199859274,0.07094412975779403,0.6581989054220712,0.06566848710101025,0.21976495489929246,0.0370216444462435,0.49163297637398906,0.0671201048754626,0.29856274964197044,0.07488023037815576,0.05364737866116737,0.3449641410252324,0.4005715310980899,0.5990906549551116,0.629179510178831,0.20823280639718517,0.34991722920217666,0.0,0.0,0.010472044926497115,0.1377005395846133,0.5600527335580486,0.0,0.20541026464679807,0.465240141875619,0.5445979631813618,0.5731623316530478,0.29237052043802647,0.32822546515248574,0.20475517033717985,0.30876859117152056,0.21907465001824272,0.0,0.0056870256680645725,0.06857915151704767,0.007774491789263116,0.0,0.2979775519624591,0.010069574196350581,0.6133235419353011,0.18519732550443502,0.3560481720037186,0.2624363067434842,0.5772416853835095,0.2678239956650692,0.5618138533266674,0.23473310370722997,0.2441993025396413,0.12765906944200073,0.2163383435304712,0.1992207607771711,0.11594988734100273,0.23728425978500553,0.6184059330257352,0.5978288133534377,0.17736915292223837,0.20055260217844625,0.48899033441572687,0.3117232384939615,0.0,0.2441881102574051,0.20327034601591534,0.20838210983092387,0.11901809318868788,0.12528981465050934,0.2588671786334236,0.2658695833891456,0.0,0.0,0.3899189304347478,0.8621819696143329,0.29693852726593783,0.2832011355859823,0.3245793380852587,0.19118347932305696,0.17949716838720317,0.5620334856174192,0.3820790544324832,0.035661464453882435,0.029418123767817377,0.11973015908188973,0.462607777335194,0.4180855230902703,0.16472510972676394,0.4483279263519905,0.3702945700691825,0.1637211598710382,0.14163516236054893,0.3934136351881309,0.0,0.39472453739369356,0.4235774159761025,0.29938789625349616,0.10453484175616655,0.30290368927692485,0.30932774734072704,0.0,0.33229866570062383,0.31269280599691984,0.11325192269803402,0.0,0.6411870029589641,0.20750627731730076,0.28094830268814747,0.6309483878943706,0.47504208725500346,0.6318088289977228,0.14665185396315306,0.0,0.37407567136884706,0.18366173359354496,0.4788017074544317,0.7660949993779148,0.42482158554354976,0.4914211857068778,0.35275512258475644,0.19677297856143922,0.36139295988837866,0.5643208927553828,0.16078802361922478,0.4975407543713378,0.0,0.028989514809157495,0.11436906005683839,0.26239549178402766,0.18455307831958834,0.06108335860438506,0.0,0.06585257296945171,0.8770370372219776,0.35158735070840363,0.9700650175946077,0.9407914884870592,0.6720021081541322,0.5451228671187526,0.5339612938664067,0.19855202686028356,0.48553542318206444,0.48415284173898787,0.5648015754189867,0.0,0.48892874533397773,0.5193730226377326,0.5296991342711195,0.05433342248292246,0.5050073485814103,0.5328367830513744,0.1482822897863826,0.9621058645366348,0.10113201935946035,0.5297652457719902,0.20406233228774853,0.35349802809875525,0.9106943788265297,0.26367709647170817,0.8450956721510848,0.4886742774901866,0.0,0.7788772721054826,0.17208260469884318,0.23338756770416333,0.6525105251540638,0.15366907996982243,0.4513438189683767,0.14891532546868982,0.21591227465425505,0.7589198863519792,0.7303308480649537,0.6891397745874559,0.49957277233445163,0.4835505280915239,0.05206878999754414,0.06842633285579611,0.07362078524948511,0.43278277164536166,0.4115327042148191,0.23428866275325463,0.2869379855581862,0.2541689948995548,0.8134493725918469,0.9152682343222104,0.3588672343121833,0.1434385944906974,0.7049835323268028,0.5762713394260207,0.3472166530261014,0.9239683463675297,0.4559162265282364,0.45368954783964305,0.09463039936593537,0.40011921644841875,0.27250966821547434,0.37370188962846773,0.4176497974932797,0.07435965481362505,0.10555932102715737,0.7664321548823871,0.17829476887703694,0.17158822460993542,0.3137063265777217,0.13803331847252376,0.33094114683934034,0.7159222563200398,0.10808333691711128,0.0568605017078036,0.23625621455241821,0.0,0.2504309311435158,0.010901689840821538,0.5459368908528224,0.33446391079781373,0.3760732726051804,0.6378312529871145,0.5185140487478366,0.25622191006265665,0.5768947183054227,0.4331859944629039,0.5881159237392055,0.036340699143649575,0.4956850631831427,0.41584728282923283,0.6426029047408203,0.1601361313835702,0.5750627625437643,0.15480807028001914,0.4729928655295092,0.21227629543722623,0.16659901385224984,0.814055058573461,0.18068267410335137,0.07467134149333628,0.6155950722674702,0.056196269351136016,0.5432206573155776,0.40891518839975677,0.3433103945288366,0.08703254600660046,0.2677648827522524,0.34052879671166664,0.03905799312538757,0.12912016248164904,0.07155770904040984,0.7617168511920229,0.7569262336501298,0.36363206882995674,0.354487779665884,0.11508970597349003,0.44471636631114875,0.32988360635610314,0.41723417492305426,0.2996626151960479,0.3216376525005975,0.3114767534715474,0.13679559948826064,0.2968557789242698,0.5544768687732423,0.4513169047428547,0.35522309567053295,0.3126599727517642,0.4343043350164965,0.9246651812712126,0.5347884435833486,0.4285789520777016,0.25211189080501684,0.12047788625588308,0.5914735386600211,0.6460945384575698,0.17272057008595007,0.0,0.45303834625153533,0.09702119335376662,0.37511041404254536,0.27082311531815007,0.7230243655959157,0.6807801879948442,0.9571104297096633,0.9349212362575336,0.4742350495411138,0.14999627900736856,0.2804831099411601,0.4512809769185104,0.0,0.7381628887958646,0.07478025148202926,0.20083516243725286,0.05158176802331775,0.05793578457571406,0.10861650221251289,0.8640279715663113,0.5487310038532448,0.49573355324350005,0.23946867585736992,0.6928930245758762,0.220799235676145,0.8693663218329402,0.31645990513342087,0.20802861629455396,0.2658569149257998,0.3622577449899163,0.834749466194848,0.3135923502520329,0.5808205193331684,0.5427797782861347,0.3138118116332023,0.5877676294420915,0.5034521851696977,0.5158665191617225,0.221248512877901,0.6072182717294229,0.05334667620508854,0.6116867146723062,0.8985782479157344,0.5498971079242575,0.5824635066935155,0.3779986561237757,0.11715197426075219,0.33691907519078845,0.3017205571467205,0.0,0.36930709515682403,0.027409658552720803,0.07559987745069317,0.6253439421724835,0.027001503682881168,0.6684493747302583,0.13264884983632153,0.6799466850766522,0.16978860706744403,0.6995705866270298,0.8168722472065916,0.4525153000534966,0.7090654931336419,0.6145469343344692,0.0975960475562325,0.6785966781665059,0.6591763710558028,0.4067828663698491,0.3023787720832591,0.7379342182025391,0.7342370755161353,0.309120338695142,0.6947099498713494,0.8261171471369074,0.49893669864996254,0.9092760369461281,0.8994475121590695,0.8878948862570611,0.9272946942761913,0.8756589188538828,0.764808284267333,0.20951292254268905,0.46040682352780143,0.20598736116327424,0.45568893155380336,0.21379086637975175,0.4044486058224128,1.0,0.8839831220819787,0.5356542110810149,0.4945252981676493,0.19020436977580535,0.28165117890579633,0.8394125298644163,0.9420539287146873,0.4878569013088026,0.0,0.30559069435968417,0.3005595455402363,0.14082347065122047,0.00574553156050048,0.600516417186475,0.48637352912766285,0.2824122032762009,0.23790482622791895,0.23671882595082494,0.33095770655666035,0.3274605419054665,0.3702847116863553,0.40037401906459125,0.38090365052851477,0.3528484977926947,0.3854739560250222,0.29511611808770183,0.725202102816875,0.3048971864461864,0.402882461084901,0.4529873598034556,0.4137868718784193,0.16118535215193525,0.7509027315235285,0.7794366579007261,0.584500997157608,0.525166036628817,0.31621853726251054,0.26131550096651557,0.17772283686777662,0.30260466270281766,0.12496351583544954,0.3884825970625507,0.19024712135815966,0.08973978923884812,0.46867666162579014,0.47329191701398166,0.542286478006721,0.4765605018117387,0.49074565506986,0.26878334235898155,0.8386015996251979,0.42479097655863757,0.04694880068659127,0.8312327272431512,0.45596763170984783,0.5232432495408742,0.20902627518391373,0.17708684918971637,0.26891363679912816,0.8550414285318502,0.8557032367122318,0.7565235847287852,0.12946884922912322,0.611995087343614,0.5664047739639767,0.8241714174261641,0.4885205950759882,0.07438691932084662,0.3045910487418027,0.2891437422488475,0.21036928889832568,0.31877372124696185,0.14701777852791106,0.15934363166708898,0.2033797649295391,0.3113027349901903,0.49025707410581326,0.5915102718956574,0.4913186183276854,0.04813944870411647,0.3331613518603722,0.6852990030632261,0.25669478888416886,0.1738029870563836,0.2700537747318221,0.3559726967628096,0.6348389516756408,0.08200419365020885,0.5252749014179674,0.14679066605087476,0.40714322208019754,0.7725761071208928,0.7333549003271327,0.4307464776264756,0.7139706247393566,0.27593381981248066,0.04186869604716278,0.7383483896769962,0.7830929661032656,0.13561465107419615,0.131718165673562,0.1561746881986735,0.270635971713182,0.5057830413550437,0.0389763087740451,0.0,0.41509608439129003,0.29820294162733224,0.2059608505409819,0.1930495708513031,0.5283394953347581,0.5443057189291656,0.1262930581562144,0.1213004082420707,0.12481352716878184,0.4084216340612061,0.0845224309423771,0.39186479647203476,0.40553958403329887,0.44783282897662563,0.5438120649085293,0.5448902680205499,0.4253566148705575,0.3962870063682994,0.18552605589937785,0.11931039248434093,0.12470180942382668,0.3929714126021267,0.6989076195985322,0.3164904576494735,0.2876403054048194,0.9735399594014299,0.8852571533701967,0.7617929833778317,0.5443039498154993,0.5982698085494811,0.8903987664927911,1.0,0.14374097323278306,0.5058352179600989,0.5255391958595975,0.6522637902206668,0.8918406293027167,0.6503903510350377,0.7903213428649193,0.6858606135169224,0.6570367152331009,0.6308242524259297,0.6814072958210254,0.7049448940136208,0.4949424991794702,0.857307477978273,0.8522852263363315,0.8958689627783211,0.8868795145404572,0.8790575924819627,0.8086217026197358,0.8623175666107036,0.059667185742803296,0.852851164463057,0.8908245426670005,0.8354305471191411,0.034249149987467455,0.030121177686744674,0.5390773787329937,0.32188716693312386,0.046464893157358536,0.802912579438197,0.6093497138565555,0.4453732344608612,0.5046196921460441,0.06551343286611036,0.4948495912823279,0.041581217385130535,0.6137276158693564,0.31078439074130043,0.5585480413107045,0.5139142799584081,0.35256603405694,0.5074100481379198,0.7985306047168532,0.8234553170863176,0.2870171136398398,0.05175802788948225,0.46892450387720913,0.4856462716260817,0.11670963128238657,0.39916789131785824,0.062263044115406264,0.0849258687869818
